# r  Cs(r) [pure estimator]
0.05 0.0002988698991008268
0.15000000000000002 0.0003056842870409279
0.25 0.0003116519022412721
0.35000000000000003 0.00031073262401630654
0.45 0.0003007397671940008
0.55 0.0003118716669174432
0.65 0.00030443094317040393
0.75 0.00031230352702209696
0.8500000000000001 0.00030878325072290167
0.9500000000000001 0.000307675683198648
1.05 0.00030494626988924307
1.1500000000000001 0.00030822032476548637
1.25 0.0002954237658928532
1.35 0.0003085500656225994
1.4500000000000002 0.00029874397155001613
1.55 0.0002966691109394057
1.6500000000000001 0.00030877575156120786
1.75 0.0002983572888761454
1.85 0.0003159312637901985
1.9500000000000002 0.0002921855442774522
2.0500000000000003 0.0003053371468997933
2.15 0.00030392529851928495
2.25 0.00029546087237304044
2.35 0.0003024792116503484
2.45 0.00030067988515039914
2.5500000000000003 0.0003007819527243684
2.6500000000000004 0.0003028680152507708
2.75 0.0002929137680641898
2.85 0.00029175766043882106
2.95 0.0002938924051588377
3.0500000000000003 0.0002999453832050991
3.1500000000000004 0.0003085872369183379
3.25 0.00030172210452607116
3.35 0.0003024981976124619
3.45 0.000293296746779906
3.5500000000000003 0.00029140870365479995
3.6500000000000004 0.0002963748001888648
3.75 0.00030294425826668243
3.85 0.00028727805807025246
3.95 0.00030340123204453925
4.05 0.0003008221480179302
4.15 0.000304773444091958
4.25 0.0003070029620576231
4.3500000000000005 0.0002980811962236574
4.45 0.0002938827381551206
4.55 0.00030986005693884336
4.65 0.0002934763791665836
4.75 0.0003041739867524347
4.8500000000000005 0.0002958819106394181
4.95 0.0003018541851766431
5.050000000000001 0.00030149248654150277
5.15 0.0003046909316665466
5.25 0.0002913871897394184
5.3500000000000005 0.0002973938528850615
5.45 0.0003160519207507408
5.550000000000001 0.0003079743177513933
5.65 0.0002810015447392348
5.75 0.00029085073813084957
5.8500000000000005 0.0002886101247514988
5.95 0.0002825331878040437
6.050000000000001 0.0003098200529177965
6.15 0.00029741377390835944
6.25 0.00030049823130682006
6.3500000000000005 0.00030491025152290996
6.45 0.0002973603371901607
6.550000000000001 0.0002968513041914412
6.65 0.00028245918399855065
6.75 0.00030153146089814155
6.8500000000000005 0.0003017843571118176
6.95 0.00029356363716674904
7.050000000000001 0.0003079050169374915
7.15 0.0003059079661359457
7.25 0.0002841110626915691
7.3500000000000005 0.00029694631041361563
7.45 0.00029745905118276254
7.550000000000001 0.00030405292633697834
7.65 0.00029623200336191866
7.75 0.0002975862411518678
7.8500000000000005 0.0003067160852632759
7.95 0.00029490316106849676
8.05 0.00030803040897969586
8.15 0.00030989966541163485
8.25 0.0002982157493930313
8.35 0.0002945831679643589
8.450000000000001 0.00028806952378184164
8.55 0.00028674287793040376
8.65 0.0003050175850274899
8.75 0.00029711136408802944
8.85 0.00030540655087904744
8.950000000000001 0.00027966660891237476
9.05 0.0002921330151542919
9.15 0.0002974991343639909
9.25 0.00029522082981533966
9.35 0.0003055127055714758
9.450000000000001 0.00030462425785850574
9.55 0.0003022770852058415
9.65 0.0002999647693436052
9.75 0.0002933042472652961
9.850000000000001 0.00030350122460069944
9.950000000000001 0.00031486848358278644
