# k values and corresponding S(k) [pure estimator]
0.0 6.511544439539201
0.3141592653589793 0.9517171282374648
0.6283185307179586 0.9752273698605478
0.9424777960769379 0.9682411736964418
1.2566370614359172 0.9785149477267954
1.5707963267948966 0.9735982104827021
1.8849555921538759 0.9670168223843238
2.199114857512855 0.9533450488289839
2.5132741228718345 0.9850516432283164
2.827433388230814 0.9613484915634417
3.141592653589793 0.9830242999517336
3.4557519189487724 0.9618460514904024
3.7699111843077517 0.9747764659723561
4.084070449666731 0.966821155407185
4.39822971502571 0.9650377896664003
4.71238898038469 0.9709145062453097
5.026548245743669 0.9593503145138093
5.340707511102648 0.9604685759792353
5.654866776461628 0.9736239850948596
5.969026041820607 0.9832996401102522
6.283185307179586 0.978482799441855
6.5973445725385655 0.9506867339218944
6.911503837897545 0.9748981811520923
7.225663103256524 0.9821736473389032
7.5398223686155035 0.9587911162153138
7.853981633974483 0.990370039920726
8.168140899333462 0.9780532026044428
8.482300164692441 0.9525353643234044
8.79645943005142 0.9620168267934266
9.1106186954104 0.9748998594445282
9.42477796076938 0.9801021171157053
9.738937226128359 0.956142594933451
10.053096491487338 1.0005748349681085
10.367255756846317 0.9604044677155563
10.681415022205297 0.9760749809055211
10.995574287564276 0.9561695774044542
11.309733552923255 0.9664003404291327
11.623892818282235 0.9759158094140662
11.938052083641214 0.9631212501277779
12.252211349000193 0.974208879274558
12.566370614359172 0.9715599546625403
12.880529879718152 0.9651246137314798
13.194689145077131 0.9565127665381431
13.50884841043611 0.9732339323621017
13.82300767579509 0.9758938444099543
14.137166941154069 0.9639625427382565
14.451326206513048 0.9626297043162076
14.765485471872028 0.9629316188453416
15.079644737231007 0.9873114257036927
15.393804002589986 0.9615549527976219
15.707963267948966 0.960745471852552
16.022122533307943 0.9759233617411216
16.336281798666924 0.9613710808208361
16.650441064025905 0.9789473928714176
16.964600329384883 0.9731760299337607
17.27875959474386 0.9680289726556531
17.59291886010284 0.9771670012565086
17.907078125461823 0.9658824302529125
18.2212373908208 0.9740817058863998
18.535396656179778 0.9873315847635286
18.84955592153876 0.9719146963622276
19.16371518689774 0.9655956079713156
19.477874452256717 0.9797256267506184
19.792033717615695 0.9651733881667556
20.106192982974676 0.9643317337243297
20.420352248333657 0.9728918819161986
20.734511513692635 0.9856859080792332
21.048670779051612 0.9754679550643085
21.362830044410593 0.9701054122397964
21.676989309769574 0.9706947457281316
21.991148575128552 0.9802843253606981
22.30530784048753 0.970938947862423
22.61946710584651 0.9570126197445925
22.93362637120549 0.9673224370887209
23.24778563656447 0.9753425734707439
