# k  S_s(k)
0.0 0.0
0.12566370614359174 0.4499273242136587
0.25132741228718347 1.6013430124791888
0.3769911184307752 0.4854332572000348
0.5026548245743669 0.589432080470066
0.6283185307179586 1.347111290426223
0.7539822368615504 1.064001588165885
0.8796459430051422 1.282528354035614
1.0053096491487339 1.3617204183612461
1.1309733552923256 0.909285593299389
1.2566370614359172 1.9858629323339108
1.3823007675795091 1.0269343219251774
1.5079644737231008 1.156658755260018
1.6336281798666925 1.3049285415277356
1.7592918860102844 0.8806711972639839
1.884955592153876 1.2273866163555571
2.0106192982974678 0.9500501382094046
2.1362830044410597 0.904213353135279
2.261946710584651 0.8032169244750438
2.387610416728243 1.1818830050353182
2.5132741228718345 1.063380714364911
2.6389378290154264 0.9829604163293524
2.7646015351590183 0.9739580784816932
2.8902652413026098 0.8827735195034374
3.0159289474462017 1.0853150602012267
3.1415926535897936 0.9674933959788085
3.267256359733385 0.9866606538981685
3.392920065876977 0.9521224238639787
3.518583772020569 0.8299706410034351
3.6442474781641603 0.9597849007521101
3.769911184307752 0.8418888009245123
3.8955748904513436 1.1038590880905879
4.0212385965949355 1.008687365033054
4.1469023027385274 1.2397833624218646
4.272566008882119 1.053595650010113
4.39822971502571 1.0445275407309045
4.523893421169302 1.0792007178412226
4.649557127312894 0.9400235040391348
4.775220833456486 1.0166740570103092
4.900884539600078 1.1395595254981161
5.026548245743669 0.8646814136720309
5.152211951887261 0.9675502761381357
5.277875658030853 0.9455881459192519
5.403539364174445 1.1301278480378278
5.529203070318037 1.028546546504789
5.6548667764616285 0.9611461335192805
5.7805304826052195 0.934756339900713
5.906194188748811 1.0377113201330825
6.031857894892403 1.039721841585023
6.157521601035995 1.10367243027771
6.283185307179587 1.0253725202299486
6.408849013323178 1.1281541411772809
6.53451271946677 0.8872903322471132
6.660176425610362 1.0513983464101593
6.785840131753954 0.890917020288
6.911503837897546 0.9436064710329052
7.037167544041138 0.9588594753448507
7.162831250184729 0.9876072818261371
7.288494956328321 1.0528827722764622
7.4141586624719125 0.9989236995532775
7.539822368615504 1.0045722295475314
7.665486074759096 1.160398364874077
7.791149780902687 1.0650620167327345
7.916813487046279 1.0756558575654882
8.042477193189871 1.0705592297129494
8.168140899333462 1.088322057784951
8.293804605477055 0.9337673886650364
8.419468311620646 1.0180041658913623
8.545132017764239 0.9666552551679527
8.67079572390783 0.9326258233448907
8.79645943005142 0.9849137285639432
8.922123136195014 0.9767769231668866
9.047786842338605 0.9533386388618313
9.173450548482197 1.0016757758820867
9.299114254625788 0.9961507030095937
9.42477796076938 1.0382366107932952
9.550441666912972 0.9671140834652701
9.676105373056563 1.0124992743030419
9.801769079200156 1.019342617023586
9.927432785343747 0.9554170371010956
10.053096491487338 0.9868795547861714
10.17876019763093 0.931307157718965
10.304423903774522 1.0403475424221764
10.430087609918115 1.0184592193127304
10.555751316061706 0.9471469691206491
10.681415022205298 1.022764188766483
10.80707872834889 1.1718722784118563
10.93274243449248 0.9939084091427386
11.058406140636073 0.9290123307864703
11.184069846779664 1.0799753458490429
11.309733552923257 0.9401753289958641
11.435397259066848 1.0610640628322785
11.561060965210439 0.9526670583900464
11.686724671354032 1.0342340871953126
11.812388377497623 1.0763906161723495
11.938052083641216 1.0086814564910245
12.063715789784807 1.0210821567018826
12.189379495928398 1.0154254639889888
12.31504320207199 1.1426736369845107
12.440706908215581 0.9601540202488146
