# r  Cs(r) [pure estimator]
0.225 1.5582542316792294e-5
0.675 1.300219967528333e-5
1.125 1.5160583088147114e-5
1.575 1.1561348154163454e-5
2.025 1.1085742216231715e-5
2.475 1.3459853067281227e-5
2.9250000000000003 1.2842530587533343e-5
3.375 1.0594264828609853e-5
3.825 8.688509613188507e-6
4.275 1.0241336761145056e-5
4.7250000000000005 7.317631353259868e-6
5.175 9.734031461040362e-6
5.625 6.994711955605098e-6
6.075 1.1980345192806431e-5
6.525 8.17296831755777e-6
6.9750000000000005 9.556950957848528e-6
7.425 7.338790817803172e-6
7.875 9.249318530295013e-6
8.325000000000001 7.175186892880055e-6
8.775 9.714280729989987e-6
9.225 8.804695394993254e-6
9.675 8.486906332250127e-6
10.125 5.948207365136299e-6
10.575000000000001 5.535039603059134e-6
11.025 5.949473251177252e-6
11.475 6.661967062460445e-6
11.925 6.333449201039535e-6
12.375 6.420199297083963e-6
12.825000000000001 7.56902226132094e-6
13.275 6.9016511989411965e-6
13.725 5.516382980057451e-6
14.175 4.301920037072777e-6
14.625 3.871370779031374e-6
15.075000000000001 3.264469728487167e-6
15.525 5.764322742840968e-6
15.975 4.468223535062115e-6
16.425 2.9574424774147692e-6
16.875 2.646213037282716e-6
17.325 3.6392590252071846e-6
17.775000000000002 3.1472921195695626e-6
18.225 6.940724079485017e-6
18.675 4.083699935814178e-6
19.125 1.8196527380146981e-6
19.575 5.668191197904399e-6
20.025000000000002 2.74445047931666e-6
20.475 2.765655096013988e-6
20.925 3.3071255408738703e-6
21.375 3.790848622221811e-6
21.825 1.769419402884192e-6
22.275000000000002 1.6560349885942114e-6
22.725 4.761723412701202e-6
23.175 3.680341591164773e-6
23.625 3.886725171343772e-6
24.075 2.8517729336897863e-6
24.525000000000002 2.5556497303499723e-6
24.975 3.2783096895280877e-6
25.425 1.629844330818484e-6
25.875 4.5885252373841914e-6
26.325 1.5020081099117849e-6
26.775000000000002 4.88496828322618e-6
27.225 2.2321178922535325e-6
27.675 2.0081924559796833e-6
28.125 9.58468266009237e-7
28.575 2.3893020439781605e-6
29.025000000000002 1.7178949172655e-6
29.475 1.4105447941553183e-6
29.925 1.784874789988397e-6
30.375 2.7631664543323712e-6
30.825 5.124127064080075e-7
31.275000000000002 3.541975717492205e-6
31.725 5.514479553397048e-6
32.175000000000004 -1.8767356999624539e-6
32.625 2.266662977144893e-6
33.075 3.4078153577448433e-7
33.525 3.3668427996241684e-6
33.975 1.6534233040132063e-6
34.425000000000004 3.410079399445746e-7
34.875 2.0067106598760748e-6
35.325 2.923982276868266e-6
35.775 3.077327656871384e-6
36.225 3.5220995030099714e-6
36.675000000000004 3.999725744402472e-6
37.125 4.6399074884441945e-7
37.575 3.897492719871353e-6
38.025 7.468039538761249e-7
38.475 -7.17079545228504e-7
38.925000000000004 5.468153419207288e-7
39.375 3.5063247368290887e-6
39.825 4.034852263595843e-6
40.275 3.01615909328561e-6
40.725 2.371618058312666e-6
41.175000000000004 1.2849827325689487e-6
41.625 8.223056476581639e-7
42.075 -1.29100456950574e-6
42.525 5.27918818388083e-6
42.975 1.31773627901418e-6
43.425000000000004 3.816444247092866e-6
43.875 -9.234071073290669e-7
44.325 2.40907677734537e-6
44.775 3.6050214966851385e-6
