# block  <P^4>
1 0.0
2 0.0005465203475080004
3 0.0005506484987044668
4 0.000469962261850323
5 0.0009294864866881302
6 0.0006364544429202836
7 0.0004728937661941754
8 0.0007485034598384385
9 0.001015996829751557
10 0.0009580226205740633
11 0.0004972900472488915
12 0.000625680231671996
13 0.0007414894071025723
14 0.0004400853528425569
15 0.00043490126505105686
16 0.000522331108062794
17 0.0006613235787227569
18 0.0006006140788033756
19 0.0003831513488797423
20 0.0017288474317939278
21 0.0009118268410449503
22 0.001153586691401047
23 0.0009460970975374174
24 0.0006395610425240039
25 0.000590787258039931
26 0.0007524878109240266
27 0.0003957421124828494
28 0.0006759734985899223
29 0.00047083749428440506
30 0.0015693768632830366
31 0.0011413123609205808
32 0.0004289907026367926
33 0.0005576574302697739
34 0.0001992832799878076
35 0.0020439142813595533
36 0.0010363773814967175
37 0.0008769680231672017
38 0.0008610270385611906
39 0.0011721861911293966
40 0.0009208381649138839
41 0.0005527497346427386
42 0.0004898492303002593
43 0.0004053667428745576
44 0.0005784064624295072
45 0.0006119923182441659
46 0.0009243293400396245
47 0.0003702420972412721
48 0.0005888195092211545
49 0.0006569013260173779
50 0.0008444259106843399
51 0.0004371140984605947
52 0.0011337452217649682
53 0.0006486030787989587
54 0.000968595518975766
55 0.0007245058984910846
56 0.00048799390336838665
57 0.0009408921810699556
58 0.0005351274500838245
59 0.0006541467240750875
60 0.0009945132447190038
61 0.0005726657002986846
62 0.00046231708581008664
63 0.0008392510897729009
64 0.0005075150739216556
65 0.0005646218082127239
66 0.001199450083828676
67 0.00036448760859624874
68 0.000765919829294314
69 0.0009665565614997689
70 0.0008703907331199458
71 0.0007202648376771811
72 0.0010047412284712677
73 0.0004313049839963414
74 0.001233749977137628
75 0.0008935435451912817
76 0.000434508457553723
77 0.0007985240182771086
78 0.0005161401005944216
79 0.0007668650510592904
80 0.0010601315653101574
81 0.0003495706142356316
82 0.0004315576284103024
83 0.0004308965096784008
84 0.0005700331047096441
85 0.0005957660112787681
86 0.0004915523853071162
87 0.0007927445206523348
88 0.0007211639689071709
89 0.000710975413856073
90 0.0006592843773814923
91 0.0007456399939033688
92 0.000662989666209416
93 0.000592123639689064
94 0.0004995116598079523
95 0.0004835465325407705
96 0.00046010522786160425
97 0.0005079250114311807
98 0.0008775250114311844
99 0.0006531084895595178
100 0.0013805427221460153
101 0.0005359939252943356
102 0.0012228070111263542
103 0.000595469714982469
104 0.0017198932754488336
105 0.0005267114159426914
106 0.0006211975003810354
107 0.0004573064452960816
108 0.0011270847736625541
109 0.0005911732967535413
110 0.0006536709746586259
111 0.000861968411751103
112 0.001023458131382408
113 0.0007334064929126618
114 0.0005885516060184527
115 0.0004858042371589647
116 0.00023319152568206195
117 0.0007413980052297329
118 0.0006236234720317018
119 0.0009957008992531652
120 0.001283784954566842
121 0.0009574230757506457
122 0.0004478201877378805
123 0.0003023270842859284
124 0.0008438119341869189
125 0.0004435641176381897
126 0.0005723890870294134
127 0.0009983802469135813
128 0.0007866344764517647
129 0.0004411210486206366
130 0.0005825446615570068
131 0.0004888732815119642
132 0.0004475736426353667
133 0.0003312988794470269
134 0.0006660845602804398
135 0.0005341022405121154
136 0.0005805649138850778
137 0.000507383386678855
138 0.0009220443429556036
139 0.0008680813290656853
140 0.0008323606767261055
141 0.0004513100677709704
142 0.000448934979423866
143 0.0011084946806889187
144 0.0006785985063252525
145 0.0010475766499009284
146 0.0006949984453589366
147 0.0004890466697149773
148 0.0005426489864349916
149 0.00042395732357872385
150 0.0004570995884773643
151 0.0010844109190794285
152 0.0010076093278463699
153 0.0010523412894375835
154 0.0007502944063404956
155 0.0006501830818472801
156 0.0008762646589807075
157 0.000283842828837067
158 0.0006831024538942208
159 0.0005268413961286353
160 0.0006871703703703703
161 0.0005112786465477794
162 0.0009135319615912177
163 0.0008020255921490457
164 0.0010574300259106797
165 0.0006786431336686473
166 0.0005072377971631084
167 0.0017211540174503115
168 0.0006522903215973149
169 0.0007909126047858537
170 0.0006326228318853811
171 0.0003046035665294937
172 0.0006936532845602793
173 0.00039347343392775124
174 0.0008932277396738249
175 0.0004112187776253602
176 0.00074094168571864
177 0.0007815218411827427
178 0.0014127065996037205
179 0.0005278195397043119
180 0.002355700617550961
181 0.0004614208809632687
182 0.0008316354763542662
183 0.0006986708123761602
184 0.0008060200579180002
185 0.0007532856576741349
186 0.000817690961743633
187 0.0008968942539246984
188 0.0004692728547477515
189 0.0006149238225880195
190 0.0005751472031702447
191 0.000784699405578414
192 0.0006973184718040699
193 0.0006627884773662508
194 0.001056611614083215
195 0.0008970981252857795
196 0.0009958835543362277
197 0.0006417264491338518
198 0.000871192318244167
199 0.0011285918443973589
200 0.0008583113549763743
201 0.0006575740369978979
202 0.0005446982829698819
203 0.0004350405272215989
204 0.0007044272519432993
205 0.0008181333333333328
206 0.0008657970431336705
207 0.0004887072092668748
208 0.0007534129553421724
