# block  <P>
1 0.0
2 -0.01771111111111108
3 0.011577777777777774
4 -0.012333333333333304
5 -0.03909423909423903
6 -0.01224444444444444
7 -0.008666666666666665
8 -0.001822222222222248
9 0.007288888888888922
10 0.015984015984015998
11 -0.014844444444444424
12 -0.049377777777777736
13 0.01457777777777779
14 0.0022444444444444144
15 0.024066666666666615
16 -0.012133333333333326
17 -0.019022222222222218
18 0.0021756021756021903
19 0.030711111111111033
20 0.02757777777777773
21 -0.014230214230214243
22 0.015304193081970837
23 0.016894216894216888
24 -0.008044444444444415
25 -0.006333333333333316
26 0.02273282273282274
27 0.039288888888888686
28 0.00013360053440216962
29 -0.02048888888888884
30 0.00382222222222219
31 0.026800000000000008
32 -0.01004444444444443
33 -0.0032888888888888794
34 0.0312888888888888
35 -0.0043111111111111275
36 -0.03815555555555554
37 -0.03562222222222234
38 0.0026444444444443985
39 0.01315555555555557
40 0.013955555555555523
41 0.018159618159618113
42 0.015111111111111082
43 -0.013622222222222207
44 0.04911111111111161
45 0.003711111111111129
46 -0.002933333333333327
47 0.032399999999999915
48 0.020977777777777706
49 -0.011866666666666649
50 0.013644444444444431
51 0.016688888888888857
52 0.042755555555555574
53 0.01755555555555554
54 0.005311111111111124
55 -0.03997777777777755
56 0.04200000000000002
57 -0.029199999999999962
58 -0.002822222222222225
59 0.029318207095984847
60 0.01443001443001442
61 -0.006473139806473122
62 -0.0028666666666666506
63 0.020844444444444422
64 0.008377777777777725
65 -0.0010454899343788299
66 -0.003888888888888884
67 -0.0008666666666666569
68 0.011200000000000031
69 -0.01208888888888889
70 -0.016755555555555527
71 0.007866666666666671
72 -0.004333333333333315
73 -0.021066666666666723
74 0.003288888888888878
75 0.012644444444444456
76 0.0009768009768009634
77 0.0011988011988012246
78 0.0035333333333333284
79 -0.0020444444444444577
80 0.02404444444444441
81 0.02319999999999995
82 -0.014577777777777754
83 -0.0017555555555555553
84 -0.0018666666666666805
85 0.023266666666666606
86 0.005777777777777794
87 0.016266666666666627
88 0.013177777777777733
89 0.017782217782217804
90 -0.003466666666666628
91 0.015911111111111067
92 0.009288888888888921
93 -0.004688888888888881
94 0.004977777777777732
95 0.006688888888888895
96 -0.015977777777777747
97 0.003422222222222184
98 0.020555555555555535
99 -0.010777777777777772
100 -0.023199999999999932
101 -0.045376845376845554
102 0.023533333333333288
103 0.005333333333333305
104 -0.00581640581640583
105 -0.019244444444444397
106 0.0035111111111111163
107 0.010655099543988364
108 -0.011777777777777783
109 -0.018799999999999994
110 -0.016339216339216336
111 0.007080828323313319
112 0.02057777777777777
113 0.02864444444444446
114 0.0028028028028027974
115 0.006200000000000016
116 0.012199999999999982
117 0.024179735290846396
118 0.020799999999999954
119 0.0036000000000000272
120 0.02026862026862025
121 -0.009444444444444373
122 -0.017604617604617564
123 -0.01933333333333331
124 -0.016388332219995548
125 -0.043667443667443726
126 -0.024911111111111033
127 -0.01313333333333334
128 -0.022377777777777722
129 -0.01675555555555554
130 -0.010567210567210564
131 0.03311111111111105
132 0.0053946053946053885
133 0.010456210456210435
134 -0.014377777777777769
135 -0.010333333333333297
136 -0.0007777777777777837
137 -0.001711111111111117
138 -0.008338877799955676
139 0.03093333333333326
140 0.014288888888888933
141 -0.008569208569208562
142 0.009599999999999997
143 -0.0014888888888889115
144 -0.006444444444444449
145 -0.02068888888888887
146 0.008222222222222221
147 0.0003333333333333262
148 0.020977777777777738
149 -0.01742222222222219
150 -0.015777777777777762
151 0.0038521487419283114
152 0.00022222222222218401
153 -0.030911111111111177
154 -0.016799999999999995
155 0.036599999999999994
156 0.004395604395604413
157 0.0019333333333333342
158 -0.032999999999999946
159 0.005977777777777794
160 0.03306666666666669
161 0.007688888888888892
162 0.01831111111111104
163 0.03127983127983126
164 4.4444444444472304e-5
165 -0.006644444444444428
166 0.010632855077299495
167 -0.007081807081807116
168 0.004133333333333293
169 0.016355555555555523
170 -0.030333333333333275
171 -0.005533333333333328
172 0.0011555555555555507
173 0.0004666666666666875
174 0.03488888888888884
175 0.01911111111111107
176 0.005155555555555568
177 0.013111111111111079
178 -0.03520000000000005
179 -0.00808888888888886
180 -0.03365587810032259
181 0.03297777777777777
182 0.019019019019018986
183 -0.020333333333333283
184 -0.03213333333333322
185 -0.025377777777777753
186 -0.019511111111111062
187 0.04348888888888898
188 -0.005955555555555533
189 -0.019022222222222183
190 -0.00037777777777777565
191 0.005866666666666686
192 -0.026218226218226174
193 0.0019333333333333212
194 -0.01697777777777778
195 0.007533333333333329
196 -0.010600000000000017
197 -0.02208902208902203
198 0.008599999999999936
199 -0.013346680013346688
200 -0.01962222222222219
201 -0.03540903540903539
202 -0.01436341436341434
203 -0.0009324009324008947
204 -0.018266666666666646
205 -0.008844444444444438
206 0.019577777777777795
207 0.005711111111111114
208 0.019999999999999955
