# k  S_s(k)
0.0 0.0
0.12566370614359174 0.5473769328112085
0.25132741228718347 1.4551935890668959
0.3769911184307752 0.7166671575112368
0.5026548245743669 0.5882629147431052
0.6283185307179586 1.698021050386322
0.7539822368615504 0.7261617901833198
0.8796459430051422 0.9101087545528146
1.0053096491487339 1.3370982240876543
1.1309733552923256 1.6973597477587126
1.2566370614359172 2.1049838735583406
1.3823007675795091 0.8167986389919197
1.5079644737231008 1.2969315722813286
1.6336281798666925 0.8922779325168035
1.7592918860102844 1.1630838269700852
1.884955592153876 0.9833373172381379
2.0106192982974678 1.2939165635698748
2.1362830044410597 0.8621109593876474
2.261946710584651 0.829785974715934
2.387610416728243 0.9938964808285766
2.5132741228718345 1.1114585811111042
2.6389378290154264 0.9154612348417386
2.7646015351590183 0.9585843212021574
2.8902652413026098 0.9301288750610904
3.0159289474462017 1.0376878720711056
3.1415926535897936 1.1285141854365128
3.267256359733385 0.9218348790662824
3.392920065876977 1.0142664863679194
3.518583772020569 1.1115627036448736
3.6442474781641603 0.8483141224784628
3.769911184307752 1.0702819851599368
3.8955748904513436 0.9732374563059292
4.0212385965949355 1.0204863962405046
4.1469023027385274 0.9418780266664072
4.272566008882119 0.8934580356440877
4.39822971502571 1.0974124245784473
4.523893421169302 0.7963140826552682
4.649557127312894 0.8375916265245943
4.775220833456486 1.1304979890903173
4.900884539600078 0.8938607430133679
5.026548245743669 0.9390928572423917
5.152211951887261 0.9502670502179525
5.277875658030853 1.1262973576030517
5.403539364174445 1.096630141252883
5.529203070318037 1.0682759052732738
5.6548667764616285 0.8790896048626401
5.7805304826052195 0.8569869143720903
5.906194188748811 1.10285358447995
6.031857894892403 1.0648876524312083
6.157521601035995 0.9228863467997352
6.283185307179587 0.8929695551912755
6.408849013323178 0.9246399173990989
6.53451271946677 1.0626506140164023
6.660176425610362 1.1216612156530106
6.785840131753954 0.9493905928699503
6.911503837897546 1.0211298402425275
7.037167544041138 1.0481501083199203
7.162831250184729 1.0508856598788028
7.288494956328321 1.005460035450513
7.4141586624719125 0.8793427484928715
7.539822368615504 0.9408035948976733
7.665486074759096 1.0037660095443361
7.791149780902687 1.0115603564490598
7.916813487046279 1.1036179476909354
8.042477193189871 1.009188635620418
8.168140899333462 1.0077660352595281
8.293804605477055 0.8851722821626405
8.419468311620646 1.1892092657165045
8.545132017764239 0.9180112349927647
8.67079572390783 0.888076990343939
8.79645943005142 0.9526524427872949
8.922123136195014 0.9732926704323565
9.047786842338605 1.0072316726443558
9.173450548482197 0.982096777609826
9.299114254625788 1.0094293040711912
9.42477796076938 1.0183805198117841
9.550441666912972 1.084730167239104
9.676105373056563 0.9506180624238888
9.801769079200156 1.0380851256964159
9.927432785343747 1.0682203789883618
10.053096491487338 1.0361399929858888
10.17876019763093 0.926436825516818
10.304423903774522 1.0680830697680244
10.430087609918115 0.9512354627235049
10.555751316061706 0.9764328986406782
10.681415022205298 1.0057439228858227
10.80707872834889 1.084292093997664
10.93274243449248 1.0794276631148094
11.058406140636073 0.9669980318424147
11.184069846779664 1.0517526258015126
11.309733552923257 1.0170110704736866
11.435397259066848 0.9605807068202287
11.561060965210439 1.0265029388336464
11.686724671354032 1.014838001402535
11.812388377497623 1.090666074656367
11.938052083641216 0.9235356260262452
12.063715789784807 0.9418953292567781
12.189379495928398 0.9446878871385259
12.31504320207199 1.0002166201682072
12.440706908215581 1.061139726227893
