block_size         error    difference      rel_diff
-------------------------------------------------------
       2  2.923388e-08  1.207404e-08  4.130153e-01
       4  4.130792e-08  1.702134e-08  4.120598e-01
       8  5.832926e-08  2.392328e-08  4.101421e-01
      16  8.225254e-08  3.342523e-08  4.063732e-01
      32  1.156778e-07  4.619492e-08  3.993414e-01
      64  1.618727e-07  6.255569e-08  3.864499e-01
     128  2.244284e-07  8.176444e-08  3.643231e-01
     256  3.061928e-07  9.913490e-08  3.237662e-01
     512  4.053277e-07  1.071064e-07  2.642464e-01
    1024  5.124341e-07  9.904502e-08  1.932834e-01
    2048  6.114791e-07  7.671217e-08  1.254534e-01
    4096  6.881913e-07  5.740670e-08  8.341678e-02
    8192  7.455980e-07  3.667416e-08  4.918757e-02
   16384  7.822722e-07  6.789324e-08  8.678979e-02
   32768  8.501654e-07  -3.005725e-08  3.535459e-02
   65536  8.201082e-07  2.970715e-09  3.622345e-03
  131072  8.230789e-07           ---           ---
