# k values and corresponding S(k) [pure estimator]
0.0 0.7752639215043599
0.20943951023931953 0.9752921204992127
0.41887902047863906 0.9827719069709018
0.6283185307179586 0.9835990412975727
0.8377580409572781 0.9855607648360613
1.0471975511965976 0.9809943302506648
1.2566370614359172 0.9842845641475486
1.4660765716752366 0.9857431543103121
1.6755160819145563 0.977241785418555
1.8849555921538759 0.9778396919202672
2.0943951023931953 0.9828338175782605
2.3038346126325147 0.9895142329362147
2.5132741228718345 0.9928168920698933
2.722713633111154 0.9829854468600863
2.9321531433504733 0.9798295568653862
3.141592653589793 0.9874600974395988
3.3510321638291125 0.9804467406044511
3.560471674068432 0.9811356313000001
3.7699111843077517 0.9809375432887141
3.979350694547071 0.996325146087111
4.1887902047863905 0.9827106025003355
4.39822971502571 0.9909990712335978
4.607669225265029 0.9920248719380899
4.817108735504349 0.9794285480272612
5.026548245743669 0.9834780333008929
5.235987755982988 0.9874605501504595
5.445427266222308 0.9854705981976124
5.654866776461628 0.9888233818735049
5.864306286700947 0.9845474886378686
6.073745796940266 0.9918489003907897
6.283185307179586 0.9938985422788822
6.492624817418905 0.9828436994106599
6.702064327658225 0.9899037076530449
6.911503837897545 0.9937064677112899
7.120943348136864 0.9863834675896263
7.330382858376184 0.9779972335749497
7.5398223686155035 0.984766406155738
7.749261878854822 0.9937489945815199
7.958701389094142 0.9855896762434413
8.168140899333462 0.9815107217718392
8.377580409572781 0.9850513680242299
8.5870199198121 0.984342280506984
8.79645943005142 0.9927447243917895
9.00589894029074 0.9817639490008648
9.215338450530059 0.9892010916436591
9.42477796076938 0.978929705210945
9.634217471008698 0.9824786895922215
9.843656981248017 0.9792349919436267
10.053096491487338 0.997798688556011
10.262536001726657 0.9872905212054016
10.471975511965976 0.9808226429099801
10.681415022205297 0.984349757063441
10.890854532444616 0.980609660603514
11.100294042683934 0.9802633974869928
11.309733552923255 0.9825579505323476
11.519173063162574 0.9844102348460932
11.728612573401893 0.9761882512492128
11.938052083641214 0.9887411161633859
12.147491593880533 0.9808214477640484
12.356931104119852 0.9878423198102595
12.566370614359172 0.9875855748849071
12.775810124598491 0.9875631775495377
12.98524963483781 0.9853277319991315
13.194689145077131 0.9825107672091836
13.40412865531645 0.9912282631185545
13.613568165555769 0.9911879774708611
13.82300767579509 0.988553841979668
14.032447186034409 0.9919497905860476
14.241886696273728 0.9850970201296303
14.451326206513048 0.9942158104325509
14.660765716752367 0.980801068267025
14.870205226991686 0.987238095098989
15.079644737231007 0.9849307908971981
15.289084247470326 0.9880207657767789
15.498523757709645 0.9790853724201775
