# r  Cs(r) [pure estimator]
0.025 0.00016125553401508775
0.07500000000000001 0.000184260397280108
0.125 0.00018324649116499686
0.17500000000000002 0.00017365907451202564
0.225 0.00016964504926989985
0.275 0.00017962279034717054
0.325 0.00017437774768911326
0.375 0.0001840650267635116
0.42500000000000004 0.00018022760645158224
0.47500000000000003 0.0001666734360413416
0.525 0.00018344506995802805
0.5750000000000001 0.00018784446960250863
0.625 0.00018063390125606062
0.675 0.00017519650276941447
0.7250000000000001 0.00017787023019396242
0.775 0.00018209325519779923
0.8250000000000001 0.00016839686851887557
0.875 0.00017593598810507782
0.925 0.0001830704550202169
0.9750000000000001 0.00016551612023285074
1.0250000000000001 0.00014619978051378993
1.075 0.0001636808044204874
1.125 0.00018025185064550884
1.175 0.00016196908319360902
1.225 0.0001778902669245456
1.2750000000000001 0.00019824136034956655
1.3250000000000002 0.0001705728542230186
1.375 0.0001477939775340225
1.425 0.00017640241425581637
1.475 0.00015593539685066786
1.5250000000000001 0.00016834845772606367
1.5750000000000002 0.00016288690867666166
1.625 0.00017347273985362916
1.675 0.00017198400738995044
1.725 0.00017345790655840223
1.7750000000000001 0.00017427513805816518
1.8250000000000002 0.00017548666924295002
1.875 0.00017267697132637274
1.925 0.00016991869105134966
1.975 0.0001759046682642941
2.025 0.00015963148883819746
2.075 0.00017034972705612527
2.125 0.00016947774093101372
2.1750000000000003 0.00015909047843876153
2.225 0.00019480726587028206
2.275 0.0001629320481788532
2.325 0.00017128730813192536
2.375 0.0001736285527499738
2.4250000000000003 0.00016384385783042553
2.475 0.00017957627082690209
2.5250000000000004 0.000182102212324637
2.575 0.00016688294067987027
2.625 0.0001810954742348254
2.6750000000000003 0.00017457650739427863
2.725 0.00016318596485817403
2.7750000000000004 0.0001647843918150812
2.825 0.00017885384424040166
2.875 0.0001909128236348797
2.9250000000000003 0.0001802908283806028
2.975 0.00018051521096278139
3.0250000000000004 0.00016551987326355854
3.075 0.00017369064387899895
3.125 0.00018226791754911826
3.1750000000000003 0.00018199645481578215
3.225 0.00016816078907865435
3.2750000000000004 0.00016767976425967134
3.325 0.00017865607838419862
3.375 0.0001816818465294655
3.4250000000000003 0.00017021628485384098
3.475 0.00017114329729455262
3.5250000000000004 0.00018298331655420638
3.575 0.0001682040087517721
3.625 0.00016885208949542067
3.6750000000000003 0.0001734529997597213
3.725 0.00017509804960797967
3.7750000000000004 0.00018730315130265323
3.825 0.00016279939054294852
3.875 0.0001620770006168508
3.9250000000000003 0.00017129792442051103
3.975 0.00015845869357065836
4.025 0.00016855748424168362
4.075 0.00016326236442068897
4.125 0.000174590368564492
4.175 0.00016301521369501462
4.2250000000000005 0.00016180067191486818
4.275 0.00015914549570526565
4.325 0.00018079971214610843
4.375 0.0001629708372601941
4.425 0.00016352703473592728
4.4750000000000005 0.0001854087133280599
4.525 0.00016790375825438802
4.575 0.00016329096913648237
4.625 0.00015866704135563686
4.675 0.0001702048242717426
4.7250000000000005 0.00016365195397411648
4.775 0.00017639964151550984
4.825 0.000158864512962441
4.875 0.00017149967157787237
4.925000000000001 0.00016394122738266193
4.9750000000000005 0.00014265069428972906
