# k values and corresponding S(k) [pure estimator]
0.0 2.4741962668449
0.6283185307179586 0.9764392505083415
1.2566370614359172 0.9629006269209089
1.8849555921538759 0.9882950271225017
2.5132741228718345 0.9758674513680253
3.141592653589793 0.9692874418669617
3.7699111843077517 0.9716767435043591
4.39822971502571 0.9708942846883745
5.026548245743669 0.9651675411453969
5.654866776461628 0.9699281698120763
6.283185307179586 0.9669415517574877
6.911503837897545 0.9767928789291177
7.5398223686155035 0.9647409818526165
8.168140899333462 0.9742522133500967
8.79645943005142 0.9727765639387741
9.42477796076938 0.9728087632883331
10.053096491487338 0.9766972565500301
10.681415022205297 0.9783805728496106
11.309733552923255 0.9714192763554969
11.938052083641214 0.9671176247216233
12.566370614359172 0.9638553917952644
13.194689145077131 0.9709308181026484
13.82300767579509 0.97263096078211
14.451326206513048 0.9762510249207903
15.079644737231007 0.9769610082561305
15.707963267948966 0.9772331844680019
16.336281798666924 0.9661013071323565
16.964600329384883 0.9772441169292773
17.59291886010284 0.9634410188797081
18.2212373908208 0.9697396626993368
18.84955592153876 0.9622160643846902
19.477874452256717 0.9783698310889993
20.106192982974676 0.9773748133498054
20.734511513692635 0.9679799895884004
21.362830044410593 0.9724064919099261
21.991148575128552 0.9739978494434121
22.61946710584651 0.9678482086871418
23.24778563656447 0.9679070998617139
23.876104167282428 0.9714440706863059
24.504422698000386 0.9715774414858576
25.132741228718345 0.9625381089898173
25.761059759436304 0.9803856639647065
26.389378290154262 0.9726729829929955
27.01769682087222 0.9638252928420075
27.64601535159018 0.9681162892406961
28.274333882308138 0.978539820735115
28.902652413026097 0.9713932636042896
29.530970943744055 0.96940670452586
30.159289474462014 0.9705160129635704
30.787608005179973 0.9703555563195723
31.41592653589793 0.9619464769351559
32.044245066615886 0.9753554290277201
32.67256359733385 0.9633819277342658
33.30088212805181 0.9796083957934455
33.929200658769766 0.9770462712061241
34.55751918948772 0.9770609187890528
35.18583772020568 0.9810045210034005
35.814156250923645 0.9695232735235434
36.4424747816416 0.9598789149970613
37.070793312359555 0.9675996076979881
37.69911184307752 0.9656762402918622
38.32743037379548 0.9723009051484486
38.955748904513435 0.9699590271593785
39.58406743523139 0.9778193448392717
40.21238596594935 0.9703706701972673
40.840704496667314 0.9713371392548436
41.46902302738527 0.9598633670074788
42.097341558103224 0.9784605252344342
42.725660088821186 0.9710281974255057
43.35397861953915 0.9750250259706081
43.982297150257104 0.9673053968561954
44.61061568097506 0.9722297036868441
45.23893421169302 0.9739546247826723
45.86725274241098 0.9665797430749898
46.49557127312894 0.9760886967451493
