block_size         error    difference      rel_diff
-------------------------------------------------------
       2  3.011083e-07  1.247180e-07  4.141964e-01
       4  4.258263e-07  1.763706e-07  4.141845e-01
       8  6.021969e-07  2.494056e-07  4.141596e-01
      16  8.516025e-07  3.526586e-07  4.141117e-01
      32  1.204261e-06  4.985927e-07  4.140237e-01
      64  1.702854e-06  7.047441e-07  4.138606e-01
     128  2.407598e-06  9.957380e-07  4.135815e-01
     256  3.403336e-06  1.405960e-06  4.131123e-01
     512  4.809296e-06  1.982514e-06  4.122254e-01
    1024  6.791810e-06  2.789419e-06  4.107034e-01
    2048  9.581229e-06  3.892794e-06  4.062938e-01
    4096  1.347402e-05  5.303432e-06  3.936042e-01
    8192  1.877745e-05  6.880827e-06  3.664409e-01
   16384  2.565828e-05  7.940938e-06  3.094883e-01
   32768  3.359922e-05  7.824796e-06  2.328862e-01
   65536  4.142402e-05  2.516053e-06  6.073899e-02
  131072  4.394007e-05           ---           ---
