# k values and corresponding S(k) [pure estimator]
0.0 9.961255634006168
0.3141592653589793 0.9154758451552687
0.6283185307179586 0.9533979833465736
0.9424777960769379 0.9518006019405038
1.2566370614359172 0.9658958528809826
1.5707963267948966 0.9443559168871942
1.8849555921538759 0.9976961427113216
2.199114857512855 1.0042678311191535
2.5132741228718345 0.9549774992270647
2.827433388230814 0.9878845177733744
3.141592653589793 0.9627241126390296
3.4557519189487724 0.9755326229526988
3.7699111843077517 0.9648367166950487
4.084070449666731 0.9571611398235773
4.39822971502571 0.9955782534595939
4.71238898038469 0.9621612536508413
5.026548245743669 0.9714351649995926
5.340707511102648 1.0111578445026908
5.654866776461628 0.970346657195456
5.969026041820607 0.9601761272768476
6.283185307179586 0.9543547483980761
6.5973445725385655 0.9813178308829377
6.911503837897545 0.9537706721027516
7.225663103256524 0.9728042151767191
7.5398223686155035 0.9561980177249162
7.853981633974483 0.9911837911615694
8.168140899333462 0.9557597646618696
8.482300164692441 0.9819401986255202
8.79645943005142 0.9808487377535487
9.1106186954104 0.9598477111122508
9.42477796076938 0.9691388518180822
9.738937226128359 0.9693989156843071
10.053096491487338 0.9784907735975521
10.367255756846317 0.9564143168742842
10.681415022205297 0.9631745056575299
10.995574287564276 0.9679598760586658
11.309733552923255 0.992644694756554
11.623892818282235 0.9446030060712246
11.938052083641214 0.9762919607344712
12.252211349000193 1.001404716526803
12.566370614359172 0.9784361509919903
12.880529879718152 0.9642597570652343
13.194689145077131 0.9625189196788132
13.50884841043611 0.9791599291912925
13.82300767579509 0.9775018148573202
14.137166941154069 0.9520769982756216
14.451326206513048 0.9776901226827305
14.765485471872028 0.9553727427683724
15.079644737231007 0.9652260561442029
15.393804002589986 0.959814734723927
15.707963267948966 0.9516210134443787
16.022122533307943 0.9923564571341532
16.336281798666924 0.9789585116918487
16.650441064025905 0.9756024322378829
16.964600329384883 0.9673839822370655
17.27875959474386 0.9677720892501473
17.59291886010284 0.9857037052522181
17.907078125461823 0.969086339082874
18.2212373908208 0.9912552855244046
18.535396656179778 0.9735946814043909
18.84955592153876 0.9583207670870139
19.16371518689774 0.9958631283828985
19.477874452256717 0.9761032886761575
19.792033717615695 0.9993262263487901
20.106192982974676 0.9592336380262517
20.420352248333657 0.9745170899573729
20.734511513692635 0.9441462544515014
21.048670779051612 0.9649230244199136
21.362830044410593 0.9789190065864133
21.676989309769574 0.9678089518645849
21.991148575128552 0.969413512758831
22.30530784048753 0.9902462242056236
22.61946710584651 0.9955780627714389
22.93362637120549 0.9714580494936355
23.24778563656447 0.9653459850435945
