# r  Cs(r) [pure estimator]
0.075 0.0005224768882259754
0.22499999999999998 0.0005371163800318381
0.375 0.0005460291659543674
0.525 0.000527994448203643
0.6749999999999999 0.0005201805255287899
0.825 0.0005490593139281544
0.975 0.0005134799541779104
1.125 0.0005369252960322092
1.275 0.0005324499565796069
1.425 0.0005378279627872116
1.575 0.000530533421431986
1.7249999999999999 0.0005290378272253646
1.875 0.0005314941500726874
2.025 0.000541642514340755
2.175 0.000523919884531841
2.3249999999999997 0.0005384982037533403
2.475 0.0005450824226487481
2.625 0.0005327275456505816
2.775 0.0005374890025200479
2.925 0.0005375094847036502
3.0749999999999997 0.0005337863153163642
3.225 0.0005215535529160136
3.375 0.0005191329978982459
3.525 0.0005405104984249502
3.675 0.0005200755795935514
3.8249999999999997 0.0005370392623346799
3.9749999999999996 0.0005160558261232492
4.125 0.0005110088125070771
4.2749999999999995 0.0005083105064601139
4.425 0.000537884373389344
4.575 0.0005387404305892573
4.725 0.0005347534859592966
4.875 0.0005318104274009253
5.0249999999999995 0.0005278041977208865
5.175 0.0005327011584803006
5.325 0.0005368054369076591
5.475 0.0005411722822710634
5.625 0.0005376171458039091
5.7749999999999995 0.0005246441070776806
5.925 0.0005440797746288337
6.075 0.0005177245840968336
6.225 0.0005117688667488754
6.375 0.0005329445972479861
6.5249999999999995 0.0005372238550714908
6.675 0.0005312513510519404
6.825 0.0005289641013576783
6.975 0.0005235262090719601
7.125 0.0005382188644342497
7.2749999999999995 0.0005337864274967626
7.425 0.0005324491506920697
7.574999999999999 0.0005238347023223341
7.725 0.0005267312783499564
7.875 0.0005347387349118165
8.025 0.0005311668107914501
8.174999999999999 0.0005419035530331565
8.325 0.0005009721165934067
8.475 0.0005141213074682411
8.625 0.0005377943818622242
8.775 0.0005390989728459204
8.924999999999999 0.0005253320185246542
9.075 0.0005256896156532556
9.225 0.0005238651794131088
9.375 0.000513340961300052
9.525 0.000522215175107822
9.674999999999999 0.0005386359129790807
9.825 0.0005227903767382702
9.975 0.0005486077146925298
10.125 0.0005272782187598142
10.275 0.0005397252079630627
10.424999999999999 0.0005282137904066143
10.575 0.0005107542633339652
10.725 0.0004999069246951978
10.875 0.0005326149277242051
11.025 0.0005325955403414878
11.174999999999999 0.0005378424731117103
11.325 0.0005080754965358084
11.475 0.0005202587308674438
11.625 0.0005282922857249828
11.775 0.0005205570496073963
11.924999999999999 0.0005269727083323971
12.075 0.0005340022104044386
12.225 0.0005296134618017139
12.375 0.0005277385644068642
12.525 0.0005328551155409753
12.674999999999999 0.0005210259620566693
12.825 0.0005125384980911932
12.975 0.0005267385327250805
13.125 0.0005253833501700994
13.275 0.0005187108383234261
13.424999999999999 0.0005125445816842524
13.575 0.0005317131951603292
13.725 0.0005214618664824814
13.875 0.0005249325187383116
14.025 0.0005292962525657326
14.174999999999999 0.0005219466374453134
14.325 0.0005314708148561952
14.475 0.0005385736209662919
14.625 0.000538936015556275
14.774999999999999 0.0005317506162159272
14.924999999999999 0.0005395031251209104
