# block  <P>
1 0.0
2 0.14526666666666713
3 0.2475049900199619
4 0.5348014681348024
5 0.7026666666666659
6 0.7417999999999925
7 0.6022000000000014
8 0.64741924741925
9 0.8466265865063295
10 0.6289044289044349
11 0.6404666666666702
12 0.6884884884884912
13 0.6472666666666747
14 0.7484000000000056
15 0.7105999999999927
16 0.7504666666666695
17 0.6861804861804943
18 0.7173333333333279
19 0.7608000000000041
20 0.6744000000000032
21 0.6166166166166135
22 0.7334666666666686
23 0.6919999999999963
24 0.6805194805194906
25 0.7757757757757815
26 0.6719280719280779
27 0.8143476810143422
28 0.7864801864801824
29 0.6372000000000042
30 0.6814000000000024
31 0.7339333333333341
32 0.6846179512846199
33 0.6903570236903575
34 0.8615999999999927
35 0.7613999999999906
36 0.7409409409409408
37 0.7817999999999933
38 0.798466666666666
39 0.7215999999999937
40 0.7084915084915027
41 0.684599999999993
42 0.8089999999999872
43 0.8545999999999877
44 0.7044000000000024
45 0.6596596596596622
46 0.7429429429429483
47 0.7018000000000061
48 0.7787333333333425
49 0.7291333333333361
50 0.6050616050616094
51 0.6941724941724877
52 0.6914666666666714
53 0.862199999999994
54 0.6818000000000078
55 0.8093999999999976
56 0.6882450882450913
57 0.6561895228561945
58 0.6640000000000026
59 0.6635999999999989
60 0.7775116433799053
61 0.7387333333333304
62 0.6361999999999974
63 0.7119999999999945
64 0.7564000000000074
65 0.8773333333333356
66 0.7403333333333354
67 0.6701333333333365
68 0.745000000000002
69 0.6922666666666683
70 0.6680666666666735
71 0.7788666666666695
72 0.704029304029306
73 0.673000000000004
74 0.7066666666666713
75 0.7552666666666609
76 0.7521521521521563
77 0.7295999999999936
78 0.6710000000000018
79 0.6706666666666751
80 0.703096903096901
81 0.7464666666666684
82 0.7169999999999913
83 0.8120666666666695
84 0.7694361027694312
85 0.6800666666666685
86 0.7194666666666582
87 0.7428666666666591
88 0.880133333333316
89 0.7768666666666587
90 0.6053946053946109
91 0.7821333333333353
92 0.6864000000000045
93 0.7718666666666613
94 0.6760760760760798
95 0.5962000000000046
96 0.7717999999999996
97 0.7659333333333362
98 0.7605333333333346
99 0.8465999999999843
100 0.7689643689643754
101 0.8453333333333352
102 0.737533333333331
103 0.7119786453119779
104 0.7373999999999995
105 0.6835333333333369
106 0.7480519480519556
107 0.6896666666666641
108 0.7475333333333272
109 0.8585919252585793
110 0.7613999999999959
111 0.7255999999999999
112 0.7651999999999978
113 0.7714666666666677
114 0.745145145145136
115 0.7691542288557156
116 0.8287999999999905
117 0.6695333333333306
118 0.6752666666666647
119 0.6676666666666695
120 0.7680666666666687
121 0.7416666666666627
122 0.7220666666666664
123 0.7431333333333375
124 0.6904000000000047
125 0.8235568902235499
126 0.7123333333333376
127 0.6925333333333334
128 0.583866666666669
129 0.6613386613386671
130 -0.03693333333333248
131 -0.3066666666666685
132 -0.2755244755244747
133 -0.6098666666666694
134 -0.6217999999999984
135 -0.6863333333333382
136 -0.7470136803470045
137 -0.7844000000000001
138 -0.689199999999995
139 -0.901368034701364
140 -0.8282666666666558
141 -0.7024666666666661
142 -0.6705333333333291
143 -0.7776443109776465
144 -0.6677999999999973
145 -0.6434666666666655
146 -0.5976000000000015
147 -0.7399333333333296
148 -0.6679333333333349
149 -0.6621333333333419
150 -0.7711621711621677
151 -0.6662670662670725
152 -0.8987999999999962
153 -0.6880213546880259
154 -0.6530802530802589
155 -0.8273060273060141
156 -0.8055999999999979
157 -0.777666666666663
158 -0.6945333333333327
159 -0.7882549215882594
160 -0.8080666666666596
161 -0.7068666666666668
162 -0.7404000000000062
163 -0.6720000000000083
164 -0.7639027639027727
165 -0.8790542790542766
166 -0.7001333333333308
167 -0.7085333333333371
168 -0.8222666666666625
169 -0.7253333333333278
170 -0.6862000000000075
171 -0.8435999999999934
172 -0.7359359359359453
173 -0.7581333333333361
174 -0.6654678654678671
175 -0.7911244577911273
176 -0.6587333333333366
177 -0.6476190476190512
178 -0.6762666666666681
179 -0.6748666666666646
180 -0.845733333333317
181 -0.7285333333333393
182 -0.7501333333333292
183 -0.7392726059392718
184 -0.759400000000003
185 -0.7656322989656364
186 -0.8863530196863473
187 -0.675408742075405
188 -0.6518000000000026
189 -0.6647313980647341
190 -0.5898000000000052
191 -0.7528390113560469
192 -0.6712666666666709
193 -0.6248248248248276
194 -0.7944055944055862
195 -0.7177333333333353
196 -0.699333333333337
197 -0.6718000000000022
198 -0.7458124791458053
199 -0.6562666666666669
200 -0.6989333333333304
201 -0.7471999999999993
202 -0.749000000000008
203 -0.766399999999993
204 -0.628666666666666
205 -0.7501333333333302
206 -0.7032666666666676
207 -0.6867333333333298
208 -0.7394000000000024
