# r  Cs(r) [pure estimator]
0.2 3.3034136344265566e-6
0.6000000000000001 2.8463945586400998e-6
1.0 3.569148256375095e-6
1.4000000000000001 2.577444318975159e-6
1.8 1.7940851781878803e-6
2.2 1.0978934883750865e-6
2.6 2.745657579876194e-6
3.0 1.934343480666403e-6
3.4000000000000004 1.7962994594719578e-6
3.8000000000000003 1.871838989262877e-6
4.2 4.5520484195869093e-7
4.6000000000000005 2.1216752245968138e-6
5.0 2.9375230438766025e-6
5.4 2.0168935773112033e-6
5.800000000000001 7.097404703143867e-7
6.2 3.4017515752994977e-6
6.6000000000000005 1.8159711409707292e-6
7.0 1.4637045672617933e-6
7.4 5.719474952170945e-7
7.800000000000001 3.330660692268043e-6
8.200000000000001 1.9260253837405763e-6
8.6 6.425974159082924e-7
9.0 2.0717611693879558e-6
9.4 2.3618244774363627e-6
9.8 2.6261058746402737e-7
10.200000000000001 2.563310613673199e-6
10.600000000000001 2.389353356526282e-6
11.0 2.5030676025572293e-6
11.4 2.2726378146960724e-6
11.8 1.4461494110647398e-6
12.200000000000001 1.6817851564895928e-6
12.600000000000001 1.3207959799656377e-6
13.0 1.7059670829044703e-6
13.4 2.427340601411785e-6
13.8 1.47633686790475e-6
14.200000000000001 2.1361564294661335e-6
14.600000000000001 2.5818994433872707e-6
15.0 2.9242391297979813e-7
15.4 6.992819704839332e-7
15.8 2.2405706609440107e-6
16.2 2.650293600865143e-6
16.6 1.7279532753972462e-6
17.0 9.186663680617706e-7
17.400000000000002 3.1260658959925922e-6
17.8 1.2454469154977905e-6
18.2 7.805095251990081e-7
18.6 1.0418652320164892e-6
19.0 1.283411472359689e-6
19.400000000000002 2.507575744958643e-6
19.8 9.254150296869589e-7
20.200000000000003 1.8751896789481e-6
20.6 4.0058974249799706e-6
21.0 2.079753390978338e-6
21.400000000000002 1.6874336827772734e-6
21.8 3.1648055114310174e-7
22.200000000000003 8.179507586407545e-8
22.6 1.7027869191608798e-6
23.0 1.810168088637648e-6
23.400000000000002 2.059604045336204e-6
23.8 9.344049415613833e-7
24.200000000000003 1.4574805010566372e-6
24.6 1.8918055557269196e-6
25.0 5.263244036158859e-7
25.400000000000002 1.6672285112245735e-6
25.8 1.5807578086280114e-6
26.200000000000003 1.1011283214251276e-6
26.6 2.3207427113351016e-6
27.0 9.743491782072368e-7
27.400000000000002 2.252984757780345e-6
27.8 1.2543860192745636e-6
28.200000000000003 1.45459809828342e-6
28.6 1.0534931633677968e-6
29.0 -6.180867819981755e-8
29.400000000000002 1.420899982689834e-6
29.8 1.076471510564008e-6
30.200000000000003 1.8719180158318088e-6
30.6 1.197018742376985e-6
31.0 1.980269997760293e-6
31.400000000000002 1.7941355347343497e-6
31.8 6.009979337547811e-7
32.2 1.5915826249776389e-6
32.6 1.5623060939665298e-6
33.0 1.1569439860001868e-6
33.4 1.7792024581391744e-7
33.800000000000004 2.874971384933728e-6
34.2 1.206170738240892e-6
34.6 1.1091811904841956e-6
35.0 1.3385263878217919e-6
35.4 1.0806184108631574e-6
35.800000000000004 1.144467795010274e-6
36.2 -8.198148590789435e-8
36.6 2.2409675857854298e-6
37.0 6.456584924710821e-7
37.4 1.5588569965563798e-6
37.800000000000004 3.104548401976123e-6
38.2 1.1341203698866893e-6
38.6 3.7766999196979427e-7
39.0 1.3477348747205857e-6
39.400000000000006 1.5653634372680964e-6
39.800000000000004 4.7419264997128856e-7
