# P_value  count
-1.0 0.0
-0.975 0.0
-0.95 0.0
-0.925 0.0
-0.9 0.0
-0.875 0.0
-0.85 0.0
-0.825 0.0
-0.8 0.0
-0.775 0.0
-0.75 0.0
-0.725 0.0
-0.7 0.0
-0.675 0.0
-0.65 0.0
-0.625 0.0
-0.6 0.0
-0.575 0.0
-0.55 0.0
-0.525 0.0
-0.5 0.0
-0.475 11.0
-0.45 6.0
-0.425 18.0
-0.4 120.0
-0.375 112.0
-0.35 365.0
-0.325 339.0
-0.3 609.0
-0.275 1372.0
-0.25 2092.0
-0.225 2885.0
-0.2 4333.0
-0.175 5939.0
-0.15 8317.0
-0.125 10197.0
-0.1 12614.0
-0.075 14041.0
-0.05 15900.0
-0.025 16583.0
0.0 17988.0
0.025 16873.0
0.05 15601.0
0.075 13934.0
0.1 12517.0
0.125 10101.0
0.15 7826.0
0.175 5872.0
0.2 3958.0
0.225 2678.0
0.25 1814.0
0.275 1231.0
0.3 623.0
0.325 422.0
0.35 202.0
0.375 80.0
0.4 51.0
0.425 23.0
0.45 3.0
0.475 3.0
0.5 1.0
0.525 0.0
0.55 0.0
0.575 0.0
0.6 0.0
0.625 0.0
0.65 0.0
0.675 0.0
0.7 0.0
0.725 0.0
0.75 0.0
0.775 0.0
0.8 0.0
0.825 0.0
0.85 0.0
0.875 0.0
0.9 0.0
0.925 0.0
0.95 0.0
0.975 0.0
1.0 0.0
