0.15 0.13335934313429923
0.44999999999999996 0.13874585929320496
0.75 0.09054226185060504
1.05 0.015358692113436986
1.3499999999999999 0.025729165991062567
1.65 0.0760963658636178
1.95 0.09326739961912078
2.25 0.19115747313212852
2.55 0.18024400004950966
2.85 0.17352750927181995
3.15 0.16229538520329864
3.4499999999999997 0.1337895228946273
3.75 0.07424676046636557
4.05 0.027097933445195434
4.35 -0.0015877728581202319
4.6499999999999995 0.0020557275541795666
4.95 -0.013118811881188118
5.25 -0.06960433897178006
5.55 -0.14518700316320177
5.85 -0.10288749286528412
6.1499999999999995 -0.16198472852272408
6.45 -0.1465436897719406
6.75 -0.14748586623000282
7.05 -0.15338289832284094
7.35 -0.15032245553876666
7.6499999999999995 -0.16004571959937233
7.949999999999999 -0.15363117114845667
8.25 -0.17021611088159055
8.549999999999999 -0.18147212030620102
8.85 -0.15456763818806102
9.15 -0.1671169618857261
9.45 -0.16369448153751603
9.75 -0.1389202473870419
10.049999999999999 -0.11248003224698803
10.35 -0.10957729842016882
10.65 -0.11102098408650182
10.95 -0.07403825751245426
11.25 -0.04557731073091025
11.549999999999999 -0.08573549793966934
11.85 -0.054890817202250405
12.15 -0.04352145249510168
12.45 -0.04727028919060155
12.75 0.022200718456183197
13.049999999999999 0.03740900621062316
13.35 -0.01685597400407186
13.65 -0.024559911406423034
13.95 -0.014841202951129428
14.25 0.02217219092235005
14.549999999999999 0.08594987342823542
14.85 0.05584179701979391
15.149999999999999 0.03638838049650382
15.45 0.03565075126464449
15.75 0.02985364000743868
16.05 0.045173778372336236
16.349999999999998 0.01802627320546364
16.65 0.010743066737905036
16.95 0.06771804201728233
17.25 0.06107087809244053
17.55 0.10343875968421769
17.849999999999998 0.0955145380569614
18.15 0.119176075826632
18.45 0.11576072011293013
18.75 0.10977778976807763
19.05 0.13210083157567487
19.349999999999998 0.10890444158765253
19.65 0.06204299075098617
19.95 0.05727197201411216
20.25 0.03137968802544492
20.55 -0.001355830923912735
20.849999999999998 0.0036485983774640868
21.15 0.010371013074076545
21.45 0.04586684055658274
21.75 0.017376307792215367
22.05 -0.042383156546207404
22.349999999999998 -0.06748874382373656
22.65 -0.06016008262328944
22.95 -0.1054693639074862
23.25 -0.09229309050158377
23.55 -0.07681733140729469
23.849999999999998 -0.0671385421122908
24.15 -0.07848650446323968
24.45 -0.1335561524587034
24.75 -0.11539897216349854
25.05 -0.11421036323939501
25.349999999999998 -0.1113218100958232
25.65 -0.08853235690272165
25.95 -0.0777733391228832
26.25 -0.06708346523161338
26.55 -0.07971240080456192
26.849999999999998 -0.04221913333168536
27.15 -0.01701157351178116
27.45 -0.012348075875390026
27.75 -0.013559535326364803
28.05 -0.03409515535820304
28.349999999999998 -0.03244485172052007
28.65 -0.051995282651590397
28.95 -0.01680355718379768
29.25 0.02581321903477732
29.549999999999997 0.07048988988496659
29.849999999999998 0.08437840425491815
