# k  S_n(k)
0.0 80.0
0.07853981633974483 0.6449294326210685
0.15707963267948966 0.5986512859701297
0.23561944901923448 0.31987301743341434
0.3141592653589793 0.3600548741896969
0.39269908169872414 0.1981678560933438
0.47123889803846897 0.4361121882708935
0.5497787143782138 0.43732398613062007
0.6283185307179586 0.22051320347977507
0.7068583470577035 0.5974410827075122
0.7853981633974483 0.31139058719377893
0.8639379797371931 1.8831894344599946
0.9424777960769379 1.8653976348235353
1.0210176124166828 0.8374617525713333
1.0995574287564276 1.4964861906653903
1.1780972450961724 1.8784127172963523
1.2566370614359172 2.028730813150389
1.335176877775662 0.638079639872373
1.413716694115407 0.8467454744855495
1.4922565104551517 2.0202871559310065
1.5707963267948966 0.507366441327383
1.6493361431346414 0.7930907111841009
1.7278759594743862 1.0520650859195082
1.806415775814131 0.883262531326313
1.8849555921538759 0.6621023771213213
1.9634954084936207 1.304140868571503
2.0420352248333655 0.6700513561368421
2.1205750411731104 0.8457602784286484
2.199114857512855 1.0984201249658316
2.2776546738526 0.6586558198908512
2.356194490192345 0.7578500419489975
2.4347343065320897 0.7733032602863487
2.5132741228718345 0.9150678967983841
2.5918139392115793 0.6316485320836949
2.670353755551324 1.1722958870973919
2.748893571891069 0.882824314373677
2.827433388230814 0.8373218246379251
2.9059732045705586 1.0517870778239453
2.9845130209103035 1.1491246226454617
3.0630528372500483 1.0747686804967496
3.141592653589793 1.0349973344516288
3.220132469929538 0.5852898255152678
3.2986722862692828 1.4795299970780065
3.3772121026090276 0.8354313210402847
3.4557519189487724 1.03852692132461
3.5342917352885173 0.8451676945027078
3.612831551628262 0.8774865675173004
3.691371367968007 0.8005698028875998
3.7699111843077517 1.0697957459197711
3.8484510006474966 1.0280080197248926
3.9269908169872414 1.2603484141744872
4.005530633326986 0.8702156843287925
4.084070449666731 0.8899728228381264
4.162610266006476 1.178413768817518
4.241150082346221 1.0983091986849955
4.319689898685965 1.0381981211858196
4.39822971502571 0.8577233069767314
4.476769531365456 1.0830590333984427
4.5553093477052 0.9568613801616517
4.633849164044944 0.9379437701299225
4.71238898038469 1.1070761154232296
4.790928796724435 0.8780257706564748
4.869468613064179 1.0182324767777768
4.948008429403924 1.22431851768032
5.026548245743669 0.9631686011053344
5.105088062083414 0.9289451802982922
5.183627878423159 0.9307470981014299
5.262167694762903 1.027826888326382
5.340707511102648 1.0996041615224277
5.419247327442394 0.8237726205874388
5.497787143782138 0.9175549577690104
5.576326960121882 0.9967680463640817
5.654866776461628 0.8438278328945634
5.733406592801373 0.9163109123263757
5.811946409141117 1.0243178937753352
5.890486225480862 0.8648843686429839
5.969026041820607 1.0675056207768832
6.047565858160352 1.0320241368068575
6.126105674500097 1.0055823461149727
6.204645490839841 1.1369372087036769
6.283185307179586 1.1034663120756751
6.3617251235193315 0.9676960767825438
6.440264939859076 1.082610536120816
6.51880475619882 1.1664672850907607
6.5973445725385655 0.992150912155429
6.675884388878311 0.9642078963303959
6.754424205218055 0.9550922453348357
6.8329640215578 0.9621584746575165
6.911503837897545 0.9423861200785962
6.99004365423729 0.9402529735060394
7.0685834705770345 1.1536493748728884
7.147123286916779 1.1522895408539708
7.225663103256524 0.9124249313373111
7.304202919596269 1.0542361381107535
7.382742735936014 0.8869146868856753
7.461282552275758 0.9912474037817928
7.5398223686155035 1.103254205369394
7.618362184955249 1.0630251478922326
7.696902001294993 1.012100425211209
7.7754418176347375 1.001145920667854
