0.025 0.8871851851851852
0.07500000000000001 0.8936296296296297
0.125 0.8786666666666667
0.17500000000000002 0.9279259259259259
0.225 0.9136296296296297
0.275 0.9540740740740741
0.325 0.8845185185185185
0.375 0.924962962962963
0.42500000000000004 0.904962962962963
0.47500000000000003 0.9481481481481482
0.525 0.9367407407407408
0.5750000000000001 0.9041481481481481
0.625 0.9342962962962963
0.675 0.9543703703703704
0.7250000000000001 0.9493333333333334
0.775 0.965925925925926
0.8250000000000001 0.9871851851851852
0.875 0.9834814814814815
0.925 0.959925925925926
0.9750000000000001 1.0134814814814814
1.0250000000000001 0.9937777777777778
1.075 1.0405185185185186
1.125 0.9912592592592593
1.175 0.9896296296296296
1.225 0.987037037037037
1.2750000000000001 1.0405185185185186
1.3250000000000002 1.043037037037037
1.375 0.9828888888888889
1.425 1.018962962962963
1.475 0.9945925925925926
1.5250000000000001 0.954962962962963
1.5750000000000002 0.9554074074074074
1.625 0.9252592592592592
1.675 0.9697037037037037
1.725 0.8999259259259259
1.7750000000000001 0.9282962962962963
1.8250000000000002 0.9361481481481482
1.875 0.9097037037037037
1.925 0.8767407407407407
1.975 0.9352592592592592
2.025 0.926074074074074
2.075 0.9600740740740741
2.125 0.912
2.1750000000000003 0.956962962962963
2.225 0.9582222222222222
2.275 0.9394074074074074
2.325 0.9455555555555556
2.375 1.0398518518518518
2.4250000000000003 1.0005185185185186
2.475 1.0
2.5250000000000004 1.0434074074074073
2.575 1.0
2.625 1.004
2.6750000000000003 1.042148148148148
2.725 1.063037037037037
2.7750000000000004 0.9904444444444445
2.825 1.0288148148148148
2.875 1.053111111111111
2.9250000000000003 1.0702222222222222
2.975 1.0041481481481482
3.0250000000000004 1.069925925925926
3.075 1.068888888888889
3.125 1.0334074074074073
3.1750000000000003 1.0134814814814814
3.225 1.086962962962963
3.2750000000000004 1.053925925925926
3.325 1.0337037037037038
3.375 1.0409629629629629
3.4250000000000003 1.0622222222222222
3.475 1.074
3.5250000000000004 1.0315555555555556
3.575 1.0182962962962963
3.625 1.0194814814814814
3.6750000000000003 1.0308148148148149
3.725 1.0344444444444445
3.7750000000000004 1.0252592592592593
3.825 1.0331851851851852
3.875 1.0464444444444445
3.9250000000000003 1.008888888888889
3.975 1.0712592592592594
4.025 1.0346666666666666
4.075 1.027925925925926
4.125 1.0294074074074073
4.175 1.0554814814814815
4.2250000000000005 1.0520740740740742
4.275 1.0414814814814815
4.325 1.0303703703703704
4.375 1.0857777777777777
4.425 1.050888888888889
4.4750000000000005 1.0449629629629629
4.525 1.053111111111111
4.575 1.0937777777777777
4.625 1.0418518518518518
4.675 1.0775555555555556
4.7250000000000005 1.0357037037037038
4.775 1.0446666666666666
4.825 1.1065925925925926
4.875 1.0845925925925926
4.925000000000001 1.045925925925926
4.9750000000000005 1.0878518518518518
