0.025 -0.10144443516740419
0.07500000000000001 -0.11720822281167109
0.125 -0.1524194908109931
0.17500000000000002 -0.10209946515526463
0.225 -0.12015566726122913
0.275 -0.1409937888198758
0.325 -0.12921865840381877
0.375 -0.14086650116120766
0.42500000000000004 -0.12973725137104036
0.47500000000000003 -0.12796875
0.525 -0.16795824766724657
0.5750000000000001 -0.17040799606750778
0.625 -0.16926980099896932
0.675 -0.1611300838248991
0.7250000000000001 -0.1420099875156055
0.775 -0.2200920245398773
0.8250000000000001 -0.19321677796953554
0.875 -0.1758680424794758
0.925 -0.16228104020371942
0.9750000000000001 -0.1514398479754422
1.0250000000000001 -0.1771019677996422
1.075 -0.20495479461806793
1.125 -0.20505156179943207
1.175 -0.18353293413173652
1.225 -0.11684803001876172
1.2750000000000001 -0.11952730120310387
1.3250000000000002 -0.11767630139904836
1.375 -0.10437862687467028
1.425 -0.12052922361151497
1.475 -0.1251955016012512
1.5250000000000001 -0.14753335401799567
1.5750000000000002 -0.1817336021088541
1.625 -0.1112000640461132
1.675 -0.17393629210908257
1.725 -0.13507284550168738
1.7750000000000001 -0.14474944142993937
1.8250000000000002 -0.1618927045418579
1.875 -0.15576907417962707
1.925 -0.13197026022304834
1.975 -0.10945667669887534
2.025 -0.1687729963205887
2.075 -0.17737828871229072
2.125 -0.11500974658869395
2.1750000000000003 -0.12144902856258225
2.225 -0.15089672232529375
2.275 -0.1378331493455291
2.325 -0.12510771641206425
2.375 -0.10671035760079783
2.4250000000000003 -0.13230176945287628
2.475 -0.09081481481481482
2.5250000000000004 -0.1370154763595059
2.575 -0.07777777777777778
2.625 -0.0787959274015051
2.6750000000000003 -0.10270808159783922
2.725 -0.07184168350637586
2.7750000000000004 -0.0277466158103358
2.825 -0.06400748794009647
2.875 -0.044383484560737145
2.9250000000000003 -0.09925249169435216
2.975 -0.03127766302744173
3.0250000000000004 -0.07366380504015509
3.075 -0.07401247401247402
3.125 -0.047236757221704534
3.1750000000000003 -0.10276275398333577
3.225 -0.06678478942347009
3.2750000000000004 -0.13522631430981163
3.325 -0.05739878179863848
3.375 -0.09457055433003629
3.4250000000000003 -0.13835425383542538
3.475 -0.1446306641837368
3.5250000000000004 -0.09291971851213557
3.575 -0.08314541354477341
3.625 -0.030443943907578288
3.6750000000000003 -0.05662546708824375
3.725 -0.09659863945578231
3.7750000000000004 -0.06552994725814609
3.825 -0.07327215371379409
3.875 -0.12210660437460183
3.9250000000000003 -0.10895741556534508
3.975 -0.06015765454294012
4.025 -0.09550400916380297
4.075 -0.13050371117676732
4.125 -0.12369576167518169
4.175 -0.07656677661590287
4.2250000000000005 -0.12131239878898824
4.275 -0.06273115220483641
4.325 -0.06728971962616823
4.375 -0.09701187065083913
4.425 -0.07929794882639035
4.4750000000000005 -0.05862337846459205
4.525 -0.014982063726524584
4.575 -0.06718136258973317
4.625 -0.07657305367934589
4.675 -0.0186292706399945
4.7250000000000005 -0.0841081390359033
4.775 -0.039778770474367155
4.825 -0.07597563424593347
4.875 -0.09848381368665483
4.925000000000001 -0.11628895184135978
4.9750000000000005 -0.05215851831676427
