# block  <P^4>
1 0.0
2 0.02249655308641968
3 0.01507875555555551
4 0.017626192592592526
5 0.01157613827160496
6 0.018741748148148073
7 0.010345086419753137
8 0.016836128395061704
9 0.010482001948668608
10 0.013039367901234585
11 0.011002844444444455
12 0.007085293827160513
13 0.008214518518518555
14 0.0132632691358025
15 0.011107753086419743
16 0.014449955555555564
17 0.010803693827160505
18 0.007981432098765413
19 0.005826390123456798
20 0.011243634567901178
21 0.011223446913580222
22 0.009823156489823164
23 0.008428958024691376
24 0.012778567901234484
25 0.01538014814814814
26 0.011371437037037036
27 0.011146054320987652
28 0.010834093827160482
29 0.006562153086419743
30 0.016726538271604918
31 0.019755693827160515
32 0.03504638024691374
33 0.011172325925925878
34 0.01199802469135806
35 0.009486340740740739
36 0.009933570370370364
37 0.006899180246913596
38 0.010154350617283921
39 0.008410682287225501
40 0.019805945679012338
41 0.014295940740740762
42 0.013045570370370341
43 0.010166083950617296
44 0.01524815802469133
45 0.01003788641975306
46 0.015082824691357972
47 0.016410330864197478
48 0.0182453333333333
49 0.01896742716049383
50 0.013281501234567873
51 0.01337359012345671
52 0.009808948148148134
53 0.008450054320987688
54 0.013754186554186485
55 0.00947061728395064
56 0.006275595061728454
57 0.007666804938271621
58 0.011695446913580241
59 0.009562686419753129
60 0.014255130864197552
61 0.01375358024691355
62 0.012280928395061685
63 0.016419219753086352
64 0.00796835555555557
65 0.01247518024691354
66 0.008525933325933356
67 0.009673520987654389
68 0.006167269135802463
69 0.011450429629629619
70 0.01090842469135801
71 0.0050862814814814925
72 0.009654597530864215
73 0.0072505679012345794
74 0.007143367901234565
75 0.006496948148148171
76 0.010175822222222191
77 0.010340582716049368
78 0.011241244444444434
79 0.013933293827160456
80 0.012190795061728397
81 0.009780266666666664
82 0.010676128395061707
83 0.010038834567901282
84 0.024943190123456766
85 0.013650824691357945
86 0.009028385185185155
87 0.00766832592592595
88 0.008336730864197553
89 0.007884306172839499
90 0.01840120493827156
91 0.009359940740740737
92 0.012889244444444376
93 0.016484977777777698
94 0.009219674074074084
95 0.008864355555555571
96 0.007802785185185236
97 0.01436387498609718
98 0.01066593580246921
99 0.011260720987654347
100 0.006910340740740763
101 0.016777303703703724
102 0.013953086419753093
103 0.008855111111111117
104 0.018252562962962987
105 0.009685293827160508
106 0.005477175308641967
107 0.013027476543209864
108 0.024008039506172772
109 0.011463901234567881
110 0.01425033086419749
111 0.006351249382716072
112 0.009144869135802487
113 0.00931425185185187
114 0.011268444444444435
115 0.01115571358024693
116 0.011326597530864164
117 0.006947259259259265
118 0.005149471604938268
119 0.00706010864197532
120 0.008520881587548242
121 0.021705422222222232
122 0.012139259259259239
123 0.012431604938271675
124 0.013587792592592525
125 0.01577068641975304
126 0.014492444444444462
127 0.01432669629629635
128 0.01519385679012348
129 0.008955535802469154
130 0.007916902850236206
131 0.006766083950617295
132 0.010380907980907997
133 0.014307634567901217
134 0.008621649382716088
135 0.009254241975308667
136 0.017027634567901184
137 0.013059358024691338
138 0.010487662971613593
139 0.00785135802469137
140 0.009089580246913606
141 0.014461649382716006
142 0.007565787654321013
143 0.008608908641975313
144 0.02345933827160479
145 0.01149114074074073
146 0.009594499889110661
147 0.008543199990113567
148 0.021440039506172837
149 0.006938014814814823
150 0.01176851358024691
151 0.00779535802469138
152 0.007067081481481496
153 0.011867911111111108
154 0.009175446913580299
155 0.004894696296296301
156 0.01032491851851854
157 0.013938054320987641
158 0.010780088888888904
159 0.015140108641975254
160 0.011301846913580204
161 0.010010350617283892
162 0.011062893827160494
163 0.018593120459787067
164 0.009561540740740773
165 0.004851496296296304
166 0.020122627160493817
167 0.016137206003872657
168 0.015749076543209846
169 0.009101511111111151
170 0.016815288888888863
171 0.012237254320987628
172 0.011415841975308698
173 0.010446324046324049
174 0.008625362962963005
175 0.010607624691358007
176 0.009283496296296335
177 0.009455782716049368
178 0.006631446913580265
179 0.01183664197530865
180 0.00966823613737193
181 0.017005116049382523
182 0.02182808888888884
183 0.012128513580246907
184 0.01234459259259259
185 0.024522488888888926
186 0.012604701234567922
187 0.007272000000000049
188 0.006271683950617288
189 0.011703032098765467
190 0.015030500363833554
191 0.01173333333333335
192 0.008743491922115832
193 0.012932458384310258
194 0.009858371952199109
195 0.009371377777777764
196 0.012683180246913553
197 0.0057834271604938585
198 0.028167427160493797
199 0.007729520987654374
200 0.006941827160493853
201 0.010579950617283942
202 0.020725486858820117
203 0.011263945426908398
204 0.00890135308641973
205 0.01273520987654318
206 0.015528318441898684
207 0.008206004938271621
208 0.006960177777777805
