# k values and corresponding S(k) [pure estimator]
0.0 1.635053011966909
0.20943951023931953 1.0266522701317744
0.41887902047863906 0.9957411352771791
0.6283185307179586 0.9846182373887113
0.8377580409572781 0.9875867742454633
1.0471975511965976 0.9929188869250744
1.2566370614359172 0.9894834553717798
1.4660765716752366 0.9898878098501
1.6755160819145563 0.9741925730047624
1.8849555921538759 0.9935183487009958
2.0943951023931953 0.9916031510644356
2.3038346126325147 0.9838107130780138
2.5132741228718345 0.9838629181507961
2.722713633111154 0.980367743397649
2.9321531433504733 0.9905718837813513
3.141592653589793 0.9839985894648785
3.3510321638291125 0.9864645834322252
3.560471674068432 0.987088208433841
3.7699111843077517 0.9802666494287882
3.979350694547071 0.9850059173823897
4.1887902047863905 0.9855084851676552
4.39822971502571 0.9810406281071421
4.607669225265029 0.9760661051086685
4.817108735504349 0.9922714673421988
5.026548245743669 0.985485498077934
5.235987755982988 0.990732889448204
5.445427266222308 0.9896879614247059
5.654866776461628 0.984258968615134
5.864306286700947 0.9812781109395818
6.073745796940266 0.9914071310010978
6.283185307179586 0.9903069056081384
6.492624817418905 0.987181310867416
6.702064327658225 0.9922991833809657
6.911503837897545 0.9905028412600968
7.120943348136864 0.9919684015568454
7.330382858376184 0.9858572020255685
7.5398223686155035 0.993916935562772
7.749261878854822 0.9835135739569858
7.958701389094142 0.9815647479645745
8.168140899333462 0.9965469308535582
8.377580409572781 0.9881258175205214
8.5870199198121 0.9786905607248264
8.79645943005142 0.9865505845257144
9.00589894029074 0.9902586422040017
9.215338450530059 0.9865021594786125
9.42477796076938 0.9807204742798942
9.634217471008698 0.9903019209439103
9.843656981248017 0.9870976282447459
10.053096491487338 0.9816771034625652
10.262536001726657 0.9893938384856772
10.471975511965976 0.9913968326741784
10.681415022205297 0.9764565583991616
10.890854532444616 0.9781876531123359
11.100294042683934 0.9837930036326384
11.309733552923255 0.9832794506054907
11.519173063162574 0.9741232077530397
11.728612573401893 0.9907874121037629
11.938052083641214 0.9833079421872294
12.147491593880533 0.9939761646376988
12.356931104119852 0.9830119142726955
12.566370614359172 0.9801686432196193
12.775810124598491 0.9875097534834203
12.98524963483781 0.9769573879220347
13.194689145077131 0.9880366118155912
13.40412865531645 0.991364011344158
13.613568165555769 0.996039448933768
13.82300767579509 0.9841746083179649
14.032447186034409 0.9856892222838396
14.241886696273728 0.9758469325336829
14.451326206513048 0.9852976814358415
14.660765716752367 0.9864669587310974
14.870205226991686 0.9847964479468557
15.079644737231007 0.9824183310331248
15.289084247470326 0.9889438075294499
15.498523757709645 0.9802585180902569
