0.225 0.9404519350811485
0.675 0.9484735746982939
1.125 0.9140507698709945
1.575 0.9111935081148564
2.025 0.9234673325010404
2.475 0.8918352059925093
2.9250000000000003 0.9202488555971702
3.375 0.9409446525176862
3.825 0.9987032875572202
4.275 0.974909696213067
4.7250000000000005 0.9860083229296712
5.175 1.0147707032875573
5.625 1.0538684977111943
6.075 1.1680724094881398
6.525 1.1025784436121515
6.9750000000000005 0.9816912193091968
7.425 1.0245626300457762
7.875 0.9582888056595922
8.325000000000001 0.952341240116521
8.775 1.0057536412817312
9.225 1.0241822721598002
9.675 1.0594406991260923
10.125 1.0021955888472742
10.575000000000001 0.9358718268830628
11.025 0.9602230545151893
11.475 0.9539209321681231
11.925 0.945866000832293
12.375 0.9823703703703703
12.825000000000001 1.0667648772367873
13.275 1.0611294215563878
13.725 1.0749071993341657
14.175 1.0093083645443195
14.625 1.0112967124427799
15.075000000000001 1.0692401165210155
15.525 1.0671002913025385
15.975 1.0577836038285477
16.425 1.0490819808572618
16.875 1.031076987099459
17.325 0.9925310029130254
17.775000000000002 0.9485892634207241
18.225 0.9301831044527674
18.675 1.038126508531003
19.125 1.0543445692883895
19.575 1.0343445692883895
20.025000000000002 1.060856429463171
20.475 1.034073241781107
20.925 1.0356013316687473
21.375 0.9962971285892634
21.825 0.9750728256346234
22.275000000000002 0.9543687057844361
22.725 0.9633890969621307
23.175 0.952093216812318
23.625 0.9639850187265918
24.075 0.9976712442779858
24.525000000000002 1.0284694132334582
24.975 1.0044785684560966
25.425 1.1042854764877237
25.875 1.0699717020391177
26.325 1.0527107781939242
26.775000000000002 1.0590337078651686
27.225 1.0269138576779027
27.675 0.9915072825634623
28.125 0.9876221389929255
28.575 0.9707032875572201
29.025000000000002 0.9021548064918852
29.475 0.859665418227216
29.925 0.8902630045776113
30.375 0.99206658343737
30.825 0.9773682896379525
31.275000000000002 1.0174681647940076
31.725 1.0752226383687058
32.175000000000004 1.0634665002080732
32.625 1.0662122347066167
33.075 1.0588664169787765
33.525 1.0347865168539325
33.975 1.0198119017894298
34.425000000000004 0.984147315855181
34.875 0.983899292550978
35.325 1.0148048272992094
35.775 1.0156146483562214
36.225 1.0145593008739076
36.675000000000004 1.014334581772784
37.125 0.9602721598002497
37.575 0.9837195172700791
38.025 1.0027798585101957
38.475 0.9589088639200999
38.925000000000004 0.9918759883478985
39.375 1.0327107781939242
39.825 0.9801914273824386
40.275 0.9809321681231794
40.725 1.0331610486891385
41.175000000000004 1.0656770703287557
41.625 1.0722397003745319
42.075 1.0593208489388264
42.525 1.0143895131086142
42.975 0.9714398668331252
43.425000000000004 0.932849771119434
43.875 0.9127781939242613
44.325 0.9388081564710778
44.775 0.9220341240116521
