block_size         error    difference      rel_diff
-------------------------------------------------------
       2  4.230447e-07  1.752210e-07  4.141902e-01
       4  5.982657e-07  2.477861e-07  4.141740e-01
       8  8.460517e-07  3.503838e-07  4.141400e-01
      16  1.196436e-06  4.954137e-07  4.140747e-01
      32  1.691849e-06  7.003489e-07  4.139547e-01
      64  2.392198e-06  9.897268e-07  4.137311e-01
     128  3.381925e-06  1.397947e-06  4.133584e-01
     256  4.779872e-06  1.972783e-06  4.127271e-01
     512  6.752655e-06  2.780774e-06  4.118046e-01
    1024  9.533429e-06  3.911658e-06  4.103096e-01
    2048  1.344509e-05  5.487232e-06  4.081217e-01
    4096  1.893232e-05  7.631156e-06  4.030756e-01
    8192  2.656348e-05  1.033972e-05  3.892457e-01
   16384  3.690319e-05  1.300652e-05  3.524497e-01
   32768  4.990971e-05  1.377223e-05  2.759429e-01
   65536  6.368194e-05  1.292568e-05  2.029724e-01
  131072  7.660762e-05           ---           ---
