# k values and corresponding S(k) [pure estimator]
0.0 13.236783228784933
0.15707963267948966 0.9258336038634767
0.3141592653589793 0.9271075289959131
0.47123889803846897 0.9439157007204598
0.6283185307179586 0.9546476002303497
0.7853981633974483 0.942526121108475
0.9424777960769379 0.9765696163495772
1.0995574287564276 0.9771430100996403
1.2566370614359172 0.9509655205468344
1.413716694115407 0.9657609259779488
1.5707963267948966 0.9564288940813349
1.7278759594743862 0.9851617688934255
1.8849555921538759 0.9393784037972387
2.0420352248333655 0.9691126087517123
2.199114857512855 0.9570880444362333
2.356194490192345 0.9775317918351932
2.5132741228718345 0.979337820913148
2.670353755551324 0.9376424149586498
2.827433388230814 0.9671536641598337
2.9845130209103035 0.9898064350174297
3.141592653589793 0.9638310465291482
3.2986722862692828 0.9567960182426963
3.4557519189487724 0.9736327773557085
3.612831551628262 0.9499278121211747
3.7699111843077517 0.9831439348791614
3.9269908169872414 0.9936072814720445
4.084070449666731 0.990689352158659
4.241150082346221 0.9763727244059923
4.39822971502571 0.9582117202291504
4.5553093477052 0.9571431391105996
4.71238898038469 0.9563467667919101
4.869468613064179 0.9762284614606422
5.026548245743669 0.9757974123553949
5.183627878423159 0.9804537781941183
5.340707511102648 0.9490871223035691
5.497787143782138 0.9667093360657282
5.654866776461628 0.9885786778053529
5.811946409141117 0.9634853639924688
5.969026041820607 0.9684881898446592
6.126105674500097 0.9760516353952505
6.283185307179586 0.983994348521535
6.440264939859076 0.9388017823823862
6.5973445725385655 0.9816388973099811
6.754424205218055 0.9644369134171316
6.911503837897545 0.9588275737093641
7.0685834705770345 0.9699668598583198
7.225663103256524 0.9702433464189149
7.382742735936014 0.9680300072270498
7.5398223686155035 0.9471610423515998
7.696902001294993 1.0001500268248742
7.853981633974483 0.9618444844576626
8.011061266653972 0.9781136728059427
8.168140899333462 0.9740652722646452
8.325220532012953 0.9822870833841632
8.482300164692441 0.9881174177632422
8.63937979737193 0.974602906936709
8.79645943005142 0.9579426223014037
8.953539062730911 0.9901020725021574
9.1106186954104 0.9785878661311578
9.267698328089889 0.9260485797437659
9.42477796076938 0.9740274705725896
9.58185759344887 0.9672323076425811
9.738937226128359 0.9428559870519552
9.896016858807847 0.9611332389819609
10.053096491487338 0.9647886448452752
10.210176124166829 0.9883861844155006
10.367255756846317 0.9698079809873198
10.524335389525806 0.9728099294455512
10.681415022205297 0.9811814216643159
10.838494654884787 0.967561961772478
10.995574287564276 0.9187189093496738
11.152653920243765 0.990854693977398
11.309733552923255 0.9743699679011719
11.466813185602746 0.981701985827474
11.623892818282235 0.9681542357261048
