# P_value  count
-1.0 0.0
-0.9333333333333333 0.0
-0.8666666666666667 0.0
-0.8 0.0
-0.7333333333333333 0.0
-0.6666666666666666 50.0
-0.6 127.0
-0.5333333333333333 543.0
-0.4666666666666667 1777.0
-0.4 3048.0
-0.3333333333333333 6663.0
-0.26666666666666666 11313.0
-0.2 16991.0
-0.13333333333333333 21003.0
-0.06666666666666667 26116.0
0.0 28938.0
0.06666666666666667 26916.0
0.13333333333333333 22360.0
0.2 15944.0
0.26666666666666666 10257.0
0.3333333333333333 6455.0
0.4 3103.0
0.4666666666666667 1833.0
0.5333333333333333 463.0
0.6 105.0
0.6666666666666666 31.0
0.7333333333333333 0.0
0.8 0.0
0.8666666666666667 0.0
0.9333333333333333 0.0
1.0 0.0
