# k values and corresponding S(k) [pure estimator]
0.0 1.0106026884324626
0.07853981633974483 0.9737510957160684
0.15707963267948966 0.970352712574442
0.23561944901923448 0.9684321807830528
0.3141592653589793 0.9768555315726323
0.39269908169872414 0.9704524202491398
0.47123889803846897 0.9746291745414785
0.5497787143782138 0.9580974385778446
0.6283185307179586 0.9468543237256971
0.7068583470577035 0.9683301065099691
0.7853981633974483 0.9733020690319866
0.8639379797371931 0.9746312821478958
0.9424777960769379 0.9566708239960623
1.0210176124166828 0.9816963641865412
1.0995574287564276 0.9768776622501564
1.1780972450961724 0.9639659552418363
1.2566370614359172 0.9798949270776569
1.335176877775662 0.9741239779672755
1.413716694115407 0.9642907186202223
1.4922565104551517 0.9706570419508689
1.5707963267948966 0.9727735885423199
1.6493361431346414 0.9703918454625385
1.7278759594743862 0.9773849230364999
1.806415775814131 0.9645750426168951
1.8849555921538759 0.9732244385583485
1.9634954084936207 0.9718176582107355
2.0420352248333655 0.9671288229297941
2.1205750411731104 0.9838669807697262
2.199114857512855 0.9758449217855755
2.2776546738526 0.9786458524938048
2.356194490192345 0.9721822809918246
2.4347343065320897 0.9483822656646739
2.5132741228718345 0.9565758659311293
2.5918139392115793 0.9763381940879593
2.670353755551324 0.9689502733910305
2.748893571891069 0.9668735043647025
2.827433388230814 0.9871308271228044
2.9059732045705586 0.9775454707475935
2.9845130209103035 0.9733651788536415
3.0630528372500483 0.9732499634174627
3.141592653589793 0.9745558205930129
3.220132469929538 0.9671238039447205
3.2986722862692828 0.9751762744317275
3.3772121026090276 0.9590512635905095
3.4557519189487724 0.9696094916809334
3.5342917352885173 0.9613005748278861
3.612831551628262 0.9746303808872813
3.691371367968007 0.9628153471260431
3.7699111843077517 0.9657790478218539
3.8484510006474966 0.9713520953916378
3.9269908169872414 0.9518765080743399
4.005530633326986 0.962791444877049
4.084070449666731 0.9602479139319434
4.162610266006476 0.9672914157559694
4.241150082346221 0.9651759395291251
4.319689898685965 0.9782228223506024
4.39822971502571 0.9725922573558178
4.476769531365456 0.9855775492100932
4.5553093477052 0.969180233550783
4.633849164044944 0.9706782255540696
4.71238898038469 0.9662048670771123
4.790928796724435 0.966208728872293
4.869468613064179 0.9678692884790232
4.948008429403924 0.969579344994864
5.026548245743669 0.9708131913635164
5.105088062083414 0.9775989202308311
5.183627878423159 0.9596622096905713
5.262167694762903 0.9660689132524632
5.340707511102648 0.960201809172127
5.419247327442394 0.9559291467772516
5.497787143782138 0.9761615802118381
5.576326960121882 0.9744575576342221
5.654866776461628 0.9591024107188624
5.733406592801373 0.9704754352110349
5.811946409141117 0.9636224147808861
