# r  Cs(r) [pure estimator]
0.15 2.0183684341287224e-5
0.44999999999999996 1.9861296289029622e-5
0.75 1.9880379152903822e-5
1.05 1.7113090562592382e-5
1.3499999999999999 1.6227175902309156e-5
1.65 1.7484556153219314e-5
1.95 1.3196646693236896e-5
2.25 1.402437222029929e-5
2.55 1.418792206205774e-5
2.85 1.4249292523307311e-5
3.15 1.5336106100531278e-5
3.4499999999999997 1.4587272579566482e-5
3.75 1.6481740934587586e-5
4.05 1.1818284355792106e-5
4.35 1.4021621634967643e-5
4.6499999999999995 1.059458142648759e-5
4.95 1.3785510120437048e-5
5.25 1.709246186879548e-5
5.55 1.2725255825403832e-5
5.85 1.4391646170050045e-5
6.1499999999999995 1.0136647706880805e-5
6.45 1.3246879328146423e-5
6.75 1.503994429528463e-5
7.05 1.3109852876354026e-5
7.35 1.1242633797813079e-5
7.6499999999999995 1.1232750271701934e-5
7.949999999999999 1.4923047746311251e-5
8.25 1.166197650263522e-5
8.549999999999999 1.0797223473385816e-5
8.85 1.148756375480608e-5
9.15 9.28781041176852e-6
9.45 8.679651486391667e-6
9.75 1.0337411749152985e-5
10.049999999999999 1.0963761691020056e-5
10.35 6.8005326819395745e-6
10.65 8.850085872381364e-6
10.95 1.134742597577316e-5
11.25 9.49438576569294e-6
11.549999999999999 8.309376385295994e-6
11.85 4.53890508111862e-6
12.15 7.767378533949259e-6
12.45 6.96303574994528e-6
12.75 1.0564512518908141e-5
13.049999999999999 9.128141306632478e-6
13.35 8.606834606234633e-6
13.65 6.9354206196391245e-6
13.95 9.08321818747391e-6
14.25 8.937187018835982e-6
14.549999999999999 1.2529760402390361e-5
14.85 9.435350670897668e-6
15.149999999999999 8.855663337078609e-6
15.45 6.603749192344265e-6
15.75 8.394232952797414e-6
16.05 5.874998805006654e-6
16.349999999999998 7.539760295902294e-6
16.65 7.2533820808959365e-6
16.95 9.270759825862684e-6
17.25 6.139489457922798e-6
17.55 5.859357800670806e-6
17.849999999999998 4.207813026564094e-6
18.15 4.708253678730404e-6
18.45 6.7160607160115884e-6
18.75 6.008213079450133e-6
19.05 5.607023447795389e-6
19.349999999999998 9.898107101346013e-6
19.65 5.607135534845399e-6
19.95 8.014329959123206e-6
20.25 6.464421320302623e-6
20.55 7.058989185606496e-6
20.849999999999998 6.799289310995683e-6
21.15 8.385723327941982e-6
21.45 4.27600921043185e-6
21.75 7.332068762317772e-6
22.05 6.07369692032648e-6
22.349999999999998 7.5703100748377555e-6
22.65 6.869254305314213e-6
22.95 5.106461073782313e-6
23.25 7.300426354423554e-6
23.55 8.254370005275334e-6
23.849999999999998 4.448689169333266e-6
24.15 9.28030989435472e-6
24.45 5.143129193214485e-6
24.75 8.68209827274579e-6
25.05 4.5211568467880595e-6
25.349999999999998 6.0433802403768745e-6
25.65 7.218625965696528e-6
25.95 4.6818200545617056e-6
26.25 5.5245856743697e-6
26.55 8.348077194297812e-6
26.849999999999998 6.4714376275088015e-6
27.15 2.8595474642925094e-6
27.45 4.5941545313888715e-6
27.75 6.836135689927733e-6
28.05 7.862992046063362e-6
28.349999999999998 7.104088530887803e-6
28.65 8.733289028511605e-6
28.95 6.94656816204511e-6
29.25 6.385429743642652e-6
29.549999999999997 2.5767688262364736e-6
29.849999999999998 4.271066266205975e-6
