# P_value  count
-1.0 0.0
-0.9333333333333333 0.0
-0.8666666666666667 1.0
-0.8 21.0
-0.7333333333333333 27.0
-0.6666666666666666 218.0
-0.6 389.0
-0.5333333333333333 1248.0
-0.4666666666666667 2579.0
-0.4 4441.0
-0.3333333333333333 7424.0
-0.26666666666666666 12714.0
-0.2 15804.0
-0.13333333333333333 20778.0
-0.06666666666666667 22865.0
0.0 26097.0
0.06666666666666667 24628.0
0.13333333333333333 21265.0
0.2 16877.0
0.26666666666666666 12431.0
0.3333333333333333 8189.0
0.4 4982.0
0.4666666666666667 2848.0
0.5333333333333333 1315.0
0.6 371.0
0.6666666666666666 112.0
0.7333333333333333 86.0
0.8 0.0
0.8666666666666667 0.0
0.9333333333333333 0.0
1.0 0.0
