0.2 0.8812784810126583
0.6000000000000001 0.893412447257384
1.0 0.9174736286919831
1.4000000000000001 0.8994103375527426
1.8 0.8535379746835443
2.2 0.8751698312236287
2.6 0.8896561181434599
3.0 0.8740981012658228
3.4000000000000004 0.8937278481012658
3.8000000000000003 1.008928270042194
4.2 1.0003755274261603
4.6000000000000005 1.0274672995780592
5.0 1.074840717299578
5.4 1.0734789029535865
5.800000000000001 1.1099947257383966
6.2 1.1299915611814346
6.6000000000000005 1.104175105485232
7.0 1.06617194092827
7.4 1.0010770042194093
7.800000000000001 0.9984472573839662
8.200000000000001 0.964087552742616
8.6 0.9674989451476793
9.0 0.9594873417721519
9.4 1.0031993670886077
9.8 0.990996835443038
10.200000000000001 1.016960970464135
10.600000000000001 1.0029008438818565
11.0 0.9896740506329114
11.4 1.019448312236287
11.8 1.0538491561181436
12.200000000000001 1.0027732067510549
12.600000000000001 1.0286761603375527
13.0 1.036737341772152
13.4 0.9771751054852321
13.8 1.0265643459915612
14.200000000000001 1.0687025316455696
14.600000000000001 1.0330590717299577
15.0 0.984831223628692
15.4 1.031964135021097
15.8 1.0107626582278482
16.2 1.0346877637130802
16.6 1.0415400843881857
17.0 0.9980105485232067
17.400000000000002 0.9758016877637131
17.8 0.9555411392405063
18.2 0.9016972573839662
18.6 0.9347236286919831
19.0 0.9784219409282701
19.400000000000002 1.0126402953586497
19.8 0.9564630801687763
20.200000000000003 1.00148417721519
20.6 1.0387447257383966
21.0 1.059506329113924
21.400000000000002 1.082409282700422
21.8 1.0732742616033755
22.200000000000003 1.064389240506329
22.6 1.0401160337552742
23.0 1.006165611814346
23.400000000000002 0.9573459915611814
23.8 0.9229198312236286
24.200000000000003 0.9480917721518988
24.6 0.991870253164557
25.0 0.9857658227848102
25.400000000000002 1.0218143459915612
25.8 0.9973808016877637
26.200000000000003 1.0091877637130802
26.6 1.0072573839662446
27.0 0.9907352320675106
27.400000000000002 0.9959599156118143
27.8 0.9864504219409282
28.200000000000003 1.0416065400843881
28.6 1.071863924050633
29.0 1.076789029535865
29.400000000000002 1.080298523206751
29.8 1.0259335443037976
30.200000000000003 0.9974071729957806
30.6 0.9611571729957806
31.0 0.9236540084388186
31.400000000000002 0.9225833333333333
31.8 0.9060105485232067
32.2 0.9361508438818565
32.6 0.9608037974683544
33.0 1.0064936708860759
33.4 1.0208491561181434
33.800000000000004 1.0321350210970464
34.2 1.060698312236287
34.6 1.050198312236287
35.0 1.0890738396624473
35.4 1.110626582278481
35.800000000000004 1.0199356540084388
36.2 0.9910042194092827
36.6 0.9855126582278481
37.0 0.9374757383966245
37.4 0.9606550632911393
37.800000000000004 1.013568565400844
38.2 1.0514261603375528
38.6 1.0284556962025317
39.0 0.9857700421940928
39.400000000000006 1.0252542194092826
39.800000000000004 1.014149789029536
