# P_value  count
-1.0 0.0
-0.96 0.0
-0.92 0.0
-0.88 0.0
-0.84 0.0
-0.8 0.0
-0.76 0.0
-0.72 0.0
-0.68 0.0
-0.64 1.0
-0.6 53.0
-0.56 82.0
-0.52 120.0
-0.48 357.0
-0.44 509.0
-0.4 975.0
-0.36 1809.0
-0.32 2835.0
-0.28 4481.0
-0.24 5967.0
-0.2 8497.0
-0.16 10153.0
-0.12 12425.0
-0.08 14921.0
-0.04 15696.0
0.0 17218.0
0.04 16147.0
0.08 14537.0
0.12 13197.0
0.16 11186.0
0.2 8241.0
0.24 6254.0
0.28 4292.0
0.32 3035.0
0.36 2010.0
0.4 1300.0
0.44 582.0
0.48 227.0
0.52 129.0
0.56 59.0
0.6 37.0
0.64 12.0
0.68 0.0
0.72 1.0
0.76 0.0
0.8 0.0
0.84 0.0
0.88 0.0
0.92 0.0
0.96 0.0
1.0 0.0
