# r  Cs(r) [pure estimator]
0.125 1.8789666456432405e-5
0.375 1.8296800487528933e-5
0.625 9.258493717258686e-6
0.875 1.771991942407064e-6
1.125 2.2342641689065386e-5
1.375 1.0147291244929898e-5
1.625 1.4570639877725675e-5
1.875 2.092038600847686e-5
2.125 1.8452584537322583e-5
2.375 1.1088398869447252e-5
2.625 9.639605448860276e-6
2.875 7.64433966041789e-6
3.125 1.7112474950598983e-5
3.375 1.0896434436363337e-5
3.625 1.796304624291647e-5
3.875 1.6359949481243852e-5
4.125 7.400467424673519e-6
4.375 -9.7381016543893e-7
4.625 9.411363078914861e-6
4.875 1.4638005253809167e-5
5.125 9.410662335340526e-6
5.375 1.5762029423857742e-5
5.625 8.706258182126792e-6
5.875 9.554066796327808e-6
6.125 5.416879226723005e-6
6.375 8.151583074548571e-6
6.625 1.2317538932850608e-5
6.875 9.02502750183248e-6
7.125 5.21720500490951e-6
7.375 8.407738479272253e-6
7.625 1.0129037137896695e-5
7.875 1.0499340820704098e-5
8.125 8.90438158805233e-6
8.375 1.7580358031541227e-5
8.625 7.3930401713873985e-6
8.875 1.37623181285335e-5
9.125 3.347052049094255e-6
9.375 1.1484289068186992e-5
9.625 1.0001686726992649e-5
9.875 9.605605567397753e-6
10.125 9.48430807898446e-6
10.375 3.7364757220007754e-6
10.625 4.207251038258444e-6
10.875 2.0346350068549736e-6
11.125 1.8190938132660084e-5
11.375 3.5409607316885798e-6
11.625 1.2146902295762723e-6
11.875 -2.9716212829407393e-6
12.125 4.342812147186838e-6
12.375 3.5229568950181866e-6
12.625 4.717430098182628e-6
12.875 5.0691395149300696e-6
13.125 7.158202359250211e-6
13.375 2.936171057883874e-6
13.625 1.404085260188163e-5
13.875 1.0132039845081411e-5
14.125 9.002697265555063e-7
14.375 9.186439776343351e-6
14.625 5.656600259355376e-7
14.875 1.0512017063920784e-5
15.125 -8.251507585214836e-7
15.375 6.360507592643294e-6
15.625 1.0821564669735405e-5
15.875 3.862324523729796e-6
16.125 5.948543654838598e-6
16.375 2.325523733547691e-6
16.625 1.2918377432681248e-5
16.875 -5.3170459033774254e-6
17.125 5.75955206292138e-6
17.375 -8.509773656442413e-7
17.625 5.26364417826206e-6
17.875 4.15185883758694e-6
18.125 -1.559811025805463e-6
18.375 -3.0262356732582267e-7
18.625 -1.0416012704122239e-6
18.875 1.7052572498572084e-6
19.125 -2.714996065231298e-6
19.375 -1.4431664743505043e-6
19.625 4.47634549014836e-6
19.875 5.281390213822771e-6
20.125 3.511013907801629e-6
20.375 -4.9735958838241035e-6
20.625 4.862585648320196e-6
20.875 1.996430862046047e-6
21.125 -5.067661523986702e-7
21.375 4.8945103526031e-6
21.625 5.767300365679464e-6
21.875 8.828800991515176e-6
22.125 6.3346457184729835e-6
22.375 7.142832152529e-6
22.625 6.1618946365617496e-6
22.875 1.222811294828654e-5
23.125 6.083547473463992e-6
23.375 3.34765501798686e-6
23.625 2.4643947800809194e-6
23.875 1.7858995731898577e-6
24.125 4.182258639731867e-6
24.375 1.0187889218099377e-5
24.625 2.9338393548215576e-6
24.875 -1.586455272304475e-6
