block_size         error    difference      rel_diff
-------------------------------------------------------
       2  1.303841e-07  5.400043e-08  4.141644e-01
       4  1.843845e-07  7.635920e-08  4.141303e-01
       8  2.607437e-07  1.079631e-07  4.140583e-01
      16  3.687068e-07  1.526165e-07  4.139237e-01
      32  5.213233e-07  2.156573e-07  4.136729e-01
      64  7.369806e-07  3.045195e-07  4.131988e-01
     128  1.041500e-06  4.294711e-07  4.123582e-01
     256  1.470971e-06  6.040813e-07  4.106683e-01
     512  2.075052e-06  8.456209e-07  4.075178e-01
    1024  2.920673e-06  1.169237e-06  4.003315e-01
    2048  4.089911e-06  1.578386e-06  3.859219e-01
    4096  5.668297e-06  2.038256e-06  3.595889e-01
    8192  7.706553e-06  2.359222e-06  3.061319e-01
   16384  1.006578e-05  1.777618e-06  1.766002e-01
   32768  1.184339e-05  1.594288e-06  1.346141e-01
   65536  1.343768e-05  8.241491e-07  6.133120e-02
  131072  1.426183e-05           ---           ---
