# r  Cs(r) [pure estimator]
0.2 2.6564933761996258e-5
0.6000000000000001 2.595347458372847e-5
1.0 2.378083836722861e-5
1.4000000000000001 1.5610524577046858e-5
1.8 2.097528924471085e-5
2.2 2.3492029097387526e-5
2.6 1.9919626047646497e-5
3.0 1.9583342064468343e-5
3.4000000000000004 2.704888601097035e-5
3.8000000000000003 2.1848715509948814e-5
4.2 1.5436810011311093e-5
4.6000000000000005 1.907686780734274e-5
5.0 1.767362804520347e-5
5.4 1.63197877682775e-5
5.800000000000001 1.2476594078108976e-5
6.2 1.5533620045238486e-5
6.6000000000000005 3.762065891122878e-6
7.0 1.0820437347296163e-5
7.4 1.925023471091137e-5
7.800000000000001 1.6852403043779318e-5
8.200000000000001 3.3507095495477666e-6
8.6 8.152226149888456e-6
9.0 1.5823197342077572e-5
9.4 1.3575708829960473e-5
9.8 1.5122204051088731e-5
10.200000000000001 9.20181033631392e-6
10.600000000000001 1.2810590450849432e-5
11.0 6.9065570062351924e-6
11.4 8.872282275581487e-6
11.8 7.1882740666250205e-6
12.200000000000001 6.148221658438494e-6
12.600000000000001 8.978939951784388e-6
13.0 1.1697238850467963e-5
13.4 6.422202679841393e-6
13.8 5.917548393471125e-6
14.200000000000001 1.413030478902529e-5
14.600000000000001 9.157863765512992e-6
15.0 3.0531176828229798e-6
15.4 1.1987387142533892e-5
15.8 7.90396259541624e-6
16.2 9.088604560224009e-6
16.6 7.877833518941226e-6
17.0 5.698311205613029e-6
17.400000000000002 6.047587642893284e-6
17.8 6.631560727376058e-6
18.2 2.7758176203902985e-6
18.6 1.688146373336727e-5
19.0 4.975007124384846e-7
19.400000000000002 8.857990756944652e-6
19.8 6.121676529674402e-6
20.200000000000003 3.460255206983789e-6
20.6 7.469530361086182e-6
21.0 -2.3278467015853657e-6
21.400000000000002 4.930162661395111e-6
21.8 3.258700143336565e-6
22.200000000000003 9.281560571163249e-6
22.6 7.931287813666642e-6
23.0 6.263340241779997e-6
23.400000000000002 5.610986651336908e-6
23.8 4.02054676734281e-6
24.200000000000003 7.764548703248531e-6
24.6 8.083699208169491e-6
25.0 5.837287020629263e-6
25.400000000000002 3.653802711400395e-6
25.8 6.057357315547477e-6
26.200000000000003 2.3378122072736003e-6
26.6 7.956242401744547e-6
27.0 -2.6078134485792845e-6
27.400000000000002 -4.507489780779792e-6
27.8 1.0698883198645613e-5
28.200000000000003 4.887466216135834e-6
28.6 6.647827789460374e-6
29.0 9.710770365257884e-6
29.400000000000002 3.611020419862163e-6
29.8 1.230419498508532e-6
30.200000000000003 -1.654564919665736e-6
30.6 6.807924858167888e-6
31.0 2.9857347476286717e-6
31.400000000000002 6.2295982211724295e-6
31.8 -8.874298638434782e-6
32.2 5.083141731493668e-7
32.6 -2.735985798533752e-6
33.0 8.056042533635945e-7
33.4 9.779930625973694e-6
33.800000000000004 3.636492612897931e-6
34.2 2.238851047626995e-6
34.6 -1.1402829323513891e-6
35.0 -8.750994417082078e-7
35.4 9.854395392291198e-6
35.800000000000004 1.0433756843131879e-5
36.2 -1.039542083001533e-6
36.6 2.9961677300906713e-6
37.0 7.642405197654408e-6
37.4 8.422490863720405e-6
37.800000000000004 1.1708394968881476e-5
38.2 8.335123176765199e-7
38.6 6.872122260750233e-6
39.0 7.124171380157847e-6
39.400000000000006 5.7982000718196905e-6
39.800000000000004 8.072030032357443e-6
