block_size         error    difference      rel_diff
-------------------------------------------------------
       2  1.218868e-06  5.041155e-07  4.135933e-01
       4  1.722983e-06  7.118023e-07  4.131220e-01
       8  2.434785e-06  1.003533e-06  4.121647e-01
      16  3.438318e-06  1.410838e-06  4.103280e-01
      32  4.849156e-06  1.972915e-06  4.068575e-01
      64  6.822071e-06  2.732135e-06  4.004847e-01
     128  9.554207e-06  3.717088e-06  3.890525e-01
     256  1.327129e-05  4.898008e-06  3.690679e-01
     512  1.816930e-05  6.010683e-06  3.308153e-01
    1024  2.417999e-05  6.556592e-06  2.711578e-01
    2048  3.073658e-05  5.168623e-06  1.681587e-01
    4096  3.590520e-05  3.322046e-06  9.252270e-02
    8192  3.922725e-05  1.849297e-06  4.714318e-02
   16384  4.107654e-05  4.832536e-06  1.176471e-01
   32768  4.590908e-05  -9.354764e-07  2.037672e-02
   65536  4.497360e-05  1.227075e-06  2.728433e-02
  131072  4.620068e-05           ---           ---
