# P_value  count
-1.0 0.0
-0.975 0.0
-0.95 0.0
-0.925 0.0
-0.9 0.0
-0.875 0.0
-0.85 0.0
-0.825 0.0
-0.8 0.0
-0.775 0.0
-0.75 0.0
-0.725 0.0
-0.7 0.0
-0.675 0.0
-0.65 0.0
-0.625 0.0
-0.6 0.0
-0.575 0.0
-0.55 0.0
-0.525 0.0
-0.5 0.0
-0.475 2.0
-0.45 8.0
-0.425 5.0
-0.4 22.0
-0.375 201.0
-0.35 201.0
-0.325 365.0
-0.3 643.0
-0.275 1030.0
-0.25 1627.0
-0.225 2296.0
-0.2 3737.0
-0.175 4865.0
-0.15 6160.0
-0.125 7999.0
-0.1 9503.0
-0.075 11370.0
-0.05 11757.0
-0.025 13306.0
0.0 13472.0
0.025 14309.0
0.05 12042.0
0.075 10441.0
0.1 10076.0
0.125 8603.0
0.15 6429.0
0.175 4468.0
0.2 3543.0
0.225 2510.0
0.25 1712.0
0.275 1016.0
0.3 646.0
0.325 280.0
0.35 153.0
0.375 112.0
0.4 34.0
0.425 46.0
0.45 7.0
0.475 0.0
0.5 0.0
0.525 0.0
0.55 0.0
0.575 0.0
0.6 0.0
0.625 0.0
0.65 0.0
0.675 0.0
0.7 0.0
0.725 0.0
0.75 0.0
0.775 0.0
0.8 0.0
0.825 0.0
0.85 0.0
0.875 0.0
0.9 0.0
0.925 0.0
0.95 0.0
0.975 0.0
1.0 0.0
