block_size         error    difference      rel_diff
-------------------------------------------------------
       2  1.406981e-07  5.822760e-08  4.138479e-01
       4  1.989257e-07  8.226600e-08  4.135514e-01
       8  2.811917e-07  1.161165e-07  4.129443e-01
      16  3.973082e-07  1.635871e-07  4.117386e-01
      32  5.608953e-07  2.296541e-07  4.094420e-01
      64  7.905493e-07  3.202625e-07  4.051138e-01
     128  1.110812e-06  4.410630e-07  3.970637e-01
     256  1.551875e-06  5.945136e-07  3.830938e-01
     512  2.146388e-06  7.687141e-07  3.581431e-01
    1024  2.915103e-06  9.295068e-07  3.188591e-01
    2048  3.844609e-06  1.021360e-06  2.656603e-01
    4096  4.865969e-06  7.593216e-07  1.560474e-01
    8192  5.625291e-06  7.386805e-07  1.313142e-01
   16384  6.363971e-06  -1.130163e-07  1.775877e-02
   32768  6.250955e-06  2.606529e-07  4.169809e-02
   65536  6.511608e-06           ---           ---
