block_size         error    difference      rel_diff
-------------------------------------------------------
       2  3.141796e-07  1.301135e-07  4.141371e-01
       4  4.442931e-07  1.839777e-07  4.140908e-01
       8  6.282708e-07  2.600994e-07  4.139925e-01
      16  8.883702e-07  3.676119e-07  4.138049e-01
      32  1.255982e-06  5.193074e-07  4.134672e-01
      64  1.775289e-06  7.329059e-07  4.128374e-01
     128  2.508195e-06  1.032809e-06  4.117737e-01
     256  3.541004e-06  1.451122e-06  4.098053e-01
     512  4.992127e-06  2.034217e-06  4.074851e-01
    1024  7.026344e-06  2.834546e-06  4.034169e-01
    2048  9.860890e-06  3.920199e-06  3.975502e-01
    4096  1.378109e-05  5.307776e-06  3.851492e-01
    8192  1.908886e-05  6.766537e-06  3.544756e-01
   16384  2.585540e-05  7.412843e-06  2.867038e-01
   32768  3.326824e-05  6.479633e-06  1.947693e-01
   65536  3.974788e-05  6.234160e-06  1.568426e-01
  131072  4.598204e-05           ---           ---
