block_size         error    difference      rel_diff
-------------------------------------------------------
       2  4.693814e-07  1.944060e-07  4.141749e-01
       4  6.637874e-07  2.749087e-07  4.141518e-01
       8  9.386961e-07  3.887161e-07  4.141022e-01
      16  1.327412e-06  5.495590e-07  4.140078e-01
      32  1.876971e-06  7.767557e-07  4.138346e-01
      64  2.653727e-06  1.097364e-06  4.135182e-01
     128  3.751091e-06  1.548990e-06  4.129438e-01
     256  5.300081e-06  2.182955e-06  4.118720e-01
     512  7.483036e-06  3.070977e-06  4.103919e-01
    1024  1.055401e-05  4.307150e-06  4.081054e-01
    2048  1.486116e-05  5.988956e-06  4.029938e-01
    4096  2.085012e-05  8.109761e-06  3.889551e-01
    8192  2.895988e-05  1.031978e-05  3.563476e-01
   16384  3.927967e-05  1.010405e-05  2.572337e-01
   32768  4.938372e-05  5.884457e-06  1.191578e-01
   65536  5.526817e-05  3.992128e-06  7.223195e-02
  131072  5.926030e-05           ---           ---
