# k values and corresponding S(k) [pure estimator]
0.0 16.26397105783072
0.15707963267948966 0.9110036597750042
0.3141592653589793 0.9589170944458928
0.47123889803846897 0.9737871864521248
0.6283185307179586 0.9654249273900416
0.7853981633974483 0.9047235564630695
0.9424777960769379 0.9591226022702856
1.0995574287564276 0.9965908776259588
1.2566370614359172 0.9869240958602555
1.413716694115407 0.9567038621178643
1.5707963267948966 0.9476604344418783
1.7278759594743862 0.9765136198695441
1.8849555921538759 0.9558314052611224
2.0420352248333655 0.9750868910286398
2.199114857512855 0.9657274076068445
2.356194490192345 0.9905947759561726
2.5132741228718345 0.951469496240272
2.670353755551324 0.9785167257820527
2.827433388230814 1.010141251292577
2.9845130209103035 0.9645129582952797
3.141592653589793 0.9479672613204002
3.2986722862692828 1.022657414345455
3.4557519189487724 0.9769342077347059
3.612831551628262 0.9559881692125153
3.7699111843077517 0.9483450495429951
3.9269908169872414 0.9741486970744972
4.084070449666731 0.9784167450248998
4.241150082346221 0.9789417327185438
4.39822971502571 0.9433631275413085
4.5553093477052 0.9434921341590551
4.71238898038469 0.9523706384613425
4.869468613064179 0.9824910313701029
5.026548245743669 0.9554149147641724
5.183627878423159 0.9753872883874448
5.340707511102648 0.9663111742621786
5.497787143782138 0.980563650050794
5.654866776461628 0.9891649208001144
5.811946409141117 0.9926467656804526
5.969026041820607 0.9399301944854279
6.126105674500097 0.9972089392728749
6.283185307179586 0.9589870391340594
6.440264939859076 0.9890203802377803
6.5973445725385655 0.9592733869236689
6.754424205218055 0.9504558081563471
6.911503837897545 0.9491491079339207
7.0685834705770345 0.9548714341902206
7.225663103256524 0.9583204856207664
7.382742735936014 0.9924545781177441
7.5398223686155035 1.0055052632549781
7.696902001294993 0.9731135471142276
7.853981633974483 0.9751774635024538
8.011061266653972 0.9877987853394171
8.168140899333462 0.9619916378095756
8.325220532012953 0.9711896193201828
8.482300164692441 0.9662253159207745
8.63937979737193 0.9487835784991656
8.79645943005142 0.991468095904673
8.953539062730911 0.9850373171570194
9.1106186954104 0.9952924142959241
9.267698328089889 0.971401324392062
9.42477796076938 0.9433631416725935
9.58185759344887 0.9600846047759728
9.738937226128359 0.9910575321165906
9.896016858807847 1.0055059160518454
10.053096491487338 0.9688089483134599
10.210176124166829 0.9264453056422256
10.367255756846317 0.9514055474890235
10.524335389525806 0.987373673985984
10.681415022205297 0.9566760282042555
10.838494654884787 0.9270920115403767
10.995574287564276 1.0093109849031021
11.152653920243765 0.9506114526433846
11.309733552923255 0.9412595320875741
11.466813185602746 0.9724409468973358
11.623892818282235 1.0016572365928444
