# k values and corresponding S(k) [pure estimator]
0.0 13.364141991324509
0.20943951023931953 0.8308238338592603
0.41887902047863906 0.8469517996086354
0.6283185307179586 0.9216301109399454
0.8377580409572781 0.8954970994755376
1.0471975511965976 0.9715122724426629
1.2566370614359172 0.9371592209355235
1.4660765716752366 0.9364511504196531
1.6755160819145563 0.9581254138001586
1.8849555921538759 0.966800431661287
2.0943951023931953 0.9144031893437885
2.3038346126325147 1.0257556491426305
2.5132741228718345 1.000202853107243
2.722713633111154 0.961353332382945
2.9321531433504733 0.9878407542541771
3.141592653589793 0.9706748729887843
3.3510321638291125 0.9314358790304319
3.560471674068432 0.9250795748713357
3.7699111843077517 0.9712458528204501
3.979350694547071 0.9516301846161904
4.1887902047863905 0.9758825791749876
4.39822971502571 0.9897677742198943
4.607669225265029 0.9391761277139353
4.817108735504349 0.9454525209922778
5.026548245743669 0.9860232268445766
5.235987755982988 0.9863436866124182
5.445427266222308 0.9211022588724807
5.654866776461628 0.942938732146367
5.864306286700947 1.0313026369071692
6.073745796940266 1.0011514627757914
6.283185307179586 0.972578183838358
6.492624817418905 0.9533372476977239
6.702064327658225 0.9348105218181433
6.911503837897545 0.9944937801227399
7.120943348136864 0.9725209126366535
7.330382858376184 0.9731363770230284
7.5398223686155035 0.9720470287790223
7.749261878854822 0.945063222026004
7.958701389094142 1.005490537494238
8.168140899333462 1.0385716996338592
8.377580409572781 1.000096679437066
8.5870199198121 0.9576325876447324
8.79645943005142 0.9801630495955062
9.00589894029074 0.980867925566504
9.215338450530059 0.9532596574053132
9.42477796076938 0.9686002104415794
9.634217471008698 0.9753729898588881
9.843656981248017 1.0093832477179652
10.053096491487338 0.9526236356404105
10.262536001726657 1.027753127019992
10.471975511965976 0.9925166975452826
10.681415022205297 0.9907853059050963
10.890854532444616 0.9533268994347966
11.100294042683934 0.997248506038698
11.309733552923255 0.9528426324568272
11.519173063162574 0.981746488908604
11.728612573401893 0.9973143102352985
11.938052083641214 1.0015274546101007
12.147491593880533 0.9443342004913545
12.356931104119852 0.9679552550933482
12.566370614359172 0.9727860835818161
12.775810124598491 0.9620046569219681
12.98524963483781 0.9630731938099998
13.194689145077131 0.9924380575001762
13.40412865531645 0.9631023209730224
13.613568165555769 1.0095380522354174
13.82300767579509 0.9841279834345982
14.032447186034409 0.9705000291103512
14.241886696273728 0.9840796569293297
14.451326206513048 0.9797163876169668
14.660765716752367 0.9459892165324929
14.870205226991686 0.9537458947535065
15.079644737231007 0.9856373794695649
15.289084247470326 0.9415694966622286
15.498523757709645 0.993856112223483
