# P_value  count
-1.0 0.0
-0.975 0.0
-0.95 0.0
-0.925 0.0
-0.9 0.0
-0.875 0.0
-0.85 0.0
-0.825 0.0
-0.8 0.0
-0.775 0.0
-0.75 0.0
-0.725 0.0
-0.7 0.0
-0.675 0.0
-0.65 0.0
-0.625 169.0
-0.6 1.0
-0.575 0.0
-0.55 0.0
-0.525 236.0
-0.5 320.0
-0.475 51.0
-0.45 155.0
-0.425 228.0
-0.4 790.0
-0.375 1075.0
-0.35 2961.0
-0.325 1840.0
-0.3 2707.0
-0.275 3449.0
-0.25 3432.0
-0.225 6053.0
-0.2 6350.0
-0.175 6838.0
-0.15 9574.0
-0.125 11027.0
-0.1 9898.0
-0.075 11318.0
-0.05 9139.0
-0.025 10929.0
0.0 11866.0
0.025 11834.0
0.05 11436.0
0.075 11986.0
0.1 9529.0
0.125 8743.0
0.15 12598.0
0.175 7586.0
0.2 6656.0
0.225 4699.0
0.25 3711.0
0.275 2952.0
0.3 2943.0
0.325 1371.0
0.35 1291.0
0.375 1407.0
0.4 1004.0
0.425 859.0
0.45 146.0
0.475 222.0
0.5 56.0
0.525 12.0
0.55 22.0
0.575 0.0
0.6 0.0
0.625 0.0
0.65 0.0
0.675 0.0
0.7 0.0
0.725 0.0
0.75 0.0
0.775 0.0
0.8 0.0
0.825 0.0
0.85 0.0
0.875 0.0
0.9 0.0
0.925 0.0
0.95 0.0
0.975 0.0
1.0 0.0
