# k values and corresponding S(k) [pure estimator]
0.0 2.2748122598095457
0.07853981633974483 1.2546583620075646
0.15707963267948966 1.0580561142751772
0.23561944901923448 1.0217389879911798
0.3141592653589793 1.0325284034433455
0.39269908169872414 0.9947686381354105
0.47123889803846897 1.001606199884497
0.5497787143782138 0.9648999899306288
0.6283185307179586 0.984437235763366
0.7068583470577035 0.9155034551285967
0.7853981633974483 1.022300677228869
0.8639379797371931 0.9544482416849954
0.9424777960769379 1.009630939889514
1.0210176124166828 1.0278561190984026
1.0995574287564276 0.955404827450521
1.1780972450961724 0.9762703962004952
1.2566370614359172 1.0080677408456256
1.335176877775662 0.9588984648623311
1.413716694115407 0.9843770057870974
1.4922565104551517 0.9536855780185682
1.5707963267948966 0.9790744533992908
1.6493361431346414 0.9615391465132759
1.7278759594743862 0.9923131853915693
1.806415775814131 0.9889096507065263
1.8849555921538759 0.9828558415250511
1.9634954084936207 1.00291902909584
2.0420352248333655 1.0012354298816701
2.1205750411731104 0.9696948191635029
2.199114857512855 0.975125825768103
2.2776546738526 0.9649131433201668
2.356194490192345 0.9566727161440908
2.4347343065320897 0.972025089990416
2.5132741228718345 0.9716618999925151
2.5918139392115793 0.9691062762621075
2.670353755551324 0.9667974267089585
2.748893571891069 0.9323278497808039
2.827433388230814 0.8798028263806915
2.9059732045705586 0.9868685723728348
2.9845130209103035 0.9453400420539404
3.0630528372500483 0.9540933487385205
3.141592653589793 0.9926167011905479
3.220132469929538 0.9868852772687794
3.2986722862692828 0.9945605438184452
3.3772121026090276 1.026745356745465
3.4557519189487724 0.9856880076831135
3.5342917352885173 0.954704414528348
3.612831551628262 0.9692338327722916
3.691371367968007 0.9818172319369395
3.7699111843077517 1.0005798404958284
3.8484510006474966 0.9551680965554546
3.9269908169872414 0.9664427256821234
4.005530633326986 0.962057539696339
4.084070449666731 0.9550770978255171
4.162610266006476 1.0218470591086994
4.241150082346221 0.9986114619070379
4.319689898685965 0.9989305879831808
4.39822971502571 0.9368268466164276
4.476769531365456 1.0061822000044476
4.5553093477052 0.9615257986972232
4.633849164044944 0.9592404508424585
4.71238898038469 0.9761324455613549
4.790928796724435 0.9537274507501655
4.869468613064179 1.0203774893039583
4.948008429403924 0.978236210771638
5.026548245743669 0.9893278645604866
5.105088062083414 0.9857196952217011
5.183627878423159 0.9609140638437897
5.262167694762903 1.0104298471139708
5.340707511102648 0.9406462310454029
5.419247327442394 0.987308003291595
5.497787143782138 0.9596625479218763
5.576326960121882 0.9808091508657443
5.654866776461628 0.9858695518930809
5.733406592801373 0.9618029864526376
5.811946409141117 1.008610675541223
