# k  S_s(k)
0.0 0.0
0.07853981633974483 1.1125426886938854
0.15707963267948966 0.2828793413884228
0.23561944901923448 0.7391395266438082
0.3141592653589793 1.093640550312801
0.39269908169872414 0.27426454995433475
0.47123889803846897 0.7968419129083503
0.5497787143782138 1.687182065583895
0.6283185307179586 0.6726472467600028
0.7068583470577035 0.43344727021911966
0.7853981633974483 2.5969904750432664
0.8639379797371931 0.41205525576119534
0.9424777960769379 0.22119888013097094
1.0210176124166828 0.2754112969498625
1.0995574287564276 0.6621305866596873
1.1780972450961724 1.2072185694360982
1.2566370614359172 0.6380591906181445
1.335176877775662 0.6668095329818
1.413716694115407 1.4014768639885227
1.4922565104551517 0.9830808925837463
1.5707963267948966 1.4817658649954202
1.6493361431346414 0.606779128673363
1.7278759594743862 0.7223654265992915
1.806415775814131 1.702895182707208
1.8849555921538759 0.5848460377707089
1.9634954084936207 0.6731401895619137
2.0420352248333655 0.5769057507823698
2.1205750411731104 1.613880169478477
2.199114857512855 1.0038285202999517
2.2776546738526 0.9110136446939141
2.356194490192345 0.641336808526853
2.4347343065320897 1.082015206133879
2.5132741228718345 0.9060230971463877
2.5918139392115793 1.0491161756009943
2.670353755551324 0.9864459826536159
2.748893571891069 1.4322524846275682
2.827433388230814 0.7383850321011816
2.9059732045705586 0.9086534974666558
2.9845130209103035 1.297685669615115
3.0630528372500483 0.9764522412749612
3.141592653589793 0.882177977818796
3.220132469929538 1.1290176328660333
3.2986722862692828 0.8065624327544123
3.3772121026090276 1.3697771322037995
3.4557519189487724 1.1364669056767942
3.5342917352885173 1.1006557403405879
3.612831551628262 0.7964985429780903
3.691371367968007 0.754598654931355
3.7699111843077517 0.8791726575575437
3.8484510006474966 1.0201974495473225
3.9269908169872414 1.065028110707535
4.005530633326986 1.0964120905150196
4.084070449666731 1.168124183997597
4.162610266006476 1.0000760856869493
4.241150082346221 0.9128354298198971
4.319689898685965 0.9490839754446082
4.39822971502571 0.8850808788258588
4.476769531365456 0.7837148274857971
4.5553093477052 1.1428352597357778
4.633849164044944 0.9677868517153342
4.71238898038469 1.0349620376388007
4.790928796724435 1.0419061927817
4.869468613064179 1.081078683963909
4.948008429403924 1.3625108104005001
5.026548245743669 1.00584111846765
5.105088062083414 0.9936424286576907
5.183627878423159 0.7969348562951349
5.262167694762903 1.1781956631758617
5.340707511102648 1.0286941917005097
5.419247327442394 0.9873959115834327
5.497787143782138 1.0526018972748117
5.576326960121882 0.9902882628536832
5.654866776461628 0.8911616147753472
5.733406592801373 0.9280931761112639
5.811946409141117 0.9815592738814919
5.890486225480862 0.9211543536133642
5.969026041820607 0.8482948912145836
6.047565858160352 1.0032548262751348
6.126105674500097 1.0290601325711615
6.204645490839841 0.9113335061375966
6.283185307179586 0.9350069492197937
6.3617251235193315 1.0530911732049009
6.440264939859076 0.9192457022016549
6.51880475619882 1.2338372528826207
6.5973445725385655 1.046983585557674
6.675884388878311 0.9148815167282744
6.754424205218055 0.9921366656615942
6.8329640215578 0.9295097280149567
6.911503837897545 0.9779421248915626
6.99004365423729 0.9444773896202631
7.0685834705770345 1.0228974645530586
7.147123286916779 0.8548207994096537
7.225663103256524 1.0097030047487139
7.304202919596269 0.9458675847227447
7.382742735936014 0.9740093697022417
7.461282552275758 1.014520979027594
7.5398223686155035 0.9427022979698906
7.618362184955249 1.0489390765349242
7.696902001294993 0.9426677275780695
7.7754418176347375 1.0455495807708635
