# r  Cs(r) [pure estimator]
0.1 0.0005373453834547994
0.30000000000000004 0.0005421870392576951
0.5 0.0005350480689024196
0.7000000000000001 0.0005319894510858052
0.9 0.0005234895055477351
1.1 0.0005277658285374016
1.3 0.00052842477106126
1.5 0.0005158474738498746
1.7000000000000002 0.0005204846594113202
1.9000000000000001 0.0005210807399578306
2.1 0.0005325195118276886
2.3000000000000003 0.0005275763827938157
2.5 0.0005289955189962992
2.7 0.0005293898639032309
2.9000000000000004 0.0005294484699209605
3.1 0.0005255862820559161
3.3000000000000003 0.0005098995629133852
3.5 0.0005178848579254832
3.7 0.0005223086453992419
3.9000000000000004 0.0005185337106633396
4.1000000000000005 0.0005210415738756288
4.3 0.0005220193239108987
4.5 0.0005264716449330588
4.7 0.0005216289406741536
4.9 0.0005286404918950556
5.1000000000000005 0.0005117079940022408
5.300000000000001 0.0005316468637424352
5.5 0.0005168366611247215
5.7 0.0005146118570722295
5.9 0.0005247805046016455
6.1000000000000005 0.000518171778640458
6.300000000000001 0.000524398534227875
6.5 0.0005101693807712546
6.7 0.0005308599943197125
6.9 0.0005251321690820311
7.1000000000000005 0.0005213808065285912
7.300000000000001 0.0005202232815053316
7.5 0.0005145298080755726
7.7 0.0005210034242882635
7.9 0.0005079319316677427
8.1 0.0005261866180365617
8.3 0.0005161266223439061
8.5 0.0005329149393771894
8.700000000000001 0.0005246480381291422
8.9 0.000508714995150732
9.1 0.0005170787638316365
9.3 0.0005183412596918719
9.5 0.0005257749985341686
9.700000000000001 0.0005176785409174867
9.9 0.0005072214286519613
10.100000000000001 0.000519384633633443
10.3 0.000520853130967466
10.5 0.0005209114019085105
10.700000000000001 0.0005242916696198698
10.9 0.0005128140076514804
11.100000000000001 0.0005106192965134294
11.3 0.0005138244877872352
11.5 0.0005149306138722049
11.700000000000001 0.0005155845926395477
11.9 0.0005123022980457495
12.100000000000001 0.0005283587579798169
12.3 0.0005238138588024865
12.5 0.0005133894423929873
12.700000000000001 0.0005243858467669624
12.9 0.000517294376495784
13.100000000000001 0.0005193643322590987
13.3 0.000514405982989133
13.5 0.0005178530090351664
13.700000000000001 0.0005268434852754167
13.9 0.0005181934964735837
14.100000000000001 0.0005139451748836578
14.3 0.0005145196135953686
14.5 0.0005229687881471184
14.700000000000001 0.0005163256666021481
14.9 0.0005162929635880235
15.100000000000001 0.0005226878223698864
15.3 0.0005191196705611014
15.5 0.0005164114763860007
15.700000000000001 0.0005314294504536041
15.9 0.0005143798085692038
16.1 0.0005091228506180156
16.3 0.0005270590258254981
16.5 0.0005081608422945708
16.7 0.0005226264175196014
16.900000000000002 0.0005216868221703695
17.1 0.0005140418892094297
17.3 0.0005118427631647257
17.5 0.0005150345502260967
17.7 0.0005191033977631353
17.900000000000002 0.0005217651940558554
18.1 0.0005111359113823448
18.3 0.0005180645728437475
18.5 0.0005206453575851186
18.7 0.0005134051058807469
18.900000000000002 0.0005197868721247254
19.1 0.0005221960495788011
19.3 0.0005188976394810106
19.5 0.0005184692182129594
19.700000000000003 0.0005168872980790742
19.900000000000002 0.0005300991905160863
