block_size         error    difference      rel_diff
-------------------------------------------------------
       2  3.407400e-07  1.411303e-07  4.141875e-01
       4  4.818703e-07  1.995761e-07  4.141698e-01
       8  6.814464e-07  2.822089e-07  4.141321e-01
      16  9.636553e-07  3.990130e-07  4.140620e-01
      32  1.362668e-06  5.640590e-07  4.139371e-01
      64  1.926727e-06  7.970853e-07  4.136991e-01
     128  2.723813e-06  1.125791e-06  4.133143e-01
     256  3.849604e-06  1.588620e-06  4.126711e-01
     512  5.438224e-06  2.238668e-06  4.116542e-01
    1024  7.676892e-06  3.149795e-06  4.102956e-01
    2048  1.082669e-05  4.404509e-06  4.068197e-01
    4096  1.523120e-05  6.068025e-06  3.983946e-01
    8192  2.129922e-05  7.974294e-06  3.743937e-01
   16384  2.927352e-05  9.028419e-06  3.084159e-01
   32768  3.830193e-05  7.301036e-06  1.906179e-01
   65536  4.560297e-05  1.449034e-06  3.177499e-02
  131072  4.705200e-05           ---           ---
