# k values and corresponding S(k) [pure estimator]
0.0 10.114561666271278
0.20943951023931953 0.9442439069017159
0.41887902047863906 0.9871228417360131
0.6283185307179586 0.9895892209983381
0.8377580409572781 0.9619294524719629
1.0471975511965976 0.9773274749712549
1.2566370614359172 0.9877151286975417
1.4660765716752366 0.9897796476052745
1.6755160819145563 0.9661583820361203
1.8849555921538759 0.99927302160727
2.0943951023931953 0.9795718221711714
2.3038346126325147 0.9865900678170034
2.5132741228718345 0.9791526215764171
2.722713633111154 0.9931013236094389
2.9321531433504733 0.9761653802592339
3.141592653589793 0.9963980629006346
3.3510321638291125 0.9985899731308897
3.560471674068432 0.9949223541473452
3.7699111843077517 0.9860613855004791
3.979350694547071 0.9777091208614497
4.1887902047863905 0.997185201736986
4.39822971502571 0.9965346755386919
4.607669225265029 0.968080835699581
4.817108735504349 0.9733159160371808
5.026548245743669 0.9846839816128572
5.235987755982988 0.9978050369050153
5.445427266222308 0.9823156381745872
5.654866776461628 1.011461558253261
5.864306286700947 1.0017959124578768
6.073745796940266 0.9534708766818547
6.283185307179586 0.9924500211612028
6.492624817418905 0.9864169881801612
6.702064327658225 0.9785062277697635
6.911503837897545 1.0054400762489626
7.120943348136864 1.011568828511625
7.330382858376184 1.0032206954706056
7.5398223686155035 0.9845531157490762
7.749261878854822 0.994782718311687
7.958701389094142 0.9785311663530121
8.168140899333462 0.9648123237294197
8.377580409572781 0.9558667120524242
8.5870199198121 0.9634636283036925
8.79645943005142 0.9702531769093334
9.00589894029074 0.998839431403704
9.215338450530059 0.9831833163520179
9.42477796076938 0.9530167109799728
9.634217471008698 0.983491774240363
9.843656981248017 1.0286043725731848
10.053096491487338 0.9949396727669296
10.262536001726657 0.9936733895221875
10.471975511965976 0.9717989936592972
10.681415022205297 0.9952514301944013
10.890854532444616 0.9776526791979876
11.100294042683934 0.9708300809843293
11.309733552923255 0.9741063051456675
11.519173063162574 0.9832530717173925
11.728612573401893 0.9866603559412075
11.938052083641214 0.9869294133823334
12.147491593880533 0.9658866774187149
12.356931104119852 0.973295676367226
12.566370614359172 0.9828744950393807
12.775810124598491 0.9826914844737341
12.98524963483781 0.9779110870749581
13.194689145077131 0.9937392550368892
13.40412865531645 1.0090654997119264
13.613568165555769 0.987055246362179
13.82300767579509 0.9666995848266762
14.032447186034409 1.0263587338459566
14.241886696273728 0.9821370392521173
14.451326206513048 0.9936582742914847
14.660765716752367 0.9635598549848926
14.870205226991686 0.9803227075589098
15.079644737231007 0.9692298005772829
15.289084247470326 0.9668782119405996
15.498523757709645 0.9910741075846121
