# k values and corresponding S(k) [pure estimator]
0.0 13.44482063170936
0.3141592653589793 0.8777287478082976
0.6283185307179586 0.9477713652328981
0.9424777960769379 0.9451907055897054
1.2566370614359172 0.9553034613959605
1.5707963267948966 0.9579940356756081
1.8849555921538759 0.9998985252924314
2.199114857512855 0.9478497606814643
2.5132741228718345 1.006044959208909
2.827433388230814 0.9713626837327741
3.141592653589793 0.9551513015404405
3.4557519189487724 0.9565367004244881
3.7699111843077517 0.9571419500529917
4.084070449666731 0.998499888376747
4.39822971502571 0.9845305002601874
4.71238898038469 0.9990673211373078
5.026548245743669 0.9822773522884336
5.340707511102648 1.000679103683013
5.654866776461628 0.9773806343111295
5.969026041820607 0.9864523104205543
6.283185307179586 1.020445204093734
6.5973445725385655 0.9700266138856796
6.911503837897545 1.006261828921249
7.225663103256524 0.9501925464817569
7.5398223686155035 1.0179684148224677
7.853981633974483 0.9701409791011235
8.168140899333462 0.9685660481241842
8.482300164692441 0.9911255497244953
8.79645943005142 0.9605285523320797
9.1106186954104 0.9683386026431056
9.42477796076938 0.9829057312652161
9.738937226128359 0.9769193478072974
10.053096491487338 0.9924979215174022
10.367255756846317 1.0172698131820226
10.681415022205297 0.9934238827052799
10.995574287564276 0.9742010334848834
11.309733552923255 1.0102142844602953
11.623892818282235 0.9773540036812942
11.938052083641214 0.9948245346997682
12.252211349000193 0.9817350989554795
12.566370614359172 0.9643781056532622
12.880529879718152 0.9904221634897094
13.194689145077131 0.9682711158011166
13.50884841043611 0.9750285837367297
13.82300767579509 0.9934587954505834
14.137166941154069 0.9512851064630771
14.451326206513048 0.9437181268557127
14.765485471872028 0.9842338764784297
15.079644737231007 0.9550517388932941
15.393804002589986 1.0054448119950579
15.707963267948966 0.9958474487388678
16.022122533307943 1.0268889549868943
16.336281798666924 0.9514694210351524
16.650441064025905 0.9790815532155885
16.964600329384883 0.987216621490241
17.27875959474386 0.9803004773236168
17.59291886010284 1.0213218758239737
17.907078125461823 0.9811834263500359
18.2212373908208 0.9791087484651325
18.535396656179778 1.009985186816812
18.84955592153876 0.9841425207562622
19.16371518689774 1.023860109690719
19.477874452256717 0.9803099128250576
19.792033717615695 1.0015552357634
20.106192982974676 0.9817019752715777
20.420352248333657 1.0210684100888074
20.734511513692635 0.9638514750006862
21.048670779051612 0.952705380232028
21.362830044410593 0.992406215349424
21.676989309769574 0.9815018856551809
21.991148575128552 0.9585396975722561
22.30530784048753 0.9972575548475214
22.61946710584651 1.0078561179412837
22.93362637120549 0.986946612332459
23.24778563656447 0.9390382958671759
