# k  S_s(k)
0.0 0.0
0.20943951023931953 0.4638851288544438
0.41887902047863906 1.740297176514182
0.6283185307179586 0.4075176956510495
0.8377580409572781 1.322256839572403
1.0471975511965976 1.6004741912761187
1.2566370614359172 0.9077909542749755
1.4660765716752366 0.8128728790861747
1.6755160819145563 1.038085562279903
1.8849555921538759 1.109200357286677
2.0943951023931953 0.9461970637534161
2.3038346126325147 1.1276243579743983
2.5132741228718345 0.8680242273513321
2.722713633111154 1.080150247824989
2.9321531433504733 0.9348785704612138
3.141592653589793 0.949480752953759
3.3510321638291125 1.0637009473195744
3.560471674068432 0.9259442388443306
3.7699111843077517 1.1265170977755987
3.979350694547071 1.0086798666072045
4.1887902047863905 0.883920180981733
4.39822971502571 1.1306781240232846
4.607669225265029 0.8762857616517539
4.817108735504349 0.9033750501438613
5.026548245743669 1.103610069532212
5.235987755982988 0.9568167641655799
5.445427266222308 0.8860317914413554
5.654866776461628 0.9538770652713034
5.864306286700947 0.9191780564275385
6.073745796940266 0.9836460976665331
6.283185307179586 0.9540169933441637
6.492624817418905 1.0532259790778054
6.702064327658225 1.0142697425743334
6.911503837897545 1.0180600219962332
7.120943348136864 1.0878228117736821
7.330382858376184 0.9568640744483686
7.5398223686155035 1.0040035702956378
7.749261878854822 0.87674063388748
7.958701389094142 1.0129840751719636
8.168140899333462 1.07103497849758
8.377580409572781 0.9520222378984247
8.5870199198121 1.082097242259076
8.79645943005142 1.0149206735802372
9.00589894029074 0.9533823248164784
9.215338450530059 0.9581341047104522
9.42477796076938 1.0471561648131282
9.634217471008698 1.0279747729657671
9.843656981248017 0.9820909702082734
10.053096491487338 0.977785327303548
10.262536001726657 0.9419501255166108
10.471975511965976 0.972766666912274
10.681415022205297 0.9936178307566247
10.890854532444616 0.9798231378018646
11.100294042683934 1.0872122010155492
11.309733552923255 0.9796525749836839
11.519173063162574 1.0255764153006204
11.728612573401893 1.0442720163481296
11.938052083641214 1.0269336362308494
12.147491593880533 1.0124560586920242
12.356931104119852 0.9542911190629622
12.566370614359172 0.9627497920546352
12.775810124598491 1.0357047009716371
12.98524963483781 1.0356666797565282
13.194689145077131 1.0443672663871078
13.40412865531645 0.9626553654105388
13.613568165555769 1.0137287013790226
13.82300767579509 0.9974555551886654
14.032447186034409 1.049541266669609
14.241886696273728 0.9678696006424163
14.451326206513048 1.0255966526342946
14.660765716752367 0.9757004751169569
14.870205226991686 0.9649444209099257
15.079644737231007 0.953438129649336
15.289084247470326 1.0067819520913226
15.498523757709645 1.0151562159825442
15.707963267948966 0.9598112777215053
15.917402778188285 1.0079475876097148
16.126842288427603 1.002101035421128
16.336281798666924 1.020839112156857
16.54572130890624 0.9688153222158483
16.755160819145562 0.973945395901034
16.964600329384883 1.0013812312998187
17.1740398396242 1.0292425329561223
17.38347934986352 0.9927455505463113
17.59291886010284 1.0016573163347426
17.80235837034216 1.0346703529893184
18.01179788058148 0.9586428791306604
18.2212373908208 1.0060712990251226
18.430676901060117 1.0098997106218692
18.640116411299438 1.0035847942043294
18.84955592153876 1.0033435574317433
19.058995431778076 0.9873075357137365
19.268434942017397 1.0055845148516531
19.477874452256717 0.9648541873110736
19.687313962496034 1.0673329449393163
19.896753472735355 1.0181809866919085
20.106192982974676 0.9723442446295312
20.315632493213993 1.0117610625062803
20.525072003453314 1.0100993981486632
20.734511513692635 1.0156924581629374
