# r  Cs(r) [pure estimator]
0.075 0.0006556341398236922
0.22499999999999998 0.0006437705578237163
0.375 0.0006449045419473843
0.525 0.0006567124748631921
0.6749999999999999 0.00063215034955567
0.825 0.0006253676612366192
0.975 0.0006296185625383756
1.125 0.0006481345895827024
1.275 0.0006395635753096857
1.425 0.0006306294397388819
1.575 0.0006292001790745648
1.7249999999999999 0.0006379784350296145
1.875 0.0006359423029820623
2.025 0.0006161959757627162
2.175 0.0006359791482155933
2.3249999999999997 0.0006220486849093103
2.475 0.0006320906956459871
2.625 0.0006221019050147069
2.775 0.000641890995961853
2.925 0.0006313871517038177
3.0749999999999997 0.0006223486853145466
3.225 0.0006399250861590361
3.375 0.0006522629189555508
3.525 0.000623664301854333
3.675 0.0006385960326151259
3.8249999999999997 0.0006179756065558719
3.9749999999999996 0.0006384359174621106
4.125 0.0006287977303016137
4.2749999999999995 0.000635631193804776
4.425 0.0006351616076188403
4.575 0.0006408949319969103
4.725 0.00063359407552879
4.875 0.0006102771950888171
5.0249999999999995 0.0006275333083339542
5.175 0.0006291121385089596
5.325 0.0006353035962691915
5.475 0.0006092577193519772
5.625 0.0006265068335455421
5.7749999999999995 0.0006150202775619667
5.925 0.0006280594776586941
6.075 0.0006290404181580895
6.225 0.0006388494031627719
6.375 0.0006284648617036539
6.5249999999999995 0.0006415082416427204
6.675 0.0006255613867077332
6.825 0.0006236110291047328
6.975 0.0006173694715427223
7.125 0.0006242710727939545
7.2749999999999995 0.0006378118842301279
7.425 0.0006256702342525519
7.574999999999999 0.0006254633238764972
7.725 0.0006185797099468471
7.875 0.0006429205177154006
8.025 0.000631802988701388
8.174999999999999 0.0006198876682097874
8.325 0.0006273704370546507
8.475 0.000627571995843443
8.625 0.0006433735571325756
8.775 0.0006260264808889203
8.924999999999999 0.0006232908166110408
9.075 0.000619477329424603
9.225 0.0006317641942290775
9.375 0.0006250509274640819
9.525 0.0006362774168636037
9.674999999999999 0.0006267800519497126
9.825 0.0006221268418374399
9.975 0.0006269014019902532
10.125 0.000628822307837009
10.275 0.0006138699106057917
10.424999999999999 0.0006187216968479133
10.575 0.000621813691308474
10.725 0.0006187040547421779
10.875 0.0006268282427824215
11.025 0.0006137045998585791
11.174999999999999 0.0006105076941438158
11.325 0.0006241406415470781
11.475 0.0006121043075734392
11.625 0.0006385028406584896
11.775 0.000625558476933907
11.924999999999999 0.000626856523082814
12.075 0.000645235683309716
12.225 0.0006242869732597668
12.375 0.0006269282977798302
12.525 0.0006197414824938817
12.674999999999999 0.000626854609511564
12.825 0.0006169513882590827
12.975 0.0006191799197362046
13.125 0.0006246590660163986
13.275 0.0006330933731475527
13.424999999999999 0.000638046547807779
13.575 0.0006271571182760921
13.725 0.0006345984002673295
13.875 0.0006288964086070908
14.025 0.000620752818728928
14.174999999999999 0.0006337027667807075
14.325 0.0006297790752217659
14.475 0.0006303831061378629
14.625 0.0006249753782189922
14.774999999999999 0.0006304616242042688
14.924999999999999 0.0006321305345978615
