# block  <P^4>
1 0.0
2 0.09592339753086372
3 0.2597895901234597
4 0.6238543604938308
5 0.42328659753086606
6 0.45476472098765774
7 0.4113544260309623
8 0.5181818469135764
9 0.5425937777777756
10 0.34248679506173413
11 0.39442562375895507
12 0.415211911111118
13 0.3798069925925991
14 0.6016076444444383
15 0.39358714074074636
16 0.31886787160494046
17 0.46473029135802585
18 0.3990956246913584
19 0.3918018172839575
20 0.24714388148148403
21 0.4279372380705737
22 0.5680180560180506
23 0.3039431308641955
24 0.4768954666666753
25 0.29058498765432517
26 0.22729651358024464
27 0.44248628408628177
28 0.4676202074074095
29 0.44829526913580553
30 0.7279530469135752
31 0.4000923851851816
32 0.310414775308639
33 0.7256306973640267
34 0.37527425185185503
35 0.3669840790123436
36 0.4490233283950573
37 0.6693968197530803
38 0.5904394666666666
39 0.4320087791495129
40 0.2835259061728399
41 0.5838193411526789
42 0.8184860020514269
43 0.46620082140082447
44 0.31525813220628374
45 0.3418245135802478
46 0.38659954567901095
47 0.34199834074074004
48 0.2502529185185183
49 0.5568252049382685
50 0.5666319012345677
51 0.5045333925333969
52 0.301960533333333
53 0.4492220246913611
54 0.4978001408816242
55 0.3342088888888857
56 0.5798866172839453
57 0.5257878913580302
58 0.34167743209876617
59 0.5180045037037049
60 0.3628189094855803
61 0.3557051259259313
62 0.4208049925383275
63 0.5170604839506207
64 0.39815664197530937
65 0.5699788049382787
66 0.32773876543210034
67 0.27597910123456504
68 0.30530435555555685
69 0.44984106666666035
70 0.6324199359853734
71 0.5925127506172811
72 0.4911359407407467
73 0.6046642567901257
74 0.7013731753086325
75 0.49167998024691084
76 0.4662689975308631
77 0.49660533333333257
78 0.6544981925925923
79 0.3646792296296261
80 0.34245866725866564
81 0.6301324049382758
82 0.3475073382715983
83 0.5281165610054583
84 0.5757629629629702
85 0.4128393876543202
86 0.42244898765431643
87 0.7002246295678397
88 0.7164686617283871
89 0.38821412345678613
90 0.28185740246913576
91 0.35886540246912985
92 0.3354169876543216
93 0.33677114074074316
94 0.33440709135802943
95 0.3758812841479496
96 0.47431652345679487
97 0.3503233975308645
98 0.4749855407407401
99 0.497532543209884
100 0.3679114271604955
101 0.41195616235615456
102 0.3994664296296283
103 0.4490716839506114
104 0.6462097382716081
105 0.5942194962962867
106 0.4637922765432068
107 0.5941639901234529
108 0.41740278518518753
109 0.3546869925925954
110 0.49774299259259647
111 0.3720343901234572
112 0.5540311703703733
113 0.5752806123456713
114 0.3703791604938317
115 0.3695392000000006
116 0.24828503703703597
117 0.4531817219817249
118 0.44360936296296066
119 0.3047493543493566
120 0.41704071111110785
121 0.47249720156386177
122 0.37930078226374775
123 0.49018745679012
124 0.5063566814814805
125 0.3441924543209918
126 0.5528124444444438
127 0.6147921777777751
128 0.4429264000000006
129 0.2497577481481458
130 0.5161352493827097
131 0.5444366814814888
132 0.39489877036543913
133 0.43822384197531555
134 0.41067297420877336
135 0.7955455012345611
136 0.43526135099467683
137 0.4286220049382712
138 0.5953784105092693
139 0.3689906567901268
140 0.38849736296295956
141 0.5405739061728416
142 0.3417573925925935
143 0.3515164839506185
144 0.47936566913580325
145 0.35387152592592264
146 0.5103202377869096
147 0.5008456753049333
148 0.436183510316845
149 0.5658458666666671
150 0.3965203814593029
151 0.40569797530864266
152 0.537686795061731
153 0.37163217538526727
154 0.5362888691358021
155 0.35967247407407665
156 0.44494563950617366
157 0.2482928558187825
158 0.575654429738374
159 0.3362247036913741
160 0.2820723753086447
161 0.27829842962962836
162 0.4162804543209863
163 0.4191300148148132
164 0.36886767407407633
165 0.43581876543209064
166 0.47736934320987495
167 0.5280261269594541
168 0.4708247506172924
169 0.3833510716049387
170 0.3710402370370335
171 0.40225983209877114
172 0.5796998716049395
173 0.45263253333333886
174 0.4295901037037
175 0.28635245432098944
176 0.42066791111111057
177 0.3098336790123455
178 0.6300362584807038
179 0.6704479407407405
180 0.4613696790123516
181 0.23108132345678908
182 0.40890929382715485
183 0.3413212049382741
184 0.6516948148148126
185 0.49916177777777176
186 0.27362158828825467
187 0.40219146666667116
188 0.21584816421359423
189 0.2774368939702293
190 0.51672602469136
191 0.7000387950617301
192 0.7061187950617199
193 0.6811332740740673
194 0.3412583703703702
195 0.3779981432098784
196 0.35185497283950895
197 0.25756193580246384
198 0.703013669135803
199 0.4123270716049377
200 0.4166729283950651
201 0.5143436839506171
202 0.6007965762632373
203 0.34669933143019915
204 0.545281679012345
205 0.5263776962147332
206 0.6535872592592578
207 0.5899901629629578
208 0.45097211779680796
