block_size         error    difference      rel_diff
-------------------------------------------------------
       2  7.092446e-07  2.937709e-07  4.142025e-01
       4  1.003016e-06  4.154439e-07  4.141949e-01
       8  1.418459e-06  5.874970e-07  4.141797e-01
      16  2.005956e-06  8.307654e-07  4.141492e-01
      32  2.836722e-06  1.174654e-06  4.140885e-01
      64  4.011376e-06  1.660626e-06  4.139790e-01
     128  5.672001e-06  2.346864e-06  4.137629e-01
     256  8.018865e-06  3.314630e-06  4.133541e-01
     512  1.133350e-05  4.675890e-06  4.125726e-01
    1024  1.600939e-05  6.575715e-06  4.107412e-01
    2048  2.258510e-05  9.169988e-06  4.060194e-01
    4096  3.175509e-05  1.245314e-05  3.921620e-01
    8192  4.420823e-05  1.584976e-05  3.585251e-01
   16384  6.005799e-05  1.819179e-05  3.029038e-01
   32768  7.824978e-05  1.480680e-05  1.892248e-01
   65536  9.305657e-05  2.005079e-06  2.154689e-02
  131072  9.506165e-05           ---           ---
