# r  Cs(r) [pure estimator]
0.2 3.346681597107207e-5
0.6000000000000001 3.074711743257268e-5
1.0 3.195458511899095e-5
1.4000000000000001 2.867434383148459e-5
1.8 3.0187511180321624e-5
2.2 2.8666782511163667e-5
2.6 3.128369222209837e-5
3.0 2.802267785008365e-5
3.4000000000000004 3.2533057149237276e-5
3.8000000000000003 2.8585872432051225e-5
4.2 2.862938149135713e-5
4.6000000000000005 2.9574258315531307e-5
5.0 2.6246867675679338e-5
5.4 3.2587664782135995e-5
5.800000000000001 2.773194916092736e-5
6.2 2.9003649004459563e-5
6.6000000000000005 2.8470176850896984e-5
7.0 3.0142612335107103e-5
7.4 2.8554938741027774e-5
7.800000000000001 2.8457258214580352e-5
8.200000000000001 2.7685392239143516e-5
8.6 2.7498527202306977e-5
9.0 3.068031023986059e-5
9.4 2.8923399424593956e-5
9.8 2.5101151096368204e-5
10.200000000000001 2.6455414175451897e-5
10.600000000000001 2.7067229529793203e-5
11.0 3.012543414229007e-5
11.4 2.736916406056192e-5
11.8 2.497944226231106e-5
12.200000000000001 2.716581255411371e-5
12.600000000000001 2.6690298834163707e-5
13.0 2.4467673871868674e-5
13.4 2.7539403738742445e-5
13.8 2.4651899331884738e-5
14.200000000000001 2.646048250783895e-5
14.600000000000001 2.7354571098913907e-5
15.0 2.5538069887050145e-5
15.4 2.691437856665048e-5
15.8 2.1993306009510464e-5
16.2 2.4964163019634003e-5
16.6 2.3310066050492023e-5
17.0 2.593940369090521e-5
17.400000000000002 2.8504458470399496e-5
17.8 2.3044512781396966e-5
18.2 2.5991793182961964e-5
18.6 2.5319266311807482e-5
19.0 2.3331373401569228e-5
19.400000000000002 2.5600233496849475e-5
19.8 2.2982011864649374e-5
20.200000000000003 2.4252745215932824e-5
20.6 2.2561726088367724e-5
21.0 2.5730009212865035e-5
21.400000000000002 2.4122004042909322e-5
21.8 2.6452263067615648e-5
22.200000000000003 2.248009210701535e-5
22.6 2.4963527792294283e-5
23.0 2.607433202642253e-5
23.400000000000002 2.452048686337824e-5
23.8 2.321342996930153e-5
24.200000000000003 2.348928296311373e-5
24.6 2.38063819596758e-5
25.0 2.373921836399875e-5
25.400000000000002 2.250113551291256e-5
25.8 2.358465784158606e-5
26.200000000000003 2.528422691473988e-5
26.6 2.399932188380695e-5
27.0 2.1087700435541294e-5
27.400000000000002 2.569561890715112e-5
27.8 2.252925662917312e-5
28.200000000000003 2.307269548603789e-5
28.6 2.1569594844454143e-5
29.0 2.2545804328501835e-5
29.400000000000002 2.4982543884362283e-5
29.8 2.444443005358693e-5
30.200000000000003 2.3141323841411038e-5
30.6 2.3878684223210117e-5
31.0 2.046829893777089e-5
31.400000000000002 2.491655421160204e-5
31.8 2.519433900381733e-5
32.2 2.0470016872102787e-5
32.6 2.230482540541386e-5
33.0 2.647062010972078e-5
33.4 2.321898212487718e-5
33.800000000000004 2.0607177813312984e-5
34.2 2.1739189240032766e-5
34.6 2.383466707769683e-5
35.0 2.5016293824112128e-5
35.4 2.4522884426802357e-5
35.800000000000004 2.458034067693177e-5
36.2 2.2293682599527657e-5
36.6 2.5459558583841997e-5
37.0 2.0684585473031432e-5
37.4 2.1039327086271533e-5
37.800000000000004 2.1232129990251882e-5
38.2 2.3596246227800626e-5
38.6 2.1765026725461995e-5
39.0 2.3545944760231445e-5
39.400000000000006 1.9655881669324206e-5
39.800000000000004 2.3808539897693294e-5
