# k values and corresponding S(k) [pure estimator]
0.0 0.9174574065633332
0.10471975511965977 0.9647139046366988
0.20943951023931953 0.9585855251233305
0.3141592653589793 0.962149934055495
0.41887902047863906 0.9722881939153256
0.5235987755982988 0.9679104430272417
0.6283185307179586 0.9511079276624878
0.7330382858376183 0.9666895633739512
0.8377580409572781 0.971561563816573
0.9424777960769379 0.9700216529008802
1.0471975511965976 0.9660461303740391
1.1519173063162573 0.9653089584666706
1.2566370614359172 0.9701115172062468
1.361356816555577 0.9719715805969846
1.4660765716752366 0.9656251097269428
1.5707963267948966 0.9711673319626364
1.6755160819145563 0.9682653292342002
1.780235837034216 0.9691805572599967
1.8849555921538759 0.9868131815434976
1.9896753472735356 0.9627989483268081
2.0943951023931953 0.9674540238088233
2.199114857512855 0.965028999704
2.3038346126325147 0.958063685233821
2.4085543677521746 0.9694440853832951
2.5132741228718345 0.9732547662669039
2.617993877991494 0.9624584300987109
2.722713633111154 0.9671410560754526
2.827433388230814 0.965447015172748
2.9321531433504733 0.9743333109931
3.036872898470133 0.9666908902882876
3.141592653589793 0.9587834050731546
3.2463124087094526 0.959435776536717
3.3510321638291125 0.9658388953788745
3.4557519189487724 0.9653826647265952
3.560471674068432 0.9706551320634026
3.665191429188092 0.9708295717141636
3.7699111843077517 0.9667202025826683
3.874630939427411 0.9593149963901515
3.979350694547071 0.9767034640692821
4.084070449666731 0.9776619383354295
4.1887902047863905 0.9700787684653768
4.29350995990605 0.9711489898057946
4.39822971502571 0.9626863047333183
4.50294947014537 0.9828899817936114
4.607669225265029 0.9725098038019927
4.71238898038469 0.9608230345181189
4.817108735504349 0.9606682383829442
4.921828490624009 0.971137563121931
5.026548245743669 0.9600882406270623
5.1312680008633285 0.984050497105533
5.235987755982988 0.9799980675517519
5.340707511102648 0.9745786809593424
5.445427266222308 0.9735628948054235
5.550147021341967 0.9625398205399013
5.654866776461628 0.9689169368002148
5.759586531581287 0.965612704809355
5.864306286700947 0.9771549475330389
5.969026041820607 0.9719106763894759
6.073745796940266 0.9756543327129115
6.178465552059926 0.9647030508758286
6.283185307179586 0.9682528664926273
6.387905062299246 0.9716326791928975
6.492624817418905 0.9752765649799621
6.5973445725385655 0.9710131115829284
6.702064327658225 0.9649573448728156
6.8067840827778845 0.9726550524724471
6.911503837897545 0.9697746761306378
7.016223593017204 0.9599659399991568
7.120943348136864 0.9597092433589121
7.225663103256524 0.9617267900723072
7.330382858376184 0.9815682348706751
7.435102613495843 0.9609318055365031
7.5398223686155035 0.9688600687665295
7.644542123735163 0.9704984054203903
7.749261878854822 0.9770386480736973
