# r  Cs(r) [pure estimator]
0.025 7.809400205333243e-6
0.07500000000000001 7.755699141731499e-7
0.125 5.221728399395597e-6
0.17500000000000002 1.7544880173149e-5
0.225 3.6973331777352806e-6
0.275 5.129012844365585e-6
0.325 -2.902908959179824e-6
0.375 3.4993890974351747e-6
0.42500000000000004 5.411369227077587e-6
0.47500000000000003 -1.1308115609029746e-6
0.525 3.203926838803109e-6
0.5750000000000001 4.321117872196898e-6
0.625 1.2761929505152554e-6
0.675 3.8043378896258564e-6
0.7250000000000001 -2.199514369817205e-6
0.775 6.432829093332999e-6
0.8250000000000001 4.885918120077606e-6
0.875 1.0602602900907988e-5
0.925 9.804914913907674e-6
0.9750000000000001 6.510349111732547e-6
1.0250000000000001 2.71784209819269e-6
1.075 -5.698240522088762e-7
1.125 3.6530630273864694e-6
1.175 2.5812862219507022e-6
1.225 8.223856107983733e-6
1.2750000000000001 6.399807788114085e-6
1.3250000000000002 -3.6386473180521214e-6
1.375 3.0219035694718807e-6
1.425 9.231368849819344e-6
1.475 3.924051538588926e-6
1.5250000000000001 3.3643507714305343e-6
1.5750000000000002 1.448126493795703e-6
1.625 4.879554679976687e-6
1.675 2.614693453612816e-6
1.725 8.11380485605281e-7
1.7750000000000001 7.4641917234758514e-6
1.8250000000000002 -3.05400018782243e-6
1.875 7.583153931819166e-6
1.925 -7.17172007019043e-7
1.975 1.1411588365148907e-6
2.025 1.917501944510722e-6
2.075 2.6475463915284227e-6
2.125 4.542628412039499e-6
2.1750000000000003 -3.556384491378475e-6
2.225 -5.917575742488744e-6
2.275 5.87956956155084e-6
2.325 -2.8571513138166315e-6
2.375 8.933994234799425e-6
2.4250000000000003 9.297341168824302e-6
2.475 6.695843636062198e-6
2.5250000000000004 -1.6292655976071634e-6
2.575 4.404595538328186e-6
2.625 3.5913132638375497e-6
2.6750000000000003 -3.2252613375542873e-7
2.725 6.938519628874963e-6
2.7750000000000004 -1.951469963578944e-6
2.825 2.15045348276506e-6
2.875 5.523512599459762e-6
2.9250000000000003 4.219371846276423e-6
2.975 1.1613062901646676e-5
3.0250000000000004 2.7848107211062266e-6
3.075 3.0672518701786472e-6
3.125 -4.164525673407322e-6
3.1750000000000003 1.498179641571832e-6
3.225 9.169007270503191e-6
3.2750000000000004 2.962690533403317e-6
3.325 -5.325128382928261e-6
3.375 -1.4393351761709095e-6
3.4250000000000003 1.718079483278926e-6
3.475 -3.2240749269856034e-6
3.5250000000000004 7.749106904632136e-6
3.575 -4.7730533607738225e-6
3.625 6.152673824978296e-6
3.6750000000000003 6.550438394393947e-6
3.725 5.3842158797419235e-6
3.7750000000000004 -2.283149478657991e-6
3.825 7.079777260573401e-6
3.875 2.2753311099497926e-6
3.9250000000000003 1.4194216980180004e-6
3.975 1.0737634125516073e-5
4.025 8.467728888575094e-6
4.075 2.470577580697903e-6
4.125 -7.566280859030103e-7
4.175 6.346604430417485e-6
4.2250000000000005 -1.7480165541364216e-6
4.275 -1.638409168228586e-6
4.325 1.1485422186321745e-5
4.375 -3.7702269753534758e-6
4.425 7.5269087993438405e-6
4.4750000000000005 3.028208451800407e-6
4.525 9.724064059000687e-7
4.575 1.1940035695555175e-6
4.625 9.300000587823619e-6
4.675 2.234803824335396e-6
4.7250000000000005 -6.947930392650865e-7
4.775 6.268883867529065e-7
4.825 -8.74681092927678e-6
4.875 -2.1214649738762647e-6
4.925000000000001 -6.886492030328822e-7
4.9750000000000005 1.4778893355743178e-6
