# block  <P^2>
1 0.0
2 0.023878888888888925
3 0.03101111111111119
4 0.025080000000000102
5 0.047763318874429916
6 0.03638666666666689
7 0.027884444444444517
8 0.04073444444444445
9 0.024016666666666735
10 0.031045621045621172
11 0.029781111111111286
12 0.028386666666666734
13 0.03557000000000002
14 0.021747777777777855
15 0.027462222222222426
16 0.025872222222222376
17 0.0234377777777779
18 0.02933666666666694
19 0.024285555555555637
20 0.04317444444444446
21 0.03583444444444455
22 0.03127666666666674
23 0.02856254856254864
24 0.023215555555555652
25 0.02247444444444439
26 0.028530358530358565
27 0.03084666666666682
28 0.03194555555555571
29 0.0303055555555557
30 0.02778888888888909
31 0.031274444444444716
32 0.04171444444444452
33 0.028672438672438794
34 0.02761888888888897
35 0.044066666666666456
36 0.024781111111111156
37 0.032588888888889105
38 0.028312222222222426
39 0.030617160617160948
40 0.034931111111111364
41 0.028415555555555753
42 0.023752222222222404
43 0.0321822222222224
44 0.03789901012123253
45 0.03534534534534536
46 0.026695584473362382
47 0.030794444444444652
48 0.024326666666666785
49 0.03355777777777811
50 0.03325222222222232
51 0.03248000000000004
52 0.03207333333333348
53 0.021426351426351516
54 0.02652555555555559
55 0.030780000000000012
56 0.02309579309579313
57 0.03998888888888883
58 0.024515555555555662
59 0.028836666666666802
60 0.027893333333333433
61 0.03773555555555576
62 0.02879777777777785
63 0.034251111111111156
64 0.032663333333333426
65 0.03171555555555573
66 0.029423333333333516
67 0.02414555555555566
68 0.029089799089799157
69 0.030044488933377963
70 0.03268444444444462
71 0.02115000000000007
72 0.033687777777777754
73 0.03490888888888883
74 0.0282388888888891
75 0.02705555555555575
76 0.0225622222222222
77 0.029956666666666742
78 0.026774336774337038
79 0.02758444444444459
80 0.030242222222222316
81 0.026831111111111236
82 0.025531111111111206
83 0.03656444444444455
84 0.027664444444444464
85 0.027415555555555707
86 0.023114444444444444
87 0.028025555555555776
88 0.03323565323565348
89 0.04477078477078463
90 0.028946666666666777
91 0.024295555555555817
92 0.03156666666666678
93 0.0344956067178291
94 0.03030777777777797
95 0.029567777777777988
96 0.026437777777777945
97 0.03513333333333352
98 0.029220000000000166
99 0.025721111111111222
100 0.02548333333333342
101 0.02697000000000019
102 0.023744444444444544
103 0.028907777777777872
104 0.03256000000000011
105 0.02422111111111126
106 0.02405111111111127
107 0.03086000000000009
108 0.025869685869686077
109 0.028890000000000065
110 0.0295022222222224
111 0.03874111111111117
112 0.028971111111111326
113 0.021965555555555585
114 0.03031000000000018
115 0.026971111111111116
116 0.02794666666666671
117 0.02799444444444451
118 0.026976666666666718
119 0.0323133333333335
120 0.02899121343565799
121 0.02858333333333335
122 0.029450000000000146
123 0.030896666666666718
124 0.036271111111111254
125 0.036402222222222426
126 0.026563333333333567
127 0.03396714396714409
128 0.043275497719942116
129 0.030622710622710752
130 0.027640000000000095
131 0.03586746586746578
132 0.028737928737928815
133 0.033087777777778035
134 0.03186777777777798
135 0.03636222222222235
136 0.03262111111111128
137 0.04268111111111124
138 0.022586666666666696
139 0.037075964853742704
140 0.026812222222222376
141 0.03044888888888911
142 0.02142555555555563
143 0.029263333333333436
144 0.031198888888889054
145 0.030096666666666702
146 0.040220000000000075
147 0.03552663774886004
148 0.022076666666666765
149 0.024148888888889025
150 0.02817555555555572
151 0.027282222222222364
152 0.03506111111111121
153 0.031017684351017722
154 0.026205555555555784
155 0.03928888888888905
156 0.03352018685352037
157 0.03347888888888898
158 0.035898888888888966
159 0.03058333333333354
160 0.02771333333333335
161 0.02778666666666672
162 0.032288888888889
163 0.03381111111111135
164 0.026321877432988732
165 0.02913222222222231
166 0.027574240907574394
167 0.03324333333333345
168 0.03896000000000011
169 0.03169666666666686
170 0.02178424161373017
171 0.01612888888888887
172 0.02738777777777787
173 0.029182222222222415
174 0.02602000000000014
175 0.02947555555555579
176 0.028010000000000108
177 0.023281111111111273
178 0.02621333333333349
179 0.028455555555555616
180 0.03231342453564681
181 0.022502502502502568
182 0.03015555555555584
183 0.028060000000000085
184 0.048401735068401786
185 0.022188888888888914
186 0.030571111111111153
187 0.03302222222222231
188 0.03278555555555565
189 0.03615495615495625
190 0.024124444444444528
191 0.03879666666666677
192 0.03096888888888901
193 0.02718444444444457
194 0.032475809142476
195 0.031959151959152055
196 0.0321243465687911
197 0.03370444444444475
198 0.02613777777777791
199 0.021005555555555607
200 0.024135555555555716
201 0.036168888888888785
202 0.031357777777777866
203 0.027674444444444758
204 0.029245555555555573
205 0.029642222222222434
206 0.032178932178932244
207 0.03059666666666676
208 0.03304000000000004
