# block  <|P|>
1 0.0
2 0.12983333333333377
3 0.14480000000000007
4 0.12673333333333334
5 0.16089422756089403
6 0.15426666666666566
7 0.13073333333333276
8 0.16349999999999987
9 0.12863333333333346
10 0.14142524142524085
11 0.1439666666666663
12 0.14080000000000056
13 0.14716666666666683
14 0.11823333333333318
15 0.13526666666666687
16 0.13129999999999997
17 0.11926666666666674
18 0.13923333333333268
19 0.12116666666666667
20 0.1637666666666661
21 0.15916666666666585
22 0.1454333333333332
23 0.13246753246753293
24 0.11913333333333373
25 0.11603333333333304
26 0.13629703629703635
27 0.13579999999999973
28 0.144366666666666
29 0.1402333333333332
30 0.12979999999999964
31 0.14343333333333272
32 0.1701666666666655
33 0.13549783549783492
34 0.12803333333333372
35 0.16006666666666527
36 0.12369999999999999
37 0.14786666666666662
38 0.13696666666666624
39 0.1422244422244409
40 0.14993333333333186
41 0.13346666666666604
42 0.12096666666666663
43 0.14139999999999894
44 0.1545879212545871
45 0.15625625625625578
46 0.13680347013680313
47 0.1418999999999995
48 0.12379999999999959
49 0.15113333333333295
50 0.1462333333333328
51 0.14999999999999947
52 0.14826666666666555
53 0.11665001665001641
54 0.1303666666666667
55 0.13926666666666715
56 0.12430902430902482
57 0.1620666666666657
58 0.12613333333333332
59 0.13983333333333292
60 0.13233333333333347
61 0.1633999999999995
62 0.13286666666666672
63 0.1558666666666665
64 0.14629999999999954
65 0.14933333333333262
66 0.13643333333333377
67 0.12349999999999996
68 0.13902763902763943
69 0.13677010343676957
70 0.14513333333333328
71 0.1205000000000001
72 0.15423333333333297
73 0.14599999999999974
74 0.12909999999999924
75 0.13566666666666596
76 0.1268000000000006
77 0.13936666666666658
78 0.13016983016982972
79 0.13479999999999956
80 0.13866666666666605
81 0.12926666666666597
82 0.12999999999999998
83 0.15066666666666645
84 0.13320000000000037
85 0.13666666666666627
86 0.12003333333333348
87 0.1347666666666661
88 0.14412254412254352
89 0.16416916416916347
90 0.13200000000000014
91 0.12266666666666565
92 0.14299999999999963
93 0.15031698365031676
94 0.14029999999999948
95 0.1398333333333328
96 0.13019999999999937
97 0.15419999999999978
98 0.1423999999999999
99 0.1336333333333331
100 0.12563333333333263
101 0.1292333333333325
102 0.12886666666666632
103 0.13263333333333338
104 0.14460000000000017
105 0.12376666666666689
106 0.12853333333333317
107 0.14126666666666576
108 0.1296703296703288
109 0.14016666666666627
110 0.14313333333333286
111 0.1683666666666655
112 0.13539999999999913
113 0.12076666666666698
114 0.14196666666666613
115 0.13213333333333316
116 0.1311333333333331
117 0.13576666666666692
118 0.13190000000000024
119 0.13993333333333316
120 0.13760427093760375
121 0.13983333333333312
122 0.145233333333333
123 0.1347666666666669
124 0.1533333333333323
125 0.15093333333333228
126 0.12889999999999932
127 0.15367965367965325
128 0.17087087087087025
129 0.14338994338994276
130 0.12713333333333376
131 0.1429570429570427
132 0.13839493839493833
133 0.15056666666666602
134 0.14183333333333237
135 0.15053333333333285
136 0.13929999999999906
137 0.16563333333333313
138 0.11773333333333341
139 0.15618952285618873
140 0.13463333333333355
141 0.14173333333333274
142 0.1192333333333334
143 0.12970000000000007
144 0.1404333333333328
145 0.14043333333333313
146 0.16653333333333312
147 0.1461461461461464
148 0.12003333333333355
149 0.12673333333333367
150 0.13213333333333327
151 0.13213333333333324
152 0.14523333333333244
153 0.13747080413747045
154 0.13203333333333264
155 0.15753333333333258
156 0.1446780113446775
157 0.14723333333333344
158 0.15496666666666678
159 0.13963333333333286
160 0.13700000000000004
161 0.13739999999999963
162 0.1495333333333328
163 0.15006666666666624
164 0.12485819152485803
165 0.1389666666666671
166 0.13206539873206474
167 0.15136666666666582
168 0.16026666666666534
169 0.1422333333333327
170 0.11959210966231999
171 0.09973333333333373
172 0.12616666666666687
173 0.13526666666666565
174 0.13079999999999983
175 0.14366666666666603
176 0.13709999999999947
177 0.12543333333333334
178 0.13053333333333336
179 0.13479999999999975
180 0.14310977644310965
181 0.12138805472138811
182 0.14066666666666522
183 0.13719999999999943
184 0.17577577577577588
185 0.11906666666666638
186 0.13986666666666628
187 0.14773333333333322
188 0.15003333333333307
189 0.14945054945054922
190 0.12000000000000002
191 0.15276666666666558
192 0.14053333333333318
193 0.1344000000000004
194 0.14731398064731374
195 0.1446553446553449
196 0.13683683683683645
197 0.15619999999999928
198 0.1263333333333334
199 0.11703333333333307
200 0.12020000000000011
201 0.1553333333333327
202 0.1478666666666658
203 0.13109999999999944
204 0.14103333333333345
205 0.13599999999999923
206 0.14925074925074877
207 0.14463333333333284
208 0.15306666666666627
