block_size         error    difference      rel_diff
-------------------------------------------------------
       2  2.365069e-07  9.790832e-08  4.139766e-01
       4  3.344152e-07  1.383852e-07  4.138125e-01
       8  4.728004e-07  1.954897e-07  4.134718e-01
      16  6.682901e-07  2.758711e-07  4.128014e-01
      32  9.441612e-07  3.885421e-07  4.115209e-01
      64  1.332703e-06  5.452108e-07  4.091014e-01
     128  1.877914e-06  7.597639e-07  4.045786e-01
     256  2.637678e-06  1.045980e-06  3.965533e-01
     512  3.683658e-06  1.411484e-06  3.831746e-01
    1024  5.095142e-06  1.837478e-06  3.606333e-01
    2048  6.932620e-06  2.291505e-06  3.305395e-01
    4096  9.224124e-06  2.580857e-06  2.797943e-01
    8192  1.180498e-05  3.038469e-06  2.573887e-01
   16384  1.484345e-05  3.632685e-06  2.447332e-01
   32768  1.847614e-05  6.213275e-07  3.362865e-02
   65536  1.909746e-05  7.202375e-07  3.771378e-02
  131072  1.981770e-05           ---           ---
