block_size         error    difference      rel_diff
-------------------------------------------------------
       2  1.033076e-07  4.275886e-08  4.138985e-01
       4  1.460664e-07  6.042667e-08  4.136931e-01
       8  2.064931e-07  8.533660e-08  4.132661e-01
      16  2.918297e-07  1.203687e-07  4.124621e-01
      32  4.121984e-07  1.694210e-07  4.110181e-01
      64  5.816194e-07  2.375001e-07  4.083427e-01
     128  8.191195e-07  3.309719e-07  4.040581e-01
     256  1.150091e-06  4.572584e-07  3.975844e-01
     512  1.607350e-06  6.234722e-07  3.878883e-01
    1024  2.230822e-06  8.429647e-07  3.778718e-01
    2048  3.073787e-06  1.132569e-06  3.684606e-01
    4096  4.206356e-06  1.493814e-06  3.551326e-01
    8192  5.700170e-06  1.832966e-06  3.215633e-01
   16384  7.533136e-06  2.030842e-06  2.695879e-01
   32768  9.563978e-06  1.404698e-06  1.468739e-01
   65536  1.096868e-05  1.301088e-06  1.186185e-01
  131072  1.226976e-05           ---           ---
