# k  S_n(k)
0.0 50.0
0.12566370614359174 0.2855674152741185
0.25132741228718347 1.0794839871801343
0.3769911184307752 0.9784809695285858
0.5026548245743669 0.6601138504006833
0.6283185307179586 0.25988901962640537
0.7539822368615504 0.4952952144912023
0.8796459430051422 1.1738515928849127
1.0053096491487339 1.0955612905862666
1.1309733552923256 0.4425742210097928
1.2566370614359172 0.445393649679939
1.3823007675795091 1.2405457441015633
1.5079644737231008 0.45334510033221137
1.6336281798666925 0.8708248594313037
1.7592918860102844 0.6247566164009222
1.884955592153876 0.7054023835952303
2.0106192982974678 1.0050471263391048
2.1362830044410597 0.8158351535884957
2.261946710584651 0.9445594932077984
2.387610416728243 1.0529292708011364
2.5132741228718345 1.220655315148946
2.6389378290154264 1.200426902783183
2.7646015351590183 1.0837067711341068
2.8902652413026098 1.3616891075746946
3.0159289474462017 1.2652046495484117
3.1415926535897936 0.8492806591880601
3.267256359733385 0.9116250491856834
3.392920065876977 0.9132740369016962
3.518583772020569 0.9879986781030717
3.6442474781641603 1.1125017057537336
3.769911184307752 1.1215361852692425
3.8955748904513436 0.8636630382210609
4.0212385965949355 0.9585558732679732
4.1469023027385274 1.0948126537851501
4.272566008882119 0.8911433744137949
4.39822971502571 1.1402187776834949
4.523893421169302 0.8517068714438875
4.649557127312894 1.0133166405724392
4.775220833456486 0.9316271431272708
4.900884539600078 0.9531878830513022
5.026548245743669 0.8431530155965093
5.152211951887261 1.0549535376012682
5.277875658030853 0.9304191912014852
5.403539364174445 0.9263142333857906
5.529203070318037 1.1150343681341066
5.6548667764616285 0.9184610085146606
5.7805304826052195 0.9657841434043558
5.906194188748811 1.1204797365859416
6.031857894892403 1.031049095377638
6.157521601035995 0.8840719812340314
6.283185307179587 0.9306580389779431
6.408849013323178 0.984779656226548
6.53451271946677 0.9853051048418849
6.660176425610362 0.9893210674917823
6.785840131753954 1.0794362470260275
6.911503837897546 0.9990969985177403
7.037167544041138 1.0572801515615433
7.162831250184729 1.0901758826996166
7.288494956328321 1.1207774229381133
7.4141586624719125 0.9952782118596343
7.539822368615504 0.9787875530910978
7.665486074759096 1.0042501903075094
7.791149780902687 1.0225912078408237
7.916813487046279 1.002305647327571
8.042477193189871 0.9594999895370993
8.168140899333462 1.0481376618165905
8.293804605477055 0.9492676610407662
8.419468311620646 1.098231663289047
8.545132017764239 0.9735815822486634
8.67079572390783 0.9382680263657696
8.79645943005142 0.9826378748462424
8.922123136195014 0.9921479414293722
9.047786842338605 0.9771708809085643
9.173450548482197 1.044541430732246
9.299114254625788 1.0087460515831208
9.42477796076938 1.0652069828664243
9.550441666912972 0.9309842928405144
9.676105373056563 1.0920462168695741
9.801769079200156 1.0482499022777598
9.927432785343747 0.9265266933436188
10.053096491487338 1.0469906805441533
10.17876019763093 0.9920915553495924
10.304423903774522 1.005608675670582
10.430087609918115 1.0418889937371338
10.555751316061706 1.0041793180452256
10.681415022205298 0.9283133332271543
10.80707872834889 1.003838922923694
10.93274243449248 0.9725246417879081
11.058406140636073 0.9691937139943929
11.184069846779664 0.9913650561136832
11.309733552923257 0.9546440742136061
11.435397259066848 0.9234797181020459
11.561060965210439 0.8931065124181882
11.686724671354032 0.9448821469143333
11.812388377497623 0.9629539423183604
11.938052083641216 1.0343315131572637
12.063715789784807 0.943467784094283
12.189379495928398 1.0377141515240693
12.31504320207199 1.00101374003194
12.440706908215581 0.9522516422719407
