# r  Cs(r) [pure estimator]
0.025 0.00015112537989729006
0.07500000000000001 0.0001478204899042646
0.125 0.00012921580101956216
0.17500000000000002 0.00013803590269433945
0.225 0.00013507169500498012
0.275 0.0001307439981492083
0.325 0.0001347782046117507
0.375 0.00012746308493033986
0.42500000000000004 0.00015238868575946288
0.47500000000000003 0.00013098950907618106
0.525 0.00012972669984047798
0.5750000000000001 0.00013606572269116095
0.625 0.00013816856139237457
0.675 0.00013349594546349053
0.7250000000000001 0.00012590046903559422
0.775 0.00013640414236100492
0.8250000000000001 0.0001398113707838932
0.875 0.00012895154845648686
0.925 0.00014095666685899326
0.9750000000000001 0.000142739532849497
1.0250000000000001 0.00013868366156213454
1.075 0.00014174376507220597
1.125 0.00013995207972939297
1.175 0.0001383166536464727
1.225 0.00013705727218654075
1.2750000000000001 0.00013337817757162924
1.3250000000000002 0.00013414596642217903
1.375 0.00013730293868312904
1.425 0.0001385909794598206
1.475 0.0001362596026864446
1.5250000000000001 0.00012727504012983814
1.5750000000000002 0.0001390727919919564
1.625 0.00012767883546777642
1.675 0.00013152212974829324
1.725 0.00013591114192672434
1.7750000000000001 0.00012527738477307983
1.8250000000000002 0.00014726759844911754
1.875 0.00013480716389159658
1.925 0.00013448540496591724
1.975 0.00012665015070540946
2.025 0.00014577048301364656
2.075 0.00014005376839822678
2.125 0.00014585808356268985
2.1750000000000003 0.00014260233899293865
2.225 0.00012738655154131018
2.275 0.00013687297245986232
2.325 0.00014266609052847486
2.375 0.00012897132805931
2.4250000000000003 0.00012563234148044663
2.475 0.00012563362173508943
2.5250000000000004 0.00012042342619322475
2.575 0.00013534473167971822
2.625 0.00012786603831803822
2.6750000000000003 0.00014085418879226312
2.725 0.00013813585064089727
2.7750000000000004 0.0001376045290490686
2.825 0.00013736178313059793
2.875 0.000130406106913181
2.9250000000000003 0.00013471158160140552
2.975 0.0001403868180077014
3.0250000000000004 0.00013371538541468602
3.075 0.00014412057939611412
3.125 0.00013995222669459448
3.1750000000000003 0.00013146776616932226
3.225 0.00014076965429106857
3.2750000000000004 0.0001388649056799064
3.325 0.00013550214663240898
3.375 0.00013417362519897334
3.4250000000000003 0.00013808056741372398
3.475 0.00013008631274947114
3.5250000000000004 0.00013062050522431675
3.575 0.00012743856479198115
3.625 0.00012867528602905767
3.6750000000000003 0.00013414578849004088
3.725 0.0001416257253509093
3.7750000000000004 0.000136816778602603
3.825 0.00012888748121469052
3.875 0.00014053667945523684
3.9250000000000003 0.0001331064389270042
3.975 0.0001288503854517388
4.025 0.00014399097980747144
4.075 0.00013239193183792945
4.125 0.00013202177022587756
4.175 0.00012763133790225325
4.2250000000000005 0.0001312240811594117
4.275 0.00013016993742977185
4.325 0.00013598562504224757
4.375 0.00012683140953727664
4.425 0.0001343298476227638
4.4750000000000005 0.0001414737444966765
4.525 0.00012019517815921713
4.575 0.0001354499477113125
4.625 0.0001401221448094969
4.675 0.00013536384698672644
4.7250000000000005 0.00012967294961803384
4.775 0.00014141987181902772
4.825 0.00014345373023680552
4.875 0.00013536286742009128
4.925000000000001 0.00013496745181068652
4.9750000000000005 0.00013160340027451432
