0.225 0.07659057912350084
0.675 0.0566392225483293
1.125 0.10145691520430242
1.575 0.05871851306183283
2.025 0.009491547377681191
2.475 -0.00266804355811276
2.9250000000000003 -0.05666230299641677
3.375 0.0017194206901870331
3.825 0.023218299152392916
4.275 -0.006268098309558412
4.7250000000000005 -0.0458850766503285
5.175 -0.11483518798309214
5.625 -0.07970517391478221
6.075 -0.04278151194139396
6.525 -0.04788011751863595
6.9750000000000005 0.0008525120378248354
7.425 0.07075582320228156
7.875 0.04571864151307836
8.325000000000001 -0.02059796826875092
8.775 -0.030672593272156008
9.225 -0.10511855813668056
9.675 -0.1194583163977977
10.125 -0.06625735269681965
10.575000000000001 -0.07358765932865567
11.025 -0.0721472006837494
11.475 -0.08586546759322342
11.925 -0.07778501063229615
12.375 -0.07049543346484523
12.825000000000001 -0.0693396107096619
13.275 0.00905398690495038
13.725 0.05239143893856631
14.175 0.07880929608405121
14.625 0.1289361723252893
15.075000000000001 0.11703000686372156
15.525 0.11935512226055672
15.975 0.05885571170563236
16.425 0.03521185316581999
16.875 -0.043764686717302326
17.325 -0.10832799699974743
17.775000000000002 -0.07378202639751552
18.225 -0.06785365857942077
18.675 -0.09874209286810864
19.125 -0.12604779590425524
19.575 -0.09768569670213986
20.025000000000002 -0.06021082213988507
20.475 -0.0718235162727989
20.925 -0.0221632570866748
21.375 0.010866462245298924
21.825 0.031953564031800906
22.275000000000002 0.018263156515129008
22.725 0.022990557371910685
23.175 0.05846710746782021
23.625 0.07351127060670629
24.075 0.031897766822314405
24.525000000000002 -0.023603673580548525
24.975 -0.051290039366733695
25.425 -0.05773254715284998
25.875 -0.06766318303601815
26.325 -0.057506169967672396
26.775000000000002 -0.08324081368821894
27.225 -0.00864550555748316
27.675 0.03265712541271334
28.125 0.06374637689712327
28.575 0.1523610046127376
29.025000000000002 0.12248628208743406
29.475 0.09116816134576068
29.925 0.18497792404627947
30.375 0.21866876795987583
30.825 0.17043787508335187
31.275000000000002 0.05619980230598677
31.725 0.05670563542606919
32.175000000000004 0.05477457063578086
32.625 -0.03123489160224973
33.075 -0.06605035825896835
33.525 -0.09237252477861298
33.975 -0.04358301676232307
34.425000000000004 -0.04075168221663953
34.875 -0.06923179787700438
35.325 -0.04714265419498591
35.775 -0.04343982897666885
36.225 -0.02344713374762042
36.675000000000004 -0.045850804195977285
37.125 -0.015943240240005027
37.575 -0.013196888467707639
38.025 -0.019019899374742796
38.475 -0.03564101781658551
38.925000000000004 -0.05107188836745712
39.375 -0.04535151807197639
39.825 -0.08206687448415108
40.275 -0.13362334078968618
40.725 -0.16068066215986507
41.175000000000004 -0.14945878271398336
41.625 -0.10328017676197934
42.075 -0.09747573306849774
42.525 -0.03835440325691022
42.975 -0.04108885464817668
43.425000000000004 0.002809525750966029
43.875 0.08081126428028805
44.325 0.104598928986625
44.775 0.13116026526714472
