0.225 0.9338759883478984
0.675 0.9583387432376197
1.125 0.9033308364544319
1.575 0.925859342488556
2.025 0.9222913025384936
2.475 0.8759525593008739
2.9250000000000003 0.9304452767374116
3.375 0.9484727424053266
3.825 0.992535164377861
4.275 1.0005809404910528
4.7250000000000005 0.9954365376612567
5.175 1.0075530586766541
5.625 1.0862130669995838
6.075 1.1471527257594674
6.525 1.0859292550977944
6.9750000000000005 0.9840316271327507
7.425 1.0214465251768623
7.875 0.9608422804827299
8.325000000000001 0.9228531002913025
8.775 1.0000124843945069
9.225 1.0582621722846441
9.675 1.0483870162297129
10.125 1.0025842696629212
10.575000000000001 0.9243437369954224
11.025 0.953792759051186
11.475 0.9534148980441115
11.925 0.965330836454432
12.375 0.9734240532667499
12.825000000000001 1.088749063670412
13.275 1.0635280898876405
13.725 1.059852684144819
14.175 1.0286233874323762
14.625 1.003504785684561
15.075000000000001 1.0560357885975864
15.525 1.0564727424053266
15.975 1.0589196837286725
16.425 1.0513682896379526
16.875 1.0205401581356637
17.325 0.987076987099459
17.775000000000002 0.9548605909280067
18.225 0.9509637952559301
18.675 1.035251768622555
19.125 1.044381190178943
19.575 1.0371427382438618
20.025000000000002 1.0551019558884727
20.475 1.031780274656679
20.925 1.0572367873491468
21.375 0.9922754889721181
21.825 0.9764444444444444
22.275000000000002 0.9524352892218061
22.725 0.9546866416978776
23.175 0.9766625052018311
23.625 0.9513999167707032
24.075 0.9965459841864336
24.525000000000002 1.0329662921348315
24.975 0.9977136912193092
25.425 1.0884294631710363
25.875 1.0726142322097378
26.325 1.0456645859342488
26.775000000000002 1.0543187682064086
27.225 1.0486799833541407
27.675 0.9837003745318352
28.125 0.9893491468997087
28.575 0.9716371202663338
29.025000000000002 0.89619392426134
29.475 0.8808655846858094
29.925 0.9045260091552226
30.375 0.9903362463587183
30.825 0.977264253017062
31.275000000000002 0.998843112775697
31.725 1.0715464003329171
32.175000000000004 1.065706200582605
32.625 1.0644952143154391
33.075 1.053578859758635
33.525 1.0248189762796505
33.975 1.023451518934665
34.425000000000004 0.9808813982521848
34.875 0.9818360382854765
35.325 1.0031152725759467
35.775 1.0318002496878902
36.225 1.0235230961298376
36.675000000000004 1.0091069496462755
37.125 0.9593466500208073
37.575 1.000401997503121
38.025 1.001485642946317
38.475 0.9575039533915939
38.925000000000004 0.9976379525593009
39.375 1.0278285476487723
39.825 0.9764144818976279
40.275 0.9704552642530171
40.725 1.0157070328755722
41.175000000000004 1.0559966708281314
41.625 1.090059925093633
42.075 1.0562197253433208
42.525 1.0075871826883063
42.975 0.9775813566375364
43.425000000000004 0.9151052850603413
43.875 0.9168506034124012
44.325 0.95470911360799
44.775 0.9276113191843529
