# k  S_n(k)
0.0 80.0
0.07853981633974483 0.6912297093669848
0.15707963267948966 0.6302978785829131
0.23561944901923448 0.37077367504853004
0.3141592653589793 0.3610174755880059
0.39269908169872414 0.21175242946364575
0.47123889803846897 0.3991954750652127
0.5497787143782138 0.44874384007101403
0.6283185307179586 0.20468947900777248
0.7068583470577035 0.6664237337161566
0.7853981633974483 0.35505411172100204
0.8639379797371931 1.7727178711210623
0.9424777960769379 2.1479718901981877
1.0210176124166828 0.85251543123175
1.0995574287564276 1.2198454710403352
1.1780972450961724 1.7423021702169579
1.2566370614359172 2.1489383389515004
1.335176877775662 0.7100964003242636
1.413716694115407 0.9266963344310312
1.4922565104551517 1.9796976003024453
1.5707963267948966 0.517940749998592
1.6493361431346414 0.9551129753771939
1.7278759594743862 1.1316844567998168
1.806415775814131 0.7828264193157601
1.8849555921538759 0.6922571687699276
1.9634954084936207 1.3369678324555994
2.0420352248333655 0.7203950634714571
2.1205750411731104 0.7439207087321991
2.199114857512855 0.9836702691525073
2.2776546738526 0.49947571208482233
2.356194490192345 0.8632683839284405
2.4347343065320897 0.7862331606579315
2.5132741228718345 0.7870485875173424
2.5918139392115793 0.5986655768337387
2.670353755551324 1.1920009698478915
2.748893571891069 0.7223446025982947
2.827433388230814 1.0885583196127346
2.9059732045705586 1.0001582316432462
2.9845130209103035 1.091059923478745
3.0630528372500483 0.9393282395733713
3.141592653589793 1.045222093321889
3.220132469929538 0.6396798537948002
3.2986722862692828 1.3719219220388446
3.3772121026090276 0.9134046400035233
3.4557519189487724 0.9760334642927949
3.5342917352885173 0.9147919095251428
3.612831551628262 0.8694103101376262
3.691371367968007 0.9439003575934232
3.7699111843077517 1.0633060471724776
3.8484510006474966 1.0537400891607203
3.9269908169872414 1.2298040753763024
4.005530633326986 0.9305915518564406
4.084070449666731 0.9622767333734187
4.162610266006476 1.0607966347556246
4.241150082346221 1.273947806975692
4.319689898685965 0.8927278832826616
4.39822971502571 0.9017487011297608
4.476769531365456 1.2373410440691328
4.5553093477052 1.0114267823729084
4.633849164044944 0.7487474141542065
4.71238898038469 0.9527926634433727
4.790928796724435 1.061087588592113
4.869468613064179 1.0171033564384884
4.948008429403924 1.2440184977635935
5.026548245743669 1.0779987351584637
5.105088062083414 0.9553432725212438
5.183627878423159 0.9230911852622508
5.262167694762903 1.0041513169350833
5.340707511102648 1.3081780435641996
5.419247327442394 0.8089351319145928
5.497787143782138 0.7975711585211849
5.576326960121882 0.8455786935302126
5.654866776461628 0.8172676141486883
5.733406592801373 0.8941857263405261
5.811946409141117 1.0486660887178652
5.890486225480862 1.00681299881651
5.969026041820607 1.0739378759933154
6.047565858160352 1.0259067501317156
6.126105674500097 1.0766117097350127
6.204645490839841 1.3162983023896353
6.283185307179586 0.9662575717398998
6.3617251235193315 1.0608014525127978
6.440264939859076 0.9577261298104542
6.51880475619882 1.1471781027011927
6.5973445725385655 1.0889572468960234
6.675884388878311 1.0784841262452078
6.754424205218055 0.9611292702921792
6.8329640215578 1.032771583279958
6.911503837897545 0.8690226803353861
6.99004365423729 0.9717977222607644
7.0685834705770345 1.1222578258566143
7.147123286916779 1.0432483945697708
7.225663103256524 0.8364376101070758
7.304202919596269 1.0655742909685924
7.382742735936014 1.0122139950597462
7.461282552275758 0.9188667163245695
7.5398223686155035 1.1131376147722294
7.618362184955249 1.0148641949721642
7.696902001294993 1.0032117772130456
7.7754418176347375 1.1781731512572016
