block_size         error    difference      rel_diff
-------------------------------------------------------
       2  6.951094e-07  2.879153e-07  4.142014e-01
       4  9.830247e-07  4.071628e-07  4.141939e-01
       8  1.390187e-06  5.757842e-07  4.141774e-01
      16  1.965972e-06  8.141972e-07  4.141449e-01
      32  2.780169e-06  1.151220e-06  4.140828e-01
      64  3.931389e-06  1.627403e-06  4.139512e-01
     128  5.558792e-06  2.299837e-06  4.137297e-01
     256  7.858629e-06  3.248575e-06  4.133768e-01
     512  1.110720e-05  4.581886e-06  4.125147e-01
    1024  1.568909e-05  6.450951e-06  4.111743e-01
    2048  2.214004e-05  9.016267e-06  4.072381e-01
    4096  3.115631e-05  1.235992e-05  3.967069e-01
    8192  4.351623e-05  1.602286e-05  3.682043e-01
   16384  5.953909e-05  1.794132e-05  3.013368e-01
   32768  7.748041e-05  1.906369e-05  2.460452e-01
   65536  9.654410e-05  2.536785e-06  2.627592e-02
  131072  9.908088e-05           ---           ---
