# k values and corresponding S(k) [pure estimator]
0.0 24.57348115920909
0.15707963267948966 0.769069658177281
0.3141592653589793 0.8821734325283733
0.47123889803846897 0.8981520921592839
0.6283185307179586 0.9442284765153949
0.7853981633974483 0.9543232207624002
0.9424777960769379 0.9249876465373874
1.0995574287564276 0.9583942799163773
1.2566370614359172 0.9616853000540059
1.413716694115407 0.9829788081267777
1.5707963267948966 0.9389249143192393
1.7278759594743862 0.9992985120475942
1.8849555921538759 0.9985891836454193
2.0420352248333655 0.9754555413786887
2.199114857512855 0.9933068562989157
2.356194490192345 0.9534674048656692
2.5132741228718345 0.9483217753591551
2.670353755551324 1.024125167511555
2.827433388230814 1.0100150859779164
2.9845130209103035 0.9401097631714612
3.141592653589793 0.9331239018570796
3.2986722862692828 1.0048852857357375
3.4557519189487724 0.9666254856454655
3.612831551628262 0.9086153281940156
3.7699111843077517 0.9447232922784577
3.9269908169872414 0.9873420097223166
4.084070449666731 0.983500894926266
4.241150082346221 0.9591843697102147
4.39822971502571 0.945807354812591
4.5553093477052 0.9730345661279381
4.71238898038469 0.9771481432472939
4.869468613064179 0.9761157645162344
5.026548245743669 0.9820186211863418
5.183627878423159 0.9895223311153364
5.340707511102648 0.9475488821546162
5.497787143782138 0.9599188725409962
5.654866776461628 0.9819762996902947
5.811946409141117 0.9993835945224099
5.969026041820607 0.9434407703974815
6.126105674500097 0.9730615014960704
6.283185307179586 0.9462558213966092
6.440264939859076 0.9503362155744829
6.5973445725385655 0.9289126375168107
6.754424205218055 0.9790761280640439
6.911503837897545 0.9949289533120863
7.0685834705770345 0.9781301985398227
7.225663103256524 0.9891036876382794
7.382742735936014 1.021136196095165
7.5398223686155035 0.9691757574542228
7.696902001294993 0.9513846756827374
7.853981633974483 0.9361282689247508
8.011061266653972 0.9400765513679084
8.168140899333462 0.9577203725654443
8.325220532012953 0.9712818934870291
8.482300164692441 0.9389854919600423
8.63937979737193 0.9856043076091433
8.79645943005142 0.9537428758241598
8.953539062730911 0.9648148046016033
9.1106186954104 1.019973309456135
9.267698328089889 0.9765839943099964
9.42477796076938 0.9412319409103856
9.58185759344887 0.9436473454100162
9.738937226128359 0.9734635000749571
9.896016858807847 0.9437854218344053
10.053096491487338 0.9800600069791424
10.210176124166829 0.9949303477527289
10.367255756846317 0.9960846531402325
10.524335389525806 1.0223291611433754
10.681415022205297 0.9298783507002477
10.838494654884787 1.0072871901164921
10.995574287564276 0.9644224027392418
11.152653920243765 0.9641680963671414
11.309733552923255 0.9660601028618365
11.466813185602746 0.9585075171777926
11.623892818282235 0.9450206649846605
