block_size         error    difference      rel_diff
-------------------------------------------------------
       2  4.202030e-09  1.713446e-09  4.077664e-01
       4  5.915476e-09  2.384203e-09  4.030451e-01
       8  8.299680e-09  3.268086e-09  3.937605e-01
      16  1.156777e-08  4.364685e-09  3.773144e-01
      32  1.593245e-08  5.560089e-09  3.489789e-01
      64  2.149254e-08  6.567646e-09  3.055779e-01
     128  2.806019e-08  7.042887e-09  2.509922e-01
     256  3.510307e-08  6.930405e-09  1.974302e-01
     512  4.203348e-08  8.122376e-09  1.932359e-01
    1024  5.015585e-08  1.119500e-08  2.232043e-01
    2048  6.135085e-08  1.741739e-08  2.838981e-01
    4096  7.876825e-08  2.355230e-08  2.990076e-01
    8192  1.023205e-07  2.970242e-08  2.902879e-01
   16384  1.320230e-07  3.669848e-08  2.779704e-01
   32768  1.687214e-07  3.526545e-08  2.090158e-01
   65536  2.039869e-07           ---           ---
