block_size         error    difference      rel_diff
-------------------------------------------------------
       2  5.739993e-07  2.370891e-07  4.130476e-01
       4  8.110884e-07  3.342729e-07  4.121288e-01
       8  1.145361e-06  4.699091e-07  4.102715e-01
      16  1.615270e-06  6.569806e-07  4.067310e-01
      32  2.272251e-06  9.091912e-07  4.001280e-01
      64  3.181442e-06  1.235112e-06  3.882239e-01
     128  4.416554e-06  1.623326e-06  3.675550e-01
     256  6.039881e-06  2.010338e-06  3.328440e-01
     512  8.050218e-06  2.239776e-06  2.782255e-01
    1024  1.028999e-05  2.132976e-06  2.072864e-01
    2048  1.242297e-05  1.586251e-06  1.276869e-01
    4096  1.400922e-05  6.811151e-07  4.861905e-02
    8192  1.469034e-05  7.222187e-07  4.916285e-02
   16384  1.541255e-05  3.310114e-07  2.147674e-02
   32768  1.574357e-05  -5.513914e-07  3.502329e-02
   65536  1.519217e-05  9.935920e-07  6.540157e-02
  131072  1.618577e-05           ---           ---
