# k  S_s(k)
0.0 0.0
0.07853981633974483 1.1160138494978398
0.15707963267948966 0.2851889958513925
0.23561944901923448 0.752834540377227
0.3141592653589793 1.1104396911801357
0.39269908169872414 0.26086621087578393
0.47123889803846897 0.8056080856154509
0.5497787143782138 1.6489165288057779
0.6283185307179586 0.6350246920205228
0.7068583470577035 0.4092885457204013
0.7853981633974483 2.6684661716976867
0.8639379797371931 0.4222146249283029
0.9424777960769379 0.2162917350034495
1.0210176124166828 0.290982883430086
1.0995574287564276 0.6497217955717031
1.1780972450961724 1.219778134142051
1.2566370614359172 0.6456804118602423
1.335176877775662 0.6755398045488105
1.413716694115407 1.3746062269712973
1.4922565104551517 0.9361941283223624
1.5707963267948966 1.541708067883386
1.6493361431346414 0.5851136510984571
1.7278759594743862 0.7558653604307607
1.806415775814131 1.768882890617512
1.8849555921538759 0.5889703763585129
1.9634954084936207 0.610384871141116
2.0420352248333655 0.5823527101938427
2.1205750411731104 1.585872156228895
2.199114857512855 1.0253191939211113
2.2776546738526 0.9276900092380967
2.356194490192345 0.6693271139911562
2.4347343065320897 1.0550377855059752
2.5132741228718345 0.9201668633807941
2.5918139392115793 1.0545877976000593
2.670353755551324 1.0106322929854212
2.748893571891069 1.3884720709729947
2.827433388230814 0.7622015598895214
2.9059732045705586 0.8954813269215238
2.9845130209103035 1.1898606694428986
3.0630528372500483 0.9709637106153581
3.141592653589793 0.8896636361312792
3.220132469929538 1.0832473104843623
3.2986722862692828 0.7735086374550093
3.3772121026090276 1.3676561579532514
3.4557519189487724 1.1064901329130858
3.5342917352885173 1.118816891366463
3.612831551628262 0.8026621108181046
3.691371367968007 0.7493044902618523
3.7699111843077517 0.9092330760311956
3.8484510006474966 0.984801480854648
3.9269908169872414 1.092226365124933
4.005530633326986 1.1251156547873982
4.084070449666731 1.205029688063308
4.162610266006476 0.995500611934516
4.241150082346221 0.9475608505947806
4.319689898685965 0.9638732079273378
4.39822971502571 0.8976912650227724
4.476769531365456 0.7591525894143647
4.5553093477052 1.1469038683113684
4.633849164044944 0.9576405736626031
4.71238898038469 1.0474224000623154
4.790928796724435 1.0642656585821895
4.869468613064179 1.04218321792651
4.948008429403924 1.3603427774361483
5.026548245743669 1.036192311197205
5.105088062083414 0.9848988850657266
5.183627878423159 0.8135310783583569
5.262167694762903 1.1097771491056716
5.340707511102648 0.9730467340871314
5.419247327442394 0.9473419977482599
5.497787143782138 1.0089627301855573
5.576326960121882 0.9460833092899833
5.654866776461628 0.9154339111679123
5.733406592801373 0.9479996468019267
5.811946409141117 1.0079087698141813
5.890486225480862 0.9623420156925414
5.969026041820607 0.8793749178804284
6.047565858160352 0.965770002424926
6.126105674500097 1.0130634368787188
6.204645490839841 0.9316317095288449
6.283185307179586 0.9291976720033789
6.3617251235193315 1.0129884657382355
6.440264939859076 0.9371153624505778
6.51880475619882 1.1631289749858207
6.5973445725385655 1.0249194872003422
6.675884388878311 0.9361579765644182
6.754424205218055 0.988411074838235
6.8329640215578 0.913791758435014
6.911503837897545 1.0178543697302915
6.99004365423729 0.9853042883861274
7.0685834705770345 1.0869679854457621
7.147123286916779 0.866138551186155
7.225663103256524 1.009840950399073
7.304202919596269 0.9839294350869803
7.382742735936014 0.9638388432497359
7.461282552275758 1.0021975813932227
7.5398223686155035 0.8764886138277046
7.618362184955249 0.9983011253524343
7.696902001294993 0.9620961825370297
7.7754418176347375 1.0635658814060664
