block_size         error    difference      rel_diff
-------------------------------------------------------
       2  2.062951e-08  8.534944e-09  4.137251e-01
       4  2.916445e-08  1.205463e-08  4.133331e-01
       8  4.121908e-08  1.700409e-08  4.125295e-01
      16  5.822317e-08  2.392646e-08  4.109439e-01
      32  8.214963e-08  3.351150e-08  4.079325e-01
      64  1.156611e-07  4.652501e-08  4.022528e-01
     128  1.621861e-07  6.357684e-08  3.919992e-01
     256  2.257630e-07  8.407540e-08  3.724056e-01
     512  3.098384e-07  1.058029e-07  3.414777e-01
    1024  4.156413e-07  1.223244e-07  2.943028e-01
    2048  5.379657e-07  1.200476e-07  2.231510e-01
    4096  6.580133e-07  1.099825e-07  1.671432e-01
    8192  7.679957e-07  8.327585e-08  1.084327e-01
   16384  8.512716e-07  1.697255e-08  1.993788e-02
   32768  8.682441e-07  1.208003e-07  1.391317e-01
   65536  9.890444e-07  5.038679e-08  5.094493e-02
  131072  1.039431e-06           ---           ---
