block_size         error    difference      rel_diff
-------------------------------------------------------
       2  7.529791e-08  3.114998e-08  4.136899e-01
       4  1.064479e-07  4.399186e-08  4.132713e-01
       8  1.504397e-07  6.204273e-08  4.124092e-01
      16  2.124825e-07  8.727518e-08  4.107406e-01
      32  2.997577e-07  1.221408e-07  4.074653e-01
      64  4.218985e-07  1.693087e-07  4.013019e-01
     128  5.912072e-07  2.307239e-07  3.902590e-01
     256  8.219311e-07  3.043807e-07  3.703239e-01
     512  1.126312e-06  3.792277e-07  3.366987e-01
    1024  1.505540e-06  4.250287e-07  2.823099e-01
    2048  1.930568e-06  3.931734e-07  2.036568e-01
    4096  2.323742e-06  3.007905e-07  1.294423e-01
    8192  2.624532e-06  1.459985e-07  5.562838e-02
   16384  2.770531e-06  7.599947e-08  2.743138e-02
   32768  2.846530e-06  -1.374718e-07  4.829452e-02
   65536  2.709058e-06  -1.405848e-07  5.189433e-02
  131072  2.568474e-06           ---           ---
