# r  Cs(r) [pure estimator]
0.075 0.0007316436760554649
0.22499999999999998 0.0007338555372142811
0.375 0.0007317908721195318
0.525 0.0007256009728025057
0.6749999999999999 0.0007332997999476095
0.825 0.0007189033792306302
0.975 0.0007303557511602518
1.125 0.0007352439452065058
1.275 0.0007294618106298227
1.425 0.0007290333000618579
1.575 0.0007492136448258406
1.7249999999999999 0.0007441965855232384
1.875 0.0007278239338638057
2.025 0.0007309273660907641
2.175 0.000724440034878629
2.3249999999999997 0.0007385662052806311
2.475 0.0007228863719640153
2.625 0.0007118914874790515
2.775 0.0007378603102202025
2.925 0.0007232970424017412
3.0749999999999997 0.0007391547849681382
3.225 0.0007306832634054946
3.375 0.0007053782450210671
3.525 0.0007231799222083799
3.675 0.0007240858944507542
3.8249999999999997 0.0007171161252223302
3.9749999999999996 0.0007153230728134634
4.125 0.000717744688403518
4.2749999999999995 0.0007458913278483916
4.425 0.0007326903028188536
4.575 0.0007270541396063613
4.725 0.0007499206790609312
4.875 0.0007355237701196494
5.0249999999999995 0.0007353888208360882
5.175 0.0007206803785201075
5.325 0.0007331330292491276
5.475 0.0007131204587165894
5.625 0.0007170948242470304
5.7749999999999995 0.0007390572918157167
5.925 0.0007283702023816457
6.075 0.0007297695318899711
6.225 0.0007284444578060653
6.375 0.0007306840955735084
6.5249999999999995 0.0007289516401242954
6.675 0.0007279081688717765
6.825 0.0007301698318356552
6.975 0.0007214152339537183
7.125 0.0007124670073168557
7.2749999999999995 0.0007427813164426465
7.425 0.0007283486543075895
7.574999999999999 0.0007225392438657115
7.725 0.0007141588530126917
7.875 0.0007119256262481397
8.025 0.0007156559359316124
8.174999999999999 0.0007190766097176235
8.325 0.0007284613329946669
8.475 0.0007238351344938842
8.625 0.0007237773023902137
8.775 0.0007383638619538792
8.924999999999999 0.0007107502577037127
9.075 0.0007294780267377159
9.225 0.0007212114812612105
9.375 0.0007285446579065038
9.525 0.0007179664115232837
9.674999999999999 0.0007275685033153272
9.825 0.0007381878824121959
9.975 0.0007445266296249291
10.125 0.0007071221611407441
10.275 0.0007279914940048724
10.424999999999999 0.0007368999048439568
10.575 0.0007218817700345488
10.725 0.0007287074097430956
10.875 0.0007055785106309929
11.025 0.0007077528805327694
11.174999999999999 0.0007342630467865722
11.325 0.0007366359808341604
11.475 0.0007245953564589853
11.625 0.0007151788011799687
11.775 0.0007017322696471956
11.924999999999999 0.0007234145402433141
12.075 0.0007268285694803227
12.225 0.0007242537501917695
12.375 0.0007347076733826919
12.525 0.0007399061960537152
12.674999999999999 0.0007146417015862225
12.825 0.0007277359519848192
12.975 0.0007133317878068847
13.125 0.000710210115321153
13.275 0.000714043916626639
13.424999999999999 0.0007205884342371638
13.575 0.0007029078977745183
13.725 0.0007156270073219746
13.875 0.0007332739959448219
14.025 0.000718288134789435
14.174999999999999 0.0007255158076587894
14.325 0.0007464718567463049
14.475 0.0007057797044434784
14.625 0.0007398561360813487
14.774999999999999 0.0007297012353704982
14.924999999999999 0.0007282810772015893
