# block  <P^4>
1 0.0
2 0.5671377580246791
3 0.6304655012345596
4 0.541534412656174
5 0.6070943832721617
6 0.4544818370370447
7 0.5620174024691382
8 0.43843219021490903
9 0.8211181234567837
10 0.5188362271604955
11 0.42729220740740675
12 0.46044535308642365
13 0.3826442666666676
14 0.6299700345679001
15 0.8787837432098752
16 0.6784466299132997
17 0.6916792639459298
18 0.8828234074073986
19 0.554555180246917
20 0.47473443950617267
21 0.47767178007178507
22 0.40580703209876784
23 0.5463484246913658
24 0.5907512098765444
25 0.801770975914178
26 0.5967382320987676
27 0.5233879901234613
28 0.46077886557886943
29 0.6923000493827182
30 0.5598779619125267
31 0.592685906172843
32 0.5587937987938004
33 0.5989181432098787
34 0.6019621530864165
35 0.5853555950617343
36 0.6268820543209933
37 0.41244100740740225
38 0.4873508543209829
39 0.4198971061728411
40 0.4822913185185152
41 0.614485353086412
42 0.5887855855855826
43 0.40742587654320445
44 0.30140239012345443
45 0.6783346567901178
46 0.6073781530864227
47 0.5487847200574059
48 0.6584775703703601
49 0.5728092049382648
50 0.7398029234567917
51 0.4501607308641979
52 0.9290632493827153
53 0.803955140740738
54 0.5197205333333401
55 0.45808956049382293
56 0.4679647802469136
57 0.4602690370370423
58 0.42779172345679606
59 0.4684469333333267
60 0.6324397037037052
61 0.45465983209876104
62 0.45744492146467863
63 0.7835370469135797
64 0.5575622402289028
65 0.4395573728395049
66 0.5556333074849542
67 0.6432376117709512
68 0.546814696296302
69 0.40528365432098545
70 0.758034804938264
71 0.5240824558157897
72 0.41248946172839607
73 0.6412858271604934
74 0.5252930970264338
75 0.6989850666666638
76 0.5538154469135725
77 0.5936205621538978
78 0.6345425833425858
79 0.5612857481481509
80 0.6966244422244374
81 0.5385377476241675
82 0.4611367901234548
83 0.7137409185185207
84 0.6425220543209804
85 0.6512327573660996
86 0.5564285234567924
87 0.40404620246913836
88 0.9245605925925863
89 0.5400268444444376
90 0.4370135073345041
91 0.5738015604938194
92 0.40311400204733844
93 0.6093835259259257
94 0.7043451654321001
95 0.4311335308642017
96 0.4911665322331959
97 0.5203688888888938
98 0.8845782365782288
99 0.8885043950617267
100 0.6993674469135771
101 0.5667008440539277
102 0.4718959604938329
103 0.47868509629629924
104 0.47743101125816995
105 0.6231417392701285
106 0.3577635358024737
107 0.952379298765431
108 0.4576307753086381
109 0.5013927899261269
110 0.603097619753081
111 0.5271068049382712
112 0.8578175209876513
113 0.5689638320987609
114 0.6948172839506103
115 0.5697991111111051
116 0.6134506666666687
117 0.7777301647326332
118 0.5014064790123417
119 0.8677976493827148
120 0.34894569876542936
121 0.4145594271604954
122 0.4993794782436716
123 0.5372552977886301
124 0.5679990123456784
125 0.4777686123456725
126 0.406824809876545
127 0.6444337473275762
128 0.7853603358024674
129 0.5655972416861305
130 0.6501207308641913
131 0.5190804740740675
132 0.4055467692801104
133 0.42840673760179787
134 0.5426181728394981
135 0.5764879802469165
136 0.5439568234234876
137 0.5075353086419806
138 0.4688171456790154
139 0.7629688296296302
140 0.44001208888888826
141 0.6613811160493777
142 0.5281203555555537
143 0.49110874074073296
144 0.9305709629629596
145 0.7012702222222205
146 0.8262067414067306
147 0.7568284839506131
148 0.3642717037037026
149 0.5226364154364227
150 0.4720186644894745
151 0.5398299280965887
152 0.683844167901223
153 0.3307416808926533
154 0.6065597827160377
155 0.8452926222222169
156 0.4346462808487505
157 0.4095041975308645
158 0.6464748839506121
159 0.508383306763561
160 0.6118291160493866
161 0.7174857820783732
162 0.41688319999999984
163 0.5356433788433711
164 0.4689281483948229
165 0.6382720197530877
166 0.6550705985372713
167 0.5386880970880868
168 0.5883393185185084
169 0.5956180180180147
170 0.6073442567901209
171 0.7042424493827164
172 0.6506316839506168
173 0.5489738113738084
174 0.45754245411913086
175 0.44244071111111744
176 0.4680938864197594
177 0.37687990123457277
178 0.5534383604938328
179 0.6844797629629545
180 0.5860959209876412
181 0.5452806913580207
182 0.8467983999999983
183 0.38774157037037293
184 0.8836521086419686
185 0.5527734320987687
186 0.5701161309457543
187 0.6598421236050893
188 0.6449775604938273
189 0.456019594903546
190 0.6731032296296295
191 0.5456432987654249
192 0.8516265679012296
193 0.5245092543209817
194 0.40778247901234876
195 0.5740812246913619
196 0.5332700246913599
197 0.5144235259259273
198 0.5850292168711981
199 0.5047610666666728
200 0.5223973333333252
201 0.5089924148148193
202 0.5215423802469106
203 0.6062561975308615
204 0.5064613530864237
205 0.4687565076898375
206 0.5960830419753009
207 0.40210317037037274
208 0.45973114074073956
