# block  <|P|>
1 0.0
2 0.8580666666666635
3 0.8828000000000041
4 0.8387225548902096
5 0.8662662662662632
6 0.8053999999999905
7 0.8480666666666554
8 0.8042709376042634
9 0.944733333333322
10 0.8406666666666576
11 0.8001333333333345
12 0.8134666666666599
13 0.774533333333337
14 0.8731333333333361
15 0.9566000000000016
16 0.9040959040959015
17 0.8995670995671021
18 0.9624666666666551
19 0.8557333333333242
20 0.8261999999999946
21 0.8158508158508183
22 0.7889999999999904
23 0.8455333333333193
24 0.858399999999988
25 0.9353353353353219
26 0.8648666666666507
27 0.8371333333333293
28 0.7974025974026021
29 0.9083999999999892
30 0.8600600600600634
31 0.8695999999999847
32 0.8497502497502385
33 0.8689999999999872
34 0.8673333333333343
35 0.8543333333333184
36 0.8762666666666662
37 0.7802666666666718
38 0.8222000000000051
39 0.7924666666666632
40 0.8177333333333383
41 0.8760666666666722
42 0.8594594594594583
43 0.7832666666666681
44 0.7293333333333274
45 0.9010666666666708
46 0.8752666666666503
47 0.8458249832999293
48 0.882999999999986
49 0.8602666666666657
50 0.9127333333333332
51 0.8095333333333339
52 0.9741999999999996
53 0.9360666666666663
54 0.835733333333328
55 0.8014666666666694
56 0.8102000000000055
57 0.8091999999999941
58 0.7951999999999987
59 0.8122666666666714
60 0.8813333333333195
61 0.8117333333333274
62 0.8044711378044702
63 0.9325999999999958
64 0.8492174492174467
65 0.796799999999992
66 0.8512462612163436
67 0.873792873792858
68 0.8497333333333278
69 0.7887333333333353
70 0.9100000000000006
71 0.8261072261072153
72 0.792733333333335
73 0.8774000000000038
74 0.8395604395604386
75 0.8995333333333275
76 0.8545999999999936
77 0.8633366633366526
78 0.8797868797868603
79 0.8531333333333293
80 0.9022311022310979
81 0.8463129796463076
82 0.8006666666666686
83 0.9053333333333289
84 0.8848666666666689
85 0.8853146853146745
86 0.846533333333321
87 0.7672666666666708
88 0.977466666666656
89 0.8542000000000023
90 0.8008675342008554
91 0.8681333333333374
92 0.7881451881451844
93 0.8733999999999847
94 0.9123999999999863
95 0.8071333333333344
96 0.8035298035297973
97 0.8229999999999845
98 0.965900765900755
99 0.9635333333333316
100 0.8844666666666606
101 0.8499833166499872
102 0.8159333333333254
103 0.8103333333333427
104 0.8116783450116827
105 0.881414748081412
106 0.7655333333333287
107 0.983599999999999
108 0.7977333333333321
109 0.8207126207126159
110 0.8775333333333291
111 0.8299999999999924
112 0.9466666666666657
113 0.8627999999999905
114 0.9025999999999921
115 0.8591999999999967
116 0.877199999999983
117 0.9241908575241876
118 0.8351333333333307
119 0.9489333333333317
120 0.7565333333333353
121 0.7749999999999978
122 0.8323656990323727
123 0.8468864468864419
124 0.8565333333333309
125 0.8185333333333368
126 0.7795999999999944
127 0.8710043376710068
128 0.9353999999999898
129 0.8482482482482374
130 0.8757333333333194
131 0.8428666666666651
132 0.7896103896103811
133 0.7969969969969956
134 0.8551333333333359
135 0.8577333333333254
136 0.8496836496836515
137 0.8259333333333422
138 0.8049333333333422
139 0.9268666666666568
140 0.804266666666668
141 0.8971333333333348
142 0.8368666666666603
143 0.8310666666666734
144 0.9800666666666609
145 0.9032666666666656
146 0.9472527472527252
147 0.9166666666666522
148 0.7642000000000039
149 0.8312354312354194
150 0.8063460253841006
151 0.8524142524142468
152 0.8872666666666552
153 0.7536406145624504
154 0.8795333333333314
155 0.9529999999999936
156 0.8041374708041367
157 0.7937333333333315
158 0.8882000000000003
159 0.8351017684350903
160 0.8772666666666586
161 0.9083083083083088
162 0.7775999999999955
163 0.8501498501498548
164 0.8019314019313947
165 0.88219999999999
166 0.8875124875124791
167 0.8540792540792544
168 0.8573333333333268
169 0.8736069402735918
170 0.8771333333333367
171 0.9098666666666456
172 0.8888666666666512
173 0.8497502497502463
174 0.8082419408441248
175 0.8060666666666598
176 0.8152666666666546
177 0.7772666666666597
178 0.845266666666653
179 0.872133333333331
180 0.8666666666666644
181 0.8362000000000042
182 0.9492666666666656
183 0.7784666666666559
184 0.9631999999999932
185 0.8537999999999841
186 0.8566566566566612
187 0.8920253586920083
188 0.8880666666666475
189 0.797997997998
190 0.9007333333333187
191 0.8564000000000063
192 0.9489999999999956
193 0.8458000000000031
194 0.7885333333333432
195 0.8578666666666539
196 0.8449999999999961
197 0.8361999999999935
198 0.8582582582582416
199 0.8300666666666492
200 0.842733333333335
201 0.837399999999985
202 0.838200000000005
203 0.8765333333333327
204 0.8283999999999926
205 0.8211122211122239
206 0.8754666666666718
207 0.7825999999999907
208 0.8128666666666657
