block_size         error    difference      rel_diff
-------------------------------------------------------
       2  7.837561e-07  3.246338e-07  4.142026e-01
       4  1.108390e-06  4.590897e-07  4.141951e-01
       8  1.567480e-06  6.492157e-07  4.141781e-01
      16  2.216695e-06  9.180351e-07  4.141458e-01
      32  3.134730e-06  1.298053e-06  4.140877e-01
      64  4.432784e-06  1.834997e-06  4.139604e-01
     128  6.267781e-06  2.593294e-06  4.137500e-01
     256  8.861075e-06  3.662159e-06  4.132861e-01
     512  1.252323e-05  5.163624e-06  4.123236e-01
    1024  1.768686e-05  7.252940e-06  4.100751e-01
    2048  2.493980e-05  1.007092e-05  4.038091e-01
    4096  3.501071e-05  1.355128e-05  3.870608e-01
    8192  4.856199e-05  1.686043e-05  3.471940e-01
   16384  6.542242e-05  1.598186e-05  2.442872e-01
   32768  8.140428e-05  8.827177e-06  1.084363e-01
   65536  9.023146e-05  3.623417e-07  4.015691e-03
  131072  9.059380e-05           ---           ---
