# k values and corresponding S(k) [pure estimator]
0.0 21.747356914449767
0.20943951023931953 0.831551228799414
0.41887902047863906 0.9135725563280274
0.6283185307179586 0.9684670748859273
0.8377580409572781 0.9930961573078465
1.0471975511965976 1.0150884936161357
1.2566370614359172 1.0111144245763688
1.4660765716752366 0.9026462707199704
1.6755160819145563 0.9840043326081175
1.8849555921538759 0.9572714473424297
2.0943951023931953 0.9669645933503462
2.3038346126325147 0.9143770119086813
2.5132741228718345 1.0175773213070713
2.722713633111154 1.021864082236384
2.9321531433504733 1.0159165601939522
3.141592653589793 1.0284454763588113
3.3510321638291125 0.9431018455658303
3.560471674068432 0.9764312269523381
3.7699111843077517 0.9519121713383873
3.979350694547071 1.0218040443355902
4.1887902047863905 0.9942293730341858
4.39822971502571 1.0454774397275253
4.607669225265029 0.9549660561900036
4.817108735504349 0.9566289674426405
5.026548245743669 1.0110321165189924
5.235987755982988 0.9850153923434443
5.445427266222308 1.000297848102939
5.654866776461628 0.9851235683618953
5.864306286700947 0.9822093396107427
6.073745796940266 1.019048840052877
6.283185307179586 0.9469103115978041
6.492624817418905 0.9531030168016067
6.702064327658225 1.0494178614888996
6.911503837897545 0.9302961331720436
7.120943348136864 0.9905799914527518
7.330382858376184 0.9316926601735005
7.5398223686155035 0.998961147098975
7.749261878854822 1.0445547633113494
7.958701389094142 0.9837435491541293
8.168140899333462 0.9689173108911593
8.377580409572781 1.0517300672486327
8.5870199198121 0.9351855668442334
8.79645943005142 0.9730596677801321
9.00589894029074 0.9780865809197938
9.215338450530059 0.9684857681163846
9.42477796076938 0.9849238369533956
9.634217471008698 0.9594662446048863
9.843656981248017 0.9476745138804473
10.053096491487338 0.9674043803054531
10.262536001726657 1.0335551806095375
10.471975511965976 0.9533518499855619
10.681415022205297 0.9934213457163076
10.890854532444616 1.0222413422257781
11.100294042683934 1.008964500693254
11.309733552923255 0.9859713358866121
11.519173063162574 1.0586861717121956
11.728612573401893 0.9986668062183836
11.938052083641214 1.045389558701425
12.147491593880533 1.0021691126099834
12.356931104119852 0.9608103854202906
12.566370614359172 0.9192544460575156
12.775810124598491 1.0212502844855988
12.98524963483781 0.994410265053723
13.194689145077131 1.0150111953823573
13.40412865531645 0.9811583071509339
13.613568165555769 0.9925415313905819
13.82300767579509 0.9330292987958395
14.032447186034409 0.9826348884961801
14.241886696273728 0.9622056703338615
14.451326206513048 0.9786772637557226
14.660765716752367 0.9627524298546681
14.870205226991686 0.9603122842234337
15.079644737231007 1.0101613583794518
15.289084247470326 0.9294622501793935
15.498523757709645 0.999264684035452
