0.2 0.9146476793248945
0.6000000000000001 0.9250801687763713
1.0 0.9525791139240506
1.4000000000000001 0.9407542194092827
1.8 0.9117879746835443
2.2 0.8284440928270043
2.6 0.8345601265822785
3.0 0.8791244725738396
3.4000000000000004 0.8973206751054852
3.8000000000000003 1.0058808016877636
4.2 1.0538459915611815
4.6000000000000005 1.0602099156118143
5.0 1.1101898734177216
5.4 1.054896624472574
5.800000000000001 1.0895981012658227
6.2 1.1301255274261603
6.6000000000000005 1.07409388185654
7.0 1.038240506329114
7.4 1.0339040084388185
7.800000000000001 0.9926856540084388
8.200000000000001 1.0001582278481012
8.6 1.0070432489451477
9.0 0.9926487341772152
9.4 1.0119789029535864
9.8 0.9925
10.200000000000001 0.9794767932489451
10.600000000000001 0.9828111814345991
11.0 0.973165611814346
11.4 1.017181434599156
11.8 1.0024092827004218
12.200000000000001 0.9778016877637131
12.600000000000001 1.0196487341772151
13.0 1.0665400843881856
13.4 1.0284472573839663
13.8 1.0034335443037974
14.200000000000001 1.045684599156118
14.600000000000001 1.021539029535865
15.0 1.0523132911392405
15.4 1.0587647679324894
15.8 0.9975791139240506
16.2 1.0137742616033756
16.6 1.0121803797468354
17.0 0.9566160337552743
17.400000000000002 0.9248386075949367
17.8 0.9417616033755274
18.2 0.9322341772151899
18.6 0.9472426160337553
19.0 0.9801824894514768
19.400000000000002 1.0000084388185655
19.8 1.008029535864979
20.200000000000003 1.050707805907173
20.6 1.074295358649789
21.0 1.1191392405063292
21.400000000000002 1.0826286919831223
21.8 1.0034145569620254
22.200000000000003 1.0330601265822785
22.6 0.9938101265822785
23.0 0.919331223628692
23.400000000000002 0.9064261603375527
23.8 0.9312320675105485
24.200000000000003 0.9225970464135022
24.6 0.9493090717299578
25.0 1.0512278481012658
25.400000000000002 1.0625147679324896
25.8 1.0889440928270042
26.200000000000003 1.067714135021097
26.6 1.0644345991561182
27.0 0.9583723628691984
27.400000000000002 0.9463069620253165
27.8 0.9540949367088608
28.200000000000003 1.0356012658227849
28.6 1.0326487341772153
29.0 1.0437457805907173
29.400000000000002 1.0323280590717299
29.8 0.9923955696202532
30.200000000000003 1.0022246835443038
30.6 1.0027805907172995
31.0 0.9441054852320675
31.400000000000002 0.9232605485232067
31.8 0.9538913502109705
32.2 0.9617236286919831
32.6 0.9872795358649789
33.0 0.9886191983122363
33.4 0.9918090717299578
33.800000000000004 1.0404599156118144
34.2 1.0635727848101266
34.6 1.0751582278481013
35.0 1.0395896624472574
35.4 1.0431392405063291
35.800000000000004 1.0063670886075948
36.2 0.9697246835443037
36.6 0.9803850210970464
37.0 0.9675189873417721
37.4 1.0077088607594937
37.800000000000004 1.0561160337552742
38.2 1.0318491561181435
38.6 1.0094462025316455
39.0 0.9424841772151898
39.400000000000006 0.9817805907172996
39.800000000000004 1.0367616033755274
