# k  S_s(k)
0.0 0.0
0.3141592653589793 1.3773493702164754
0.6283185307179586 0.8457404621452891
0.9424777960769379 2.0405785984614444
1.2566370614359172 0.6309295782857595
1.5707963267948966 1.2560147969053133
1.8849555921538759 0.9297056718356581
2.199114857512855 1.0401494631931592
2.5132741228718345 0.9454025162318804
2.827433388230814 0.9884372182271416
3.141592653589793 0.8493399937000384
3.4557519189487724 1.037623429337572
3.7699111843077517 0.9925563730449255
4.084070449666731 0.9730846079549319
4.39822971502571 1.1048243119426053
4.71238898038469 1.0569160916141884
5.026548245743669 0.9920869773076086
5.340707511102648 0.929014704673345
5.654866776461628 0.986631297640053
5.969026041820607 0.9718443128869395
6.283185307179586 1.0227054341873871
6.5973445725385655 1.0852605517521212
6.911503837897545 0.9776710020358751
7.225663103256524 1.0102475555647044
7.5398223686155035 1.0116324731303876
7.853981633974483 0.9534835848347967
8.168140899333462 0.9904719275329879
8.482300164692441 1.0013965073605473
8.79645943005142 0.9943776469646024
9.1106186954104 1.0010574656699311
9.42477796076938 0.9727050756724775
9.738937226128359 0.9216032377327233
10.053096491487338 1.019376080389878
10.367255756846317 0.9825441167612572
10.681415022205297 0.9968997839267244
10.995574287564276 0.9668917639592746
11.309733552923255 1.0143245545876436
11.623892818282235 1.0350701522836814
11.938052083641214 1.0038559442608468
12.252211349000193 1.0079295744605232
12.566370614359172 1.0142782718702181
12.880529879718152 0.9967751366580315
13.194689145077131 0.9890043444407068
13.50884841043611 0.9949048995279961
13.82300767579509 1.0161389305236532
14.137166941154069 1.0550989274224796
14.451326206513048 0.989990359318589
14.765485471872028 0.9730205561485765
15.079644737231007 0.9785419477968185
15.393804002589986 0.9876441188450392
15.707963267948966 1.028937058553055
16.022122533307943 0.9624747730518499
16.336281798666924 0.9742608078523163
16.650441064025905 0.972303401295663
16.964600329384883 0.9986996470097961
17.27875959474386 0.9639471577094866
17.59291886010284 1.010770306042963
17.907078125461823 0.9562996077433579
18.2212373908208 0.9702001996432692
18.535396656179778 0.9509816866552916
18.84955592153876 1.0382555481492255
19.16371518689774 0.9921285752134414
19.477874452256717 0.947196951231207
19.792033717615695 0.9878458726278836
20.106192982974676 1.0148525039875762
20.420352248333657 1.0043623278662748
20.734511513692635 0.9726534419137116
21.048670779051612 1.0110922458855094
21.362830044410593 0.9975379014924137
21.676989309769574 0.9982250463787207
21.991148575128552 1.0062663160069532
22.30530784048753 1.0265583977585502
22.61946710584651 1.0256171093917437
22.93362637120549 1.024537505549975
23.24778563656447 0.9813700686303248
23.561944901923447 1.0158939330917376
23.876104167282428 0.9791414167649735
24.19026343264141 1.0563036533158179
24.504422698000386 0.9908032030575812
24.818581963359364 1.0212651407408522
25.132741228718345 0.9794734530307216
25.446900494077326 1.023302396196956
25.761059759436304 0.9945523492486044
26.07521902479528 1.0218215132444528
26.389378290154262 0.9747872612629693
26.703537555513243 1.0023343575353658
27.01769682087222 0.9843297740281411
27.3318560862312 0.982841733617419
27.64601535159018 0.9877310719865287
27.96017461694916 0.9802847179880515
28.274333882308138 1.0039765874801603
28.588493147667116 1.0125275593225573
28.902652413026097 1.0031662974849749
29.216811678385078 0.9966037961760594
29.530970943744055 1.0292758297697087
29.845130209103033 1.0086694928783095
30.159289474462014 1.0190874892269048
30.473448739820995 0.9811998589896677
30.787608005179973 0.9872976883310797
31.10176727053895 0.9686692355119157
