# k  S_n(k)
0.0 30.0
0.20943951023931953 0.3676096421825579
0.41887902047863906 0.4295128959234483
0.6283185307179586 1.7872460099132839
0.8377580409572781 1.1934630332964484
1.0471975511965976 0.8670260693668728
1.2566370614359172 1.2695791996713377
1.4660765716752366 1.1005177664583428
1.6755160819145563 0.9282002369278239
1.8849555921538759 0.9023692858435004
2.0943951023931953 0.8728085107128035
2.3038346126325147 0.9301758393244938
2.5132741228718345 1.0710612608543826
2.722713633111154 0.8808972183094274
2.9321531433504733 0.8357322915556457
3.141592653589793 0.9760767106538366
3.3510321638291125 1.0340304806490606
3.560471674068432 1.2835676639642455
3.7699111843077517 1.0607225862663736
3.979350694547071 0.916187591062239
4.1887902047863905 0.8964838995953901
4.39822971502571 1.0793325182770668
4.607669225265029 1.0484859135594466
4.817108735504349 0.9465486877661765
5.026548245743669 1.1102166304253294
5.235987755982988 1.125072937832062
5.445427266222308 1.0084103494607002
5.654866776461628 1.0091000442359948
5.864306286700947 0.9960679554537498
6.073745796940266 0.9339881972709813
6.283185307179586 0.9530631229790165
6.492624817418905 1.010363111879706
6.702064327658225 0.9556376399219279
6.911503837897545 1.0042973581922063
7.120943348136864 1.058699254429133
7.330382858376184 1.0296875561976824
7.5398223686155035 1.0200754291529384
7.749261878854822 1.0233405334807666
7.958701389094142 1.0684917216556495
8.168140899333462 0.9485788981590279
8.377580409572781 1.041188823585857
8.5870199198121 1.0263984495389116
8.79645943005142 1.0504516982010152
9.00589894029074 0.9702234175288313
9.215338450530059 0.9115046306040289
9.42477796076938 1.031750020789272
9.634217471008698 1.101760882676339
9.843656981248017 1.0362015789572225
10.053096491487338 0.9860325657168793
10.262536001726657 1.0145590370125142
10.471975511965976 0.966555669987425
10.681415022205297 1.0130339953682235
10.890854532444616 1.0175128443454948
11.100294042683934 1.0356135416311258
11.309733552923255 1.0401726119337407
11.519173063162574 0.9982778231387021
11.728612573401893 0.9463608923195568
11.938052083641214 0.9388552091528097
12.147491593880533 1.0486485144599669
12.356931104119852 1.003374475578106
12.566370614359172 0.9586620600883281
12.775810124598491 0.9633486543878352
12.98524963483781 0.9315520756388215
13.194689145077131 0.9747211828210115
13.40412865531645 1.0264558753370479
13.613568165555769 1.0729950750075052
13.82300767579509 0.9589650694398443
14.032447186034409 0.9882538999435649
14.241886696273728 0.9809603884663307
14.451326206513048 0.9890889705665873
14.660765716752367 0.9819287437980044
14.870205226991686 0.9797285308245376
15.079644737231007 1.0098420806762516
15.289084247470326 1.009525947187338
15.498523757709645 0.9736751078961315
15.707963267948966 0.9540529195699576
15.917402778188285 1.0045822187432452
16.126842288427603 1.0121707765504633
16.336281798666924 1.0120818355043832
16.54572130890624 0.9693870611071586
16.755160819145562 1.0186921008312426
16.964600329384883 0.9797480083709814
17.1740398396242 1.0083267274806211
17.38347934986352 1.0034609381960806
17.59291886010284 1.0718797779954643
17.80235837034216 1.0468875970899467
18.01179788058148 1.0014088433370643
18.2212373908208 0.9813390891843101
18.430676901060117 0.9871200031591207
18.640116411299438 1.0001877819151037
18.84955592153876 1.0476310440192464
19.058995431778076 0.9712936973046726
19.268434942017397 1.0337050151824474
19.477874452256717 1.028707435292956
19.687313962496034 0.9686253364562857
19.896753472735355 0.990382776620193
20.106192982974676 0.9586541958127713
20.315632493213993 1.032195320821134
20.525072003453314 0.9582065827960582
20.734511513692635 1.0337659278277207
