# r  Cs(r) [pure estimator]
0.125 3.754117316232629e-5
0.375 2.9917482180321605e-5
0.625 4.1697841934978757e-5
0.875 2.711269116046995e-5
1.125 1.8062601589016125e-5
1.375 2.5536196835882128e-5
1.625 2.239737376639308e-5
1.875 1.744564269772125e-5
2.125 2.2834754464133866e-5
2.375 2.8014918720761857e-5
2.625 2.625944031078147e-5
2.875 1.814616497724676e-5
3.125 2.3798172178694382e-5
3.375 2.6959603070266147e-5
3.625 2.25832697543658e-5
3.875 2.169089522135724e-5
4.125 2.253375934163821e-5
4.375 2.6245154260441464e-5
4.625 2.2957759930225945e-5
4.875 1.8223382686383967e-5
5.125 2.30901603494778e-5
5.375 2.4271754185243647e-5
5.625 1.550978853490766e-5
5.875 1.2359609757681231e-5
6.125 1.3789851087126249e-5
6.375 6.730379738562937e-6
6.625 1.961125337581825e-5
6.875 1.6944460218725158e-5
7.125 1.8002358731475255e-5
7.375 2.5125856165511213e-5
7.625 1.676616498219314e-5
7.875 1.4504674938534998e-5
8.125 1.3849671607363765e-5
8.375 1.2188373454927176e-5
8.625 1.2543154840365825e-5
8.875 8.240657125658601e-6
9.125 1.843082802723695e-5
9.375 1.8370862588719537e-5
9.625 1.8108480198774916e-5
9.875 6.925145826780647e-6
10.125 1.4915931707020572e-5
10.375 5.439907953438805e-6
10.625 1.864048065230397e-5
10.875 1.301175411106072e-5
11.125 6.233385107310098e-6
11.375 1.0525815165831146e-5
11.625 1.2671492609110005e-5
11.875 5.563285210386919e-6
12.125 9.36933494357171e-6
12.375 1.2905842778079706e-5
12.625 1.2116615048499976e-5
12.875 4.953030520942945e-6
13.125 1.4006548278061445e-5
13.375 9.378425613646742e-6
13.625 9.1180674292948e-6
13.875 8.454146412528364e-6
14.125 3.2865593741493444e-6
14.375 1.199545215415031e-5
14.625 1.0559638726958809e-5
14.875 9.571151784865498e-6
15.125 1.0330479637978314e-5
15.375 3.845694503013082e-6
15.625 -8.407052707125355e-7
15.875 1.3079059018311508e-5
16.125 1.4473313962214494e-6
16.375 1.1038818859903145e-5
16.625 1.1513540533123679e-5
16.875 1.0390867420763104e-5
17.125 8.026101015868678e-6
17.375 6.124228363275487e-6
17.625 6.881127989737226e-7
17.875 1.0633440136032936e-5
18.125 1.2294658375138573e-5
18.375 8.085720917137523e-6
18.625 1.1185992741946978e-5
18.875 9.852941122505485e-6
19.125 9.038479523932884e-6
19.375 5.976362028057583e-6
19.625 8.859294770883095e-6
19.875 7.887378251770132e-6
20.125 5.603374300298422e-6
20.375 8.960238115254028e-6
20.625 9.327558424826153e-6
20.875 5.441662187562802e-6
21.125 1.5021511482600593e-5
21.375 1.2285078343590426e-5
21.625 1.7635448752149484e-5
21.875 7.728426819809246e-6
22.125 1.858974666656824e-5
22.375 6.702034748242998e-6
22.625 9.76864727150013e-6
22.875 3.399820413132049e-6
23.125 1.5677182725364641e-6
23.375 1.971474460988775e-6
23.625 -1.7759745156093393e-7
23.875 1.0028624478713921e-5
24.125 -2.900569947479111e-7
24.375 1.1839814577858822e-6
24.625 7.781364305574826e-6
24.875 2.1745101328110794e-6
