# P_value  count
-1.0 0.0
-0.96 0.0
-0.92 0.0
-0.88 0.0
-0.84 0.0
-0.8 0.0
-0.76 0.0
-0.72 0.0
-0.68 0.0
-0.64 0.0
-0.6 15.0
-0.56 122.0
-0.52 141.0
-0.48 596.0
-0.44 907.0
-0.4 1451.0
-0.36 2476.0
-0.32 4824.0
-0.28 5983.0
-0.24 7799.0
-0.2 9242.0
-0.16 13187.0
-0.12 15981.0
-0.08 15260.0
-0.04 17366.0
0.0 17991.0
0.04 18821.0
0.08 15938.0
0.12 15430.0
0.16 12925.0
0.2 11202.0
0.24 7836.0
0.28 7122.0
0.32 4004.0
0.36 2822.0
0.4 1461.0
0.44 1097.0
0.48 318.0
0.52 217.0
0.56 55.0
0.6 27.0
0.64 56.0
0.68 0.0
0.72 0.0
0.76 0.0
0.8 0.0
0.84 0.0
0.88 0.0
0.92 0.0
0.96 0.0
1.0 0.0
