# k values and corresponding S(k) [pure estimator]
0.0 1.5905913129242033
0.12566370614359174 1.1628188897103646
0.25132741228718347 1.0431457202485732
0.3769911184307752 1.0036159503736635
0.5026548245743669 0.9586114957722865
0.6283185307179586 1.0055305961470073
0.7539822368615504 0.953398032000928
0.8796459430051422 0.9914732884518698
1.0053096491487339 0.9574682581540649
1.1309733552923256 0.9873655571175524
1.2566370614359172 0.9708149906320678
1.3823007675795091 0.9972710474084239
1.5079644737231008 0.9983737800700899
1.6336281798666925 0.9794654282031333
1.7592918860102844 1.0078411735490438
1.884955592153876 0.9672881853635105
2.0106192982974678 0.9921852240458598
2.1362830044410597 0.9457686699466805
2.261946710584651 0.9781594589781523
2.387610416728243 0.9786594203917971
2.5132741228718345 0.9886827353461253
2.6389378290154264 1.0088549724249551
2.7646015351590183 0.9738279329241762
2.8902652413026098 0.9615675521285093
3.0159289474462017 0.9610821673368988
3.1415926535897936 0.95575393815815
3.267256359733385 0.9535679066217168
3.392920065876977 1.010036852831106
3.518583772020569 0.9816709338422015
3.6442474781641603 0.9647409431470869
3.769911184307752 0.9676217220838418
3.8955748904513436 0.9602274150891925
4.0212385965949355 0.9625433197581676
4.1469023027385274 0.9782795659992758
4.272566008882119 0.9611728758574816
4.39822971502571 0.9706114792412172
4.523893421169302 0.9705881019640087
4.649557127312894 0.9756596759831203
4.775220833456486 0.977906116161429
4.900884539600078 0.9549086163500504
5.026548245743669 0.9617653559499522
5.152211951887261 0.9678971142616766
5.277875658030853 0.9693630536398039
5.403539364174445 0.9578998623245771
5.529203070318037 0.9821958583619396
5.6548667764616285 0.9630346422308805
5.7805304826052195 0.9610474839350253
5.906194188748811 0.990078414761737
6.031857894892403 0.9736148009907859
6.157521601035995 0.9651202439934514
6.283185307179587 0.9531043055630959
6.408849013323178 0.9559820799689501
6.53451271946677 0.9563357473697925
6.660176425610362 0.9652770051436753
6.785840131753954 0.9622556018283227
6.911503837897546 0.9534043720359128
7.037167544041138 0.9872016844386925
7.162831250184729 0.9697116829243975
7.288494956328321 0.9649482070863852
7.4141586624719125 0.9787657420538077
7.539822368615504 0.9841027562593466
7.665486074759096 1.0063373984128192
7.791149780902687 0.9502445045694999
7.916813487046279 0.979338922148242
8.042477193189871 0.9775606136045262
8.168140899333462 0.9955697619792591
8.293804605477055 0.9897998102875302
8.419468311620646 0.9835777273682808
8.545132017764239 0.9658494753702179
8.67079572390783 0.9931582568013537
8.79645943005142 0.9703405789809397
8.922123136195014 0.949210934208616
9.047786842338605 0.9614571416781739
9.173450548482197 0.9853889643439203
9.299114254625788 0.942884984166398
