# k  S_n(k)
0.0 10.0
0.6283185307179586 0.7370621654864561
1.2566370614359172 1.0440822024191725
1.8849555921538759 1.017867354521547
2.5132741228718345 0.9380465668526564
3.141592653589793 0.9039828319443833
3.7699111843077517 0.9989893010064717
4.39822971502571 1.0287357880723766
5.026548245743669 1.0851709886528593
5.654866776461628 1.0220351574322446
6.283185307179586 0.9345270306566091
6.911503837897545 0.97577061422863
7.5398223686155035 1.0215862404142673
8.168140899333462 0.9940793168510028
8.79645943005142 1.0236320399385264
9.42477796076938 0.9875055922235932
10.053096491487338 0.9676741788140438
10.681415022205297 1.001400109585519
11.309733552923255 0.9822988822873736
11.938052083641214 1.002572736251776
12.566370614359172 1.0170155129114795
13.194689145077131 1.021511009695219
13.82300767579509 0.9951040319517398
14.451326206513048 0.9735715686155544
15.079644737231007 0.9835982737988141
15.707963267948966 1.0019774214747168
16.336281798666924 1.0027893939342098
16.964600329384883 1.009401456497136
17.59291886010284 0.997002264523433
18.2212373908208 1.0384391422931099
18.84955592153876 0.9908359190588117
19.477874452256717 1.0103733741549288
20.106192982974676 1.0254560662671133
20.734511513692635 1.0021225437330885
21.362830044410593 0.9833191252840697
21.991148575128552 1.0031569911828022
22.61946710584651 0.9908991223138092
23.24778563656447 0.9869375049560343
23.876104167282428 0.99329973565177
24.504422698000386 1.0126314279673962
25.132741228718345 1.0288438966214244
25.761059759436304 0.9895325276046317
26.389378290154262 0.9998585724798086
27.01769682087222 0.9785403112764238
27.64601535159018 0.9782129229220786
28.274333882308138 0.9959561033384564
28.902652413026097 0.9881488955173288
29.530970943744055 1.0044522857345222
30.159289474462014 1.009969739851481
30.787608005179973 0.9990283079278809
31.41592653589793 1.0138134870998678
32.044245066615886 1.041924509644757
32.67256359733385 1.0219885617605824
33.30088212805181 1.0265879666385567
33.929200658769766 1.0045377633091213
34.55751918948772 1.02570918980285
35.18583772020568 1.0364794783592124
35.814156250923645 1.0117068971396095
36.4424747816416 0.9926163784296224
37.070793312359555 0.9941233343447213
37.69911184307752 1.017838050762506
38.32743037379548 1.0211955236105772
38.955748904513435 1.0251853035220717
39.58406743523139 1.0095863214711647
40.21238596594935 1.0148313085805851
40.840704496667314 0.9925640944739286
41.46902302738527 0.9883025206571247
42.097341558103224 1.0036478969606677
42.725660088821186 1.0100024262750915
43.35397861953915 0.9984989908712216
43.982297150257104 0.9918779021460157
44.61061568097506 0.992840791957888
45.23893421169302 1.0287404842025074
45.86725274241098 0.9991626323829371
46.49557127312894 1.013812485396271
47.12388980384689 0.9879802637762374
47.752208334564855 0.9744666692799517
48.38052686528282 1.0055874196386692
49.00884539600077 0.9779984491116888
49.63716392671873 0.9931514548551906
50.26548245743669 0.9887338750531248
50.89380098815465 1.0291494727167885
51.52211951887261 1.0046541193490357
52.15043804959056 1.0022455628423599
52.778756580308524 1.0116753247297443
53.40707511102649 1.0136194614552547
54.03539364174444 1.0168558068405589
54.6637121724624 0.9763494869929797
55.29203070318036 0.9828593114518179
55.92034923389832 1.0016665807677034
56.548667764616276 0.997517649614788
57.17698629533423 0.9996528633242581
57.80530482605219 0.9642132952428741
58.433623356770156 1.001550255603592
59.06194188748811 0.9886046732328584
59.690260418206066 1.0178939595614849
60.31857894892403 0.9928677987151453
60.94689747964199 0.9794994019209303
61.575216010359945 1.0260538310659655
62.2035345410779 0.9999401276215538
