0.2 -0.10992006513297789
0.6000000000000001 -0.07762653095975763
1.0 -0.07645764637794933
1.4000000000000001 -0.03190201077577041
1.8 -0.03085291415834705
2.2 -0.012214052748946188
2.6 -0.01926356135376847
3.0 -0.017293997965412006
3.4000000000000004 -0.013234454160030091
3.8000000000000003 0.034063255114643184
4.2 -0.008744772683296674
4.6000000000000005 -0.042921437520685786
5.0 -0.02938205060936345
5.4 -0.059205940159889565
5.800000000000001 -0.05147118300833348
6.2 -0.06256781667520178
6.6000000000000005 -0.03701047608736463
7.0 -0.054390823799589746
7.4 -0.001441198676850303
7.800000000000001 0.03974445916226717
8.200000000000001 0.03869678820475407
8.6 0.032148552573896136
9.0 0.07678089038756149
9.4 0.068160800045921
9.8 -0.0034306459059937513
10.200000000000001 -0.013529924543415915
10.600000000000001 0.018882142544292456
11.0 -0.0015446574390205728
11.4 0.023993151902869502
11.8 -0.03438913082072329
12.200000000000001 -0.03002643401040939
12.600000000000001 -0.02164795433721746
13.0 -0.041121184175722726
13.4 -0.07244749662877864
13.8 -0.018649149574095473
14.200000000000001 0.03377191402857978
14.600000000000001 0.01948016534113185
15.0 0.005557400511950909
15.4 -0.004580904653648633
15.8 -0.007860579258376944
16.2 0.034705336493454086
16.6 0.06635829114192339
17.0 0.042276734171258476
17.400000000000002 0.035808608394798026
17.8 0.008605890477601758
18.2 -0.015888616263003856
18.6 -0.10724271567255732
19.0 -0.1345451389453928
19.400000000000002 -0.11712850374165827
19.8 -0.0824571710971453
20.200000000000003 0.0028969746401437914
20.6 0.03221831003053716
21.0 0.043891097119810936
21.400000000000002 0.05152608298922037
21.8 0.022108378823180945
22.200000000000003 -0.0050189879913784255
22.6 0.03369512409530636
23.0 0.10826486279003789
23.400000000000002 0.11353515629476328
23.8 0.10577581614793395
24.200000000000003 0.07608782562806839
24.6 0.04802871820263663
25.0 0.059008845021954935
25.400000000000002 0.005285722444430003
25.8 -0.001570691510051139
26.200000000000003 -0.03771192184307366
26.6 -0.053954043081547796
27.0 -0.04414452547354635
27.400000000000002 -0.02659987521489521
27.8 -0.01185790941880919
28.200000000000003 -0.08290979190568225
28.6 -0.12621267664698294
29.0 -0.09468945574780815
29.400000000000002 -0.09413278797271975
29.8 -0.07605909157412846
30.200000000000003 -0.08350666516388823
30.6 -0.045006759849686495
31.0 0.008618451151805918
31.400000000000002 0.05651722883717775
31.8 0.10192043523349821
32.2 0.04595222077116889
32.6 0.006332549303419577
33.0 -0.0009299214637093294
33.4 -0.04034611659253454
33.800000000000004 -0.04221898217644204
34.2 -0.05443942007271746
34.6 -0.03978692435405108
35.0 -0.030310155994675295
35.4 0.0021111427167645005
35.800000000000004 -0.014223127563476821
36.2 -0.06800115464350381
36.6 -0.08752282694391124
37.0 -0.07650073009798034
37.4 -0.06626980801644573
37.800000000000004 -0.06385313541159086
38.2 0.00748717154467237
38.6 0.04680244740591736
39.0 0.05505744014234325
39.400000000000006 0.023586411664099225
39.800000000000004 -0.0448520343656774
