# k values and corresponding S(k) [pure estimator]
0.0 45.22885121333685
0.07853981633974483 0.7257948716009266
0.15707963267948966 0.7938916205096429
0.23561944901923448 0.8771356789822488
0.3141592653589793 0.9234916425266706
0.39269908169872414 0.9594210874621246
0.47123889803846897 0.9915413959835234
0.5497787143782138 0.9538990023464577
0.6283185307179586 0.9983580777925775
0.7068583470577035 0.9745422284895103
0.7853981633974483 0.9702889962745744
0.8639379797371931 0.985611602493691
0.9424777960769379 0.982329360475466
1.0210176124166828 0.9747444056913874
1.0995574287564276 1.0153680517778196
1.1780972450961724 0.9971291603903044
1.2566370614359172 0.9858065082285756
1.335176877775662 0.9700214162663614
1.413716694115407 1.0023187380628755
1.4922565104551517 1.0240863732089476
1.5707963267948966 0.9878186799021309
1.6493361431346414 1.0193415741672187
1.7278759594743862 1.00232408755405
1.806415775814131 1.0178619306105061
1.8849555921538759 1.0374341633070774
1.9634954084936207 0.9617260977207869
2.0420352248333655 1.0110054766821719
2.1205750411731104 1.0046297500505863
2.199114857512855 0.9917283562073957
2.2776546738526 0.993827068857882
2.356194490192345 1.034893886229786
2.4347343065320897 0.9978501891915216
2.5132741228718345 1.0094142142518714
2.5918139392115793 1.0173460797003313
2.670353755551324 1.001793029678451
2.748893571891069 0.9983981446975166
2.827433388230814 1.0044872417708977
2.9059732045705586 0.9864044223412254
2.9845130209103035 1.0190761975366969
3.0630528372500483 1.0177356425907895
3.141592653589793 0.9771818743969609
3.220132469929538 0.9952511219364307
3.2986722862692828 0.9930365950834025
3.3772121026090276 1.003101146428861
3.4557519189487724 1.0125727301629575
3.5342917352885173 1.0062727857294838
3.612831551628262 0.9597501068185402
3.691371367968007 0.9934876136324655
3.7699111843077517 0.9889597086499944
3.8484510006474966 0.9782685339109104
3.9269908169872414 1.0068445859320785
4.005530633326986 1.0239129026871472
4.084070449666731 1.0201917203431639
4.162610266006476 1.0145134477017486
4.241150082346221 1.0323634464221254
4.319689898685965 0.9942638238180479
4.39822971502571 0.9956438470643159
4.476769531365456 0.9715094312613413
4.5553093477052 1.0050387644461187
4.633849164044944 1.0083401789767472
4.71238898038469 0.9961171936066635
4.790928796724435 1.0123363559045004
4.869468613064179 1.0074388087452004
4.948008429403924 1.036587101238708
5.026548245743669 0.9660864874688352
5.105088062083414 1.0231069287018684
5.183627878423159 1.0054417792319534
5.262167694762903 0.9864377324025659
5.340707511102648 0.9836865281857229
5.419247327442394 1.0118997036458792
5.497787143782138 0.98640930754223
5.576326960121882 1.0093018058113048
5.654866776461628 0.9899042332050916
5.733406592801373 1.0083749141843494
5.811946409141117 0.9845203611135458
