# r  Cs(r) [pure estimator]
0.075 0.0003032456565695765
0.22499999999999998 0.000309142723226656
0.375 0.0003068740142044265
0.525 0.00031083742701935705
0.6749999999999999 0.00030919622255844517
0.825 0.00031042460226969766
0.975 0.0003077559770795254
1.125 0.00030886921955701295
1.275 0.00030383318271551995
1.425 0.000307625174454019
1.575 0.0003115916574423139
1.7249999999999999 0.0003065461988986557
1.875 0.00030665292815926036
2.025 0.00031203981570047354
2.175 0.00030668279073751433
2.3249999999999997 0.000308317633803028
2.475 0.00030480673335876214
2.625 0.00030669685160638835
2.775 0.0003000466282760309
2.925 0.00030792582474836044
3.0749999999999997 0.0003011725134614755
3.225 0.00030266672157872835
3.375 0.00030259114706586524
3.525 0.00030345205404179486
3.675 0.00030437128804717417
3.8249999999999997 0.00030994253770794475
3.9749999999999996 0.00030300040540847973
4.125 0.0003109003411661579
4.2749999999999995 0.00029872140569441226
4.425 0.0003095066923398614
4.575 0.0003118968706738497
4.725 0.00030487179302391516
4.875 0.0003067893415493197
5.0249999999999995 0.000309868537231354
5.175 0.0003054236040316526
5.325 0.0003032190013967112
5.475 0.0003090551841582327
5.625 0.0003039390388906385
5.7749999999999995 0.0003049303721369127
5.925 0.00030517853856549816
6.075 0.0003084085467764386
6.225 0.0003030578284901747
6.375 0.0003086347943788096
6.5249999999999995 0.00030291573080759045
6.675 0.00030759741963774686
6.825 0.000309242411193757
6.975 0.0003053006602828233
7.125 0.00030417170361953964
7.2749999999999995 0.00030406124319070645
7.425 0.0003020313332926295
7.574999999999999 0.0003047617457849345
7.725 0.00030954860813525313
7.875 0.0003065271759678144
8.025 0.00030222637010159683
8.174999999999999 0.0003056893654600089
8.325 0.00030232253658095686
8.475 0.0003016582648463036
8.625 0.00030274441578128763
8.775 0.00030206312260693734
8.924999999999999 0.0003069007895317435
9.075 0.0003058642903004348
9.225 0.00030201777037244885
9.375 0.0003089831553460377
9.525 0.0003033779342989546
9.674999999999999 0.00030182878278693377
9.825 0.000306329666169102
9.975 0.0003026208449204435
10.125 0.00030285333427515466
10.275 0.00030332241184472946
10.424999999999999 0.0003002639803944157
10.575 0.00030177857220790177
10.725 0.0003028082965524573
10.875 0.00029327299738498024
11.025 0.0003119865127800463
11.174999999999999 0.0003048023022122906
11.325 0.00030615219576807896
11.475 0.0003054951396793785
11.625 0.0003060041686339449
11.775 0.0003033521420345657
11.924999999999999 0.0003022267177024083
12.075 0.00030350368273368973
12.225 0.00030789410784579237
12.375 0.0003058106561982155
12.525 0.0003017016530130951
12.674999999999999 0.0003055155353314981
12.825 0.0003030949953898265
12.975 0.00030584068550300537
13.125 0.0003009115140674503
13.275 0.00030700101504926354
13.424999999999999 0.0003031014445505761
13.575 0.00030337127339835786
13.725 0.0003083458327181089
13.875 0.00031094607741560543
14.025 0.0003007412054743974
14.174999999999999 0.0003038159033287562
14.325 0.0003025991513116912
14.475 0.0003018510990695046
14.625 0.0003076791269513094
14.774999999999999 0.00031152061355557296
14.924999999999999 0.0003009155547385891
