block_size         error    difference      rel_diff
-------------------------------------------------------
       2  2.395760e-07  9.923493e-08  4.142106e-01
       4  3.388110e-07  1.403386e-07  4.142091e-01
       8  4.791496e-07  1.984664e-07  4.142054e-01
      16  6.776159e-07  2.806674e-07  4.141983e-01
      32  9.582833e-07  3.969065e-07  4.141849e-01
      64  1.355190e-06  5.612492e-07  4.141480e-01
     128  1.916439e-06  7.935859e-07  4.140940e-01
     256  2.710025e-06  1.122078e-06  4.140470e-01
     512  3.832103e-06  1.585910e-06  4.138486e-01
    1024  5.418013e-06  2.241852e-06  4.137776e-01
    2048  7.659865e-06  3.164467e-06  4.131231e-01
    4096  1.082433e-05  4.467539e-06  4.127311e-01
    8192  1.529187e-05  6.228558e-06  4.073117e-01
   16384  2.152043e-05  8.511618e-06  3.955134e-01
   32768  3.003205e-05  1.103955e-05  3.675924e-01
   65536  4.107160e-05  1.109440e-05  2.701234e-01
  131072  5.216600e-05           ---           ---
