# k values and corresponding S(k) [pure estimator]
0.0 9.558900104891904
0.20943951023931953 0.9337388505243991
0.41887902047863906 0.961779444235333
0.6283185307179586 0.9565271247422702
0.8377580409572781 0.9751577573203434
1.0471975511965976 0.9780853215792193
1.2566370614359172 0.9686575751313107
1.4660765716752366 0.9698900180207327
1.6755160819145563 0.9650645209308477
1.8849555921538759 0.9540969186496204
2.0943951023931953 0.9663134061050358
2.3038346126325147 0.9597550602377055
2.5132741228718345 0.9695219508245404
2.722713633111154 0.9847936797685745
2.9321531433504733 0.9700009682459094
3.141592653589793 0.9732942478842683
3.3510321638291125 0.9728962108902522
3.560471674068432 0.9590322320425484
3.7699111843077517 0.9683393515186323
3.979350694547071 0.9704822424732172
4.1887902047863905 0.9672296656741683
4.39822971502571 0.9618525237748798
4.607669225265029 0.9703124782646283
4.817108735504349 0.9640287966679231
5.026548245743669 0.9739181770801428
5.235987755982988 0.962745142377154
5.445427266222308 0.9721321752277041
5.654866776461628 0.9736476575063859
5.864306286700947 0.9583984527250361
6.073745796940266 0.9680481599531954
6.283185307179586 0.9674020965765302
6.492624817418905 0.9770587266473798
6.702064327658225 0.9695667903394686
6.911503837897545 0.9690675389690315
7.120943348136864 0.9658854224657992
7.330382858376184 0.9746266388820743
7.5398223686155035 0.9584717621557944
7.749261878854822 0.9770431253888925
7.958701389094142 0.9662368425289333
8.168140899333462 0.9850932690053162
8.377580409572781 0.9704524776035024
8.5870199198121 0.9741307386578251
8.79645943005142 0.9580767550058051
9.00589894029074 0.9758760393163869
9.215338450530059 0.966008410338692
9.42477796076938 0.964194277644897
9.634217471008698 0.9685441541131674
9.843656981248017 0.9712314781083387
10.053096491487338 0.9709492473776159
10.262536001726657 0.9732474382747749
10.471975511965976 0.9638148438599982
10.681415022205297 0.9761007193708834
10.890854532444616 0.9644477669829313
11.100294042683934 0.9694716776891652
11.309733552923255 0.9810569247336836
11.519173063162574 0.9646261286510516
11.728612573401893 0.963186229333509
11.938052083641214 0.9782550646338828
12.147491593880533 0.9704728093957959
12.356931104119852 0.9761325522858896
12.566370614359172 0.9645583466700167
12.775810124598491 0.9791375660319851
12.98524963483781 0.9696166842054025
13.194689145077131 0.9655422815669327
13.40412865531645 0.9569270303965647
13.613568165555769 0.9734927862519989
13.82300767579509 0.968866679213051
14.032447186034409 0.9836426380422213
14.241886696273728 0.9545668123538936
14.451326206513048 0.960529212948042
14.660765716752367 0.981730695882012
14.870205226991686 0.9692027595733158
15.079644737231007 0.9635359897089226
15.289084247470326 0.9771247659996329
15.498523757709645 0.9689727620583685
