0.125 0.8564680272108843
0.375 0.8590775510204082
0.625 0.8631755102040817
0.875 0.8768897959183674
1.125 0.883825850340136
1.375 0.9370585034013605
1.625 1.0117931972789116
1.875 1.0729278911564626
2.125 1.0498775510204081
2.375 1.0350666666666666
2.625 1.0310802721088435
2.875 1.016312925170068
3.125 0.9780680272108844
3.375 0.9658204081632653
3.625 0.9531591836734694
3.875 0.9497632653061224
4.125 0.9536108843537415
4.375 1.042370068027211
4.625 1.0716244897959184
4.875 1.016195918367347
5.125 1.0310503401360545
5.375 1.019942857142857
5.625 1.0104244897959183
5.875 0.9801442176870748
6.125 1.0243238095238094
6.375 0.9946666666666667
6.625 1.0355945578231291
6.875 1.0506176870748298
7.125 1.012669387755102
7.375 0.9877714285714285
7.625 0.9803700680272109
7.875 0.9816081632653061
8.125 0.9737959183673469
8.375 0.9841659863945578
8.625 0.9940925170068027
8.875 0.9864380952380952
9.125 0.9464761904761905
9.375 0.9256272108843537
9.625 0.9397986394557823
9.875 0.916312925170068
10.125 0.9285904761904762
10.375 0.958117006802721
10.625 0.9514775510204082
10.875 0.9357877551020408
11.125 0.9200244897959183
11.375 0.901112925170068
11.625 0.9240979591836734
11.875 0.9768843537414966
12.125 1.0258476190476191
12.375 1.0567727891156462
12.625 1.0514884353741496
12.875 1.0686149659863946
13.125 1.053730612244898
13.375 1.059025850340136
13.625 1.0601034013605442
13.875 1.046108843537415
14.125 1.0287455782312924
14.375 1.0248380952380953
14.625 1.0340326530612245
14.875 1.0667428571428572
15.125 0.9957387755102041
15.375 1.0077278911564627
15.625 1.02498231292517
15.875 0.9759183673469388
16.125 0.9430557823129252
16.375 0.9551918367346939
16.625 0.9749877551020408
16.875 1.02436462585034
17.125 1.010204081632653
17.375 0.9945877551020408
17.625 0.9549823129251701
17.875 0.9956925170068027
18.125 1.048851700680272
18.375 1.0535945578231292
18.625 1.098647619047619
18.875 1.0813278911564626
19.125 1.0665360544217688
19.375 1.0416789115646259
19.625 1.024770068027211
19.875 1.000560544217687
20.125 0.9757523809523809
20.375 0.9728843537414966
20.625 1.008786394557823
20.875 0.9697442176870749
21.125 0.9782231292517006
21.375 1.0217251700680272
21.625 1.0466176870748298
21.875 1.047774149659864
22.125 1.0378748299319729
22.375 1.0680680272108845
22.625 1.0487673469387755
22.875 1.0433387755102042
23.125 1.0863210884353742
23.375 1.0545823129251701
23.625 1.0090285714285714
23.875 1.034122448979592
24.125 1.0243537414965986
24.375 1.014873469387755
24.625 1.0148244897959184
24.875 0.996734693877551
