# k  S_n(k)
0.0 30.0
0.20943951023931953 0.6769902957984929
0.41887902047863906 0.46643764998333415
0.6283185307179586 2.155998020553991
0.8377580409572781 1.0280067851964243
1.0471975511965976 0.8523085182984799
1.2566370614359172 1.0476072591609042
1.4660765716752366 1.303117773297786
1.6755160819145563 1.0674321573824364
1.8849555921538759 1.008566799076498
2.0943951023931953 0.9469340711683281
2.3038346126325147 1.0947688241853393
2.5132741228718345 0.9797005365622503
2.722713633111154 0.7673835120393836
2.9321531433504733 0.8880389481379984
3.141592653589793 1.0229419686542276
3.3510321638291125 0.9887106071169529
3.560471674068432 0.8734896951361989
3.7699111843077517 0.9779217629133522
3.979350694547071 0.9753784048905088
4.1887902047863905 0.9331742977196117
4.39822971502571 1.1095534734154942
4.607669225265029 1.0119999209062447
4.817108735504349 1.0352445488198156
5.026548245743669 1.0557779715178095
5.235987755982988 0.9738738321753612
5.445427266222308 0.949972735102148
5.654866776461628 0.9817025851301978
5.864306286700947 1.0598521402650403
6.073745796940266 0.9629437472693495
6.283185307179586 0.9446358736437555
6.492624817418905 1.0448719524268377
6.702064327658225 0.9502709953007339
6.911503837897545 0.9918678595263088
7.120943348136864 0.8590044142487467
7.330382858376184 0.9443786052024865
7.5398223686155035 1.0815977674268482
7.749261878854822 1.0795795712256855
7.958701389094142 0.9198061028621725
8.168140899333462 0.9739301180055817
8.377580409572781 1.0004138277009773
8.5870199198121 0.9744648070007292
8.79645943005142 0.9798555795334384
9.00589894029074 0.9454619496970111
9.215338450530059 1.0145851905318255
9.42477796076938 0.9391625216689602
9.634217471008698 1.0746681898046204
9.843656981248017 1.008342404909679
10.053096491487338 0.9863206617056707
10.262536001726657 1.0054673923641224
10.471975511965976 1.0229315472481444
10.681415022205297 0.9805154351462975
10.890854532444616 0.9879933254438419
11.100294042683934 0.9957566679069049
11.309733552923255 1.0099062511829429
11.519173063162574 0.9876919840662626
11.728612573401893 0.9940184411746479
11.938052083641214 0.9638976843033624
12.147491593880533 0.9974786504322735
12.356931104119852 0.9436085631287088
12.566370614359172 0.95244998065303
12.775810124598491 1.020287356433473
12.98524963483781 0.9461181202428642
13.194689145077131 0.9595761112794766
13.40412865531645 1.018827772379932
13.613568165555769 0.9583515230242113
13.82300767579509 1.026622580741006
14.032447186034409 1.014386869948327
14.241886696273728 0.9988440040015261
14.451326206513048 0.9598650263469725
14.660765716752367 0.9906741808720384
14.870205226991686 1.0096471754826621
15.079644737231007 0.9574026357289802
15.289084247470326 1.001945773736739
15.498523757709645 0.9710420626261471
15.707963267948966 0.9464451664068676
15.917402778188285 1.0304509504571935
16.126842288427603 0.9804905545124449
16.336281798666924 0.9532379364621674
16.54572130890624 0.9756582081881305
16.755160819145562 1.008556441669808
16.964600329384883 1.0038860453767666
17.1740398396242 1.0182476187100393
17.38347934986352 1.043641709340808
17.59291886010284 0.9960214129368862
17.80235837034216 0.9707842700284006
18.01179788058148 1.0294746512968682
18.2212373908208 0.9929714703740075
18.430676901060117 1.0012691018848718
18.640116411299438 0.9621686218783929
18.84955592153876 0.9729590096234061
19.058995431778076 1.0509620929994807
19.268434942017397 1.0054676139758456
19.477874452256717 1.0312032264690505
19.687313962496034 1.044796561058885
19.896753472735355 1.0314081670282178
20.106192982974676 1.0562059781832829
20.315632493213993 1.0233140427255563
20.525072003453314 1.0225520076607673
20.734511513692635 0.933467875659757
