# r  Cs(r) [pure estimator]
0.2 0.000494227855463678
0.6000000000000001 0.0004902585855155982
1.0 0.0004887932091042957
1.4000000000000001 0.0004891902030391599
1.8 0.0004909918834022548
2.2 0.0004875134625441452
2.6 0.00048750282043169107
3.0 0.0004901500210600512
3.4000000000000004 0.0004907314100738705
3.8000000000000003 0.00048799343983600354
4.2 0.0004892349003496589
4.6000000000000005 0.0004894521803002126
5.0 0.0004874989265650254
5.4 0.0004878212162759904
5.800000000000001 0.0004878082142230305
6.2 0.00048594009264751013
6.6000000000000005 0.0004856093154491021
7.0 0.0004848338851486211
7.4 0.0004863091974632088
7.800000000000001 0.00048540222582559023
8.200000000000001 0.0004876284683922635
8.6 0.0004873314570515273
9.0 0.000489444857494784
9.4 0.00048561918585226176
9.8 0.0004852033993856101
10.200000000000001 0.0004848874445698782
10.600000000000001 0.00048596581726699576
11.0 0.00048437975008880406
11.4 0.0004870099374114029
11.8 0.0004869485088829714
12.200000000000001 0.0004871372198411921
12.600000000000001 0.0004865770115607803
13.0 0.0004830378705536931
13.4 0.00048608196070457494
13.8 0.00048555309138002605
14.200000000000001 0.0004847769700626966
14.600000000000001 0.0004843946473949483
15.0 0.00048331635508347593
15.4 0.00048309375655157007
15.8 0.00048401877946688737
16.2 0.0004875130144337915
16.6 0.00048447217915653944
17.0 0.0004834978929280086
17.400000000000002 0.0004859252166729303
17.8 0.0004868616265447004
18.2 0.00048616408118552074
18.6 0.00048388774162976884
19.0 0.0004827780472488611
19.400000000000002 0.0004849908278493047
19.8 0.00048234294367328266
20.200000000000003 0.0004847207506684325
20.6 0.0004852047037470233
21.0 0.0004836625119073741
21.400000000000002 0.00048523611710447363
21.8 0.0004834264970298379
22.200000000000003 0.0004816434096843486
22.6 0.0004827198788957838
23.0 0.00048511445853717246
23.400000000000002 0.0004854019092513675
23.8 0.0004864329363368862
24.200000000000003 0.0004875111469174112
24.6 0.0004844271631444075
25.0 0.0004819899423634802
25.400000000000002 0.0004848856324197996
25.8 0.0004843061770788765
26.200000000000003 0.0004837937577757176
26.6 0.0004819188880195134
27.0 0.00048555594952813416
27.400000000000002 0.00048487111653539353
27.8 0.00048131342430918027
28.200000000000003 0.00048256031847760886
28.6 0.00048494375731000826
29.0 0.00048049273132787825
29.400000000000002 0.0004841340024447102
29.8 0.0004846987186532047
30.200000000000003 0.00048360958674970034
30.6 0.00048323090499474995
31.0 0.00048112783538927536
31.400000000000002 0.0004857274206341887
31.8 0.0004830512286207124
32.2 0.0004827693831319834
32.6 0.0004852316239793909
33.0 0.00048477862430026795
33.4 0.00048396522704390125
33.800000000000004 0.0004832122514186699
34.2 0.00048248676441518915
34.6 0.00048287049701703657
35.0 0.0004828871212597538
35.4 0.00048361298266267775
35.800000000000004 0.000484338027913481
36.2 0.0004841185461947888
36.6 0.00048474679416466414
37.0 0.00048195748876373254
37.4 0.00048430942598937283
37.800000000000004 0.00048749994003057304
38.2 0.00048394740679521273
38.6 0.000481992499719383
39.0 0.00048546240980045635
39.400000000000006 0.0004854055433976952
39.800000000000004 0.0004832782411109296
