block_size         error    difference      rel_diff
-------------------------------------------------------
       2  3.948290e-08  1.634285e-08  4.139222e-01
       4  5.582574e-08  2.309447e-08  4.136885e-01
       8  7.892021e-08  3.260992e-08  4.132011e-01
      16  1.115301e-07  4.597657e-08  4.122345e-01
      32  1.575067e-07  6.463846e-08  4.103854e-01
      64  2.221452e-07  9.036780e-08  4.067962e-01
     128  3.125130e-07  1.250691e-07  4.002046e-01
     256  4.375821e-07  1.696315e-07  3.876563e-01
     512  6.072136e-07  2.217180e-07  3.651401e-01
    1024  8.289316e-07  2.716622e-07  3.277257e-01
    2048  1.100594e-06  2.935828e-07  2.667495e-01
    4096  1.394177e-06  2.411250e-07  1.729515e-01
    8192  1.635302e-06  1.445914e-07  8.841880e-02
   16384  1.779893e-06  2.826130e-08  1.587809e-02
   32768  1.808154e-06  1.320863e-08  7.305033e-03
   65536  1.821363e-06  -1.690663e-07  9.282407e-02
  131072  1.652297e-06           ---           ---
