block_size         error    difference      rel_diff
-------------------------------------------------------
       2  6.017153e-07  2.485100e-07  4.130027e-01
       4  8.502253e-07  3.503450e-07  4.120613e-01
       8  1.200570e-06  4.924159e-07  4.101517e-01
      16  1.692986e-06  6.882849e-07  4.065508e-01
      32  2.381271e-06  9.518350e-07  3.997172e-01
      64  3.333106e-06  1.291934e-06  3.876065e-01
     128  4.625040e-06  1.696466e-06  3.668002e-01
     256  6.321505e-06  2.098136e-06  3.319045e-01
     512  8.419641e-06  2.340822e-06  2.780192e-01
    1024  1.076046e-05  2.198280e-06  2.042923e-01
    2048  1.295874e-05  1.414056e-06  1.091199e-01
    4096  1.437280e-05  8.850237e-07  6.157629e-02
    8192  1.525782e-05  7.569663e-07  4.961169e-02
   16384  1.601479e-05  5.148338e-07  3.214740e-02
   32768  1.652962e-05  2.738548e-10  1.656752e-05
   65536  1.652990e-05  3.999935e-07  2.419819e-02
  131072  1.692989e-05           ---           ---
