# k values and corresponding S(k) [pure estimator]
0.0 65.23051367633633
0.07853981633974483 0.5167088878820681
0.15707963267948966 0.6993617500750834
0.23561944901923448 0.8243336674478909
0.3141592653589793 0.8670692255065227
0.39269908169872414 0.8987644084797087
0.47123889803846897 0.948631485172332
0.5497787143782138 0.9275883290833582
0.6283185307179586 0.9299100168749392
0.7068583470577035 0.9699050439106839
0.7853981633974483 0.9691344534784414
0.8639379797371931 0.9616974597480972
0.9424777960769379 0.9654995675864326
1.0210176124166828 0.9864483841194088
1.0995574287564276 0.9837820516618475
1.1780972450961724 0.9766208261846703
1.2566370614359172 0.9729788446868942
1.335176877775662 0.9722488587453678
1.413716694115407 0.979311365823761
1.4922565104551517 0.9622742512342368
1.5707963267948966 0.9787833468737823
1.6493361431346414 0.9762779028261765
1.7278759594743862 0.968474296291689
1.806415775814131 0.9760178620905446
1.8849555921538759 0.9660772197345111
1.9634954084936207 0.9701415661003249
2.0420352248333655 0.9978069675047179
2.1205750411731104 0.9527181376673198
2.199114857512855 0.9656710505523308
2.2776546738526 0.9851877387977249
2.356194490192345 0.9975315672165742
2.4347343065320897 0.9912190624728773
2.5132741228718345 0.9861075429239938
2.5918139392115793 0.9791964873931548
2.670353755551324 0.9860645226305015
2.748893571891069 0.9856903243649611
2.827433388230814 0.9723330253408529
2.9059732045705586 0.9895727823507682
2.9845130209103035 0.9902251622338679
3.0630528372500483 0.9872034536120906
3.141592653589793 0.9851916636704026
3.220132469929538 0.9687795332073418
3.2986722862692828 0.9877757223336571
3.3772121026090276 0.9891950146199787
3.4557519189487724 0.9791820581861148
3.5342917352885173 0.9889355353817703
3.612831551628262 0.9664174582093211
3.691371367968007 0.9796392190420486
3.7699111843077517 0.9834921614070697
3.8484510006474966 0.9835568833745727
3.9269908169872414 0.9787436320719722
4.005530633326986 0.9906267577956015
4.084070449666731 0.9867475111052373
4.162610266006476 0.9751572592052119
4.241150082346221 0.9905583045801984
4.319689898685965 0.9755149648913075
4.39822971502571 0.9876826899661576
4.476769531365456 0.9629355370014723
4.5553093477052 0.9823819630931007
4.633849164044944 0.9823155383184552
4.71238898038469 1.013223892949118
4.790928796724435 0.9778849489234244
4.869468613064179 0.9929032064702268
4.948008429403924 0.987957834665752
5.026548245743669 0.9698179329489264
5.105088062083414 0.9867348041726755
5.183627878423159 0.9856396750150032
5.262167694762903 0.9943711988611994
5.340707511102648 0.9943541313840896
5.419247327442394 1.0009520837081503
5.497787143782138 0.9887994116709442
5.576326960121882 0.9731040508395375
5.654866776461628 0.9843775261230155
5.733406592801373 0.9937145153863822
5.811946409141117 0.9862043282542143
