# block  <P^4>
1 0.0
2 0.04909755310866413
3 0.42289842098765745
4 0.3029245442973845
5 0.2581316679012393
6 0.18241470493827264
7 0.19688584320987887
8 0.24632217782218097
9 0.24620277283950737
10 0.2673459679012377
11 0.4166695518518534
12 0.26342583712584017
13 0.26733174973175505
14 0.3032674049382693
15 0.3494441469135801
16 0.3200925580246911
17 0.2502935123456814
18 0.22616201728395233
19 0.27261149506173027
20 0.27884950123456886
21 0.37429705432098875
22 0.2289996506172852
23 0.2813295691358048
24 0.29234766419753255
25 0.286380092592596
26 0.38693247530864094
27 0.28207778888888896
28 0.2802964938271628
29 0.26474721975308896
30 0.3486387370370367
31 0.23063556766643278
32 0.43733451604938495
33 0.2610375308642009
34 0.3590812172839514
35 0.2150342481481489
36 0.35574961458294785
37 0.34040356790123655
38 0.23364489259259424
39 0.24661044938271695
40 0.2773321666666676
41 0.2549199765432128
42 0.3017869938271624
43 0.2648985259259258
44 0.32762123555457034
45 0.32433015432098555
46 0.27138687901234704
47 0.17757160246913928
48 0.2128536728395068
49 0.2549367644701017
50 0.2820851938271614
51 0.26152768395062065
52 0.2305758061728426
53 0.23988543776644491
54 0.30686199259259217
55 0.2246008679012354
56 0.29680305679012564
57 0.31895741481481094
58 0.2052417108466515
59 0.20373813209876773
60 0.2783956314339057
61 0.25540094197530966
62 0.25670338518518665
63 0.29776068024691493
64 0.2570566172839498
65 0.28620437217103734
66 0.28286017530864244
67 0.2861755333333331
68 0.2893496716049416
69 0.23710070670070799
70 0.1921434493827182
71 0.2749763123456811
72 0.3770945938271576
73 0.5698036814814873
74 0.2905537339808947
75 0.27366932469135663
76 0.21525569643717773
77 0.30313508148148005
78 0.20002176790123638
79 0.25352159135802405
80 0.2958386222222228
81 0.19506763580247025
82 0.3132539901234571
83 0.24903072962963113
84 0.27417619382715763
85 0.32578898395061856
86 0.20493550400217247
87 0.27686782839506
88 0.26746013827160714
89 0.25641439629629686
90 0.24483351481481727
91 0.2926333913000602
92 0.2279190604938283
93 0.30993946296296493
94 0.30415965679012624
95 0.2826548901234583
96 0.33561394938271166
97 0.242253750617286
98 0.2672895444444475
99 0.2582951938271641
100 0.2892963740740783
101 0.3364182644515968
102 0.2738377679012358
103 0.27042193551576565
104 0.33634167283950595
105 0.2527762111111136
106 0.2325805842879937
107 0.23902278271604815
108 0.2377773946786323
109 0.3134552197530882
110 0.3282316637625268
111 0.26230278765432435
112 0.28334347654321
113 0.24526904691358323
114 0.33682656296296326
115 0.31858780123457003
116 0.31046063580247285
117 0.2481116320987702
118 0.2728940261248935
119 0.3302053086419694
120 0.27753987901234883
121 0.28139255548133596
122 0.20762479382715834
123 0.27172340123456784
124 0.21253016983017325
125 0.32673768271605125
126 0.41336658757522776
127 0.24392340000000226
128 0.30942237160493574
129 0.28863719382716085
130 0.23491733086420005
131 0.27205923703704027
132 0.2587036975370319
133 0.23735240493827275
134 0.22066432716049542
135 0.23544473209876618
136 0.30166731728395313
137 0.3474958140624801
138 0.25307667381287186
139 0.3594626666666641
140 0.3284210950617276
141 0.2745044320987651
142 0.42141780864197437
143 0.26300550123456984
144 0.2185736703703729
145 0.26106202469136136
146 0.20951023580246833
147 0.31761360990619864
148 0.32925107530864595
149 0.3084410506172866
150 0.27874165249747407
151 0.22518008148148283
152 0.22770557160493776
153 0.18380940000000193
154 0.20071425746734597
155 0.3199993272713811
156 0.3378793456790084
157 0.25427503827160763
158 0.28313171111111474
159 0.31530518765431975
160 0.2048699197530875
161 0.2893286962962973
162 0.2380423567901242
163 0.17746822469135953
164 0.26368754455421334
165 0.26044975061728537
166 0.2691634716049374
167 0.28219502098765303
168 0.3237261158594495
169 0.29120758148148373
170 0.34276176296296124
171 0.32794845031511966
172 0.3079159444444468
173 0.35837636067635953
174 0.24908358308358558
175 0.22057222716049543
176 0.18800448349584165
177 0.36697272098765477
178 0.3527316111111103
179 0.28495531333803215
180 0.3334584246913598
181 0.28535807777777866
182 0.24439114670226122
183 0.28831869488536227
184 0.4087890506172816
185 0.28875917662584205
186 0.30509051767817325
187 0.2867765321098679
188 0.1566895580246906
189 0.2407172518518541
190 0.24320456049382688
191 0.5948858654320893
192 0.3241018185185192
193 0.24614697283950873
194 0.2139821933044172
195 0.25622364691357935
196 0.44562031604938557
197 0.33719811975308445
198 0.2727750111111138
199 0.233700008633344
200 0.2376763493827176
201 0.2828735585402265
202 0.2010154419753098
203 0.25114649135802825
204 0.19972317379107626
205 0.18536672969265758
206 0.29676300123456373
207 0.18472584444444523
208 0.3656230403242707
