# block  <P>
1 0.0
2 -0.19009009009008962
3 -0.4835000000000045
4 -0.22749416082749366
5 -0.1920333333333321
6 -0.16476666666666723
7 0.047233333333333016
8 0.18424908424908687
9 0.15606666666666386
10 -0.07153333333333013
11 -0.4918333333333343
12 -0.26796536796536574
13 -0.1504495504495506
14 -0.37493333333333123
15 -0.40983333333333166
16 -0.5517999999999993
17 -0.199899999999999
18 0.0506666666666666
19 0.3198999999999981
20 0.39793333333333414
21 0.7103333333333325
22 0.6405666666666662
23 0.7005000000000073
24 0.7197333333333312
25 0.7094333333333332
26 0.7489666666666712
27 0.7089000000000037
28 0.6990666666666797
29 0.7033999999999975
30 0.7492333333333364
31 0.6764431097764544
32 0.7814666666666562
33 0.7026666666666592
34 0.7506666666666704
35 0.6639000000000002
36 0.7519480519480449
37 0.7333333333333283
38 0.6792333333333374
39 0.686133333333336
40 0.7100333333333304
41 0.6939666666666627
42 0.7265666666666736
43 0.7000000000000011
44 0.7402597402597412
45 0.7344333333333328
46 0.7054000000000016
47 0.629400000000011
48 0.6564333333333345
49 0.6904428904428914
50 0.7169666666666676
51 0.6958666666666677
52 0.6682999999999979
53 0.6824683965402528
54 0.7237333333333392
55 0.6668999999999989
56 0.7162666666666695
57 0.7261333333333382
58 0.6544544544544525
59 0.6465666666666666
60 0.6960627293960697
61 0.6939
62 0.6890666666666702
63 0.7131666666666724
64 0.6899333333333347
65 0.7095238095238126
66 0.7060000000000087
67 0.7133333333333383
68 0.7121333333333362
69 0.6720612720612716
70 0.6379333333333372
71 0.6874333333333315
72 0.7647666666666704
73 0.8470666666666566
74 0.7113113113113102
75 0.6973666666666634
76 0.6602936269602946
77 0.724733333333334
78 0.6519333333333374
79 0.6765000000000032
80 0.7195333333333359
81 0.6533666666666649
82 0.7272000000000032
83 0.6798333333333371
84 0.6914333333333342
85 0.7390999999999944
86 0.6548784548784593
87 0.7029666666666686
88 0.6986000000000044
89 0.6846333333333328
90 0.6702333333333286
91 0.7142191142191116
92 0.6733666666666623
93 0.7316333333333294
94 0.7210000000000008
95 0.7051666666666747
96 0.7278333333333384
97 0.6845999999999942
98 0.7016333333333351
99 0.7006333333333332
100 0.7151666666666657
101 0.7397602397602363
102 0.7058666666666662
103 0.7075742409075757
104 0.7395666666666671
105 0.6796999999999968
106 0.6726393059726373
107 0.6749333333333335
108 0.6741408074741416
109 0.730866666666665
110 0.7304637971304655
111 0.6944000000000041
112 0.7169333333333382
113 0.6834000000000022
114 0.7360666666666683
115 0.7228999999999989
116 0.7310333333333366
117 0.6877999999999983
118 0.7014014014014014
119 0.7294000000000092
120 0.7036666666666689
121 0.6959919839679367
122 0.6524333333333374
123 0.701833333333335
124 0.6622377622377686
125 0.7320333333333325
126 0.7731398064731315
127 0.6869333333333363
128 0.7268333333333377
129 0.7177000000000047
130 0.6702666666666705
131 0.7006000000000036
132 0.685014985014986
133 0.6764666666666673
134 0.6609
135 0.6844999999999989
136 0.723433333333327
137 0.7446886446886433
138 0.67964071856288
139 0.7605333333333303
140 0.7401000000000019
141 0.7043333333333432
142 0.7674333333333342
143 0.6940666666666696
144 0.6633666666666687
145 0.6872000000000033
146 0.6635000000000056
147 0.7198198198198278
148 0.7412333333333248
149 0.735166666666673
150 0.7075848303393237
151 0.6696666666666714
152 0.6570999999999949
153 0.6346666666666698
154 0.6523189856523248
155 0.7025948103792445
156 0.7345333333333353
157 0.6886333333333379
158 0.7127333333333389
159 0.7244000000000063
160 0.6591000000000002
161 0.7171333333333383
162 0.6747000000000041
163 0.6310666666666697
164 0.6954378954379005
165 0.6943333333333311
166 0.7016000000000069
167 0.7095666666666663
168 0.7332001332001397
169 0.7210999999999963
170 0.7514000000000035
171 0.7335664335664324
172 0.7279000000000028
173 0.7399600399600371
174 0.6827172827172906
175 0.663933333333327
176 0.6414414414414367
177 0.7592666666666686
178 0.7465666666666667
179 0.7154487821154547
180 0.7414666666666622
181 0.7118333333333354
182 0.6788788788788781
183 0.7071928071928079
184 0.7698333333333334
185 0.7066933066933083
186 0.7266599933266552
187 0.7112221112221117
188 0.6067333333333332
189 0.6812666666666717
190 0.6836000000000011
191 0.8483666666666644
192 0.7331
193 0.685400000000002
194 0.6610944277610917
195 0.6997999999999932
196 0.793466666666656
197 0.7389666666666568
198 0.7072333333333373
199 0.6733266733266774
200 0.6792333333333361
201 0.7040293040292989
202 0.6532666666666718
203 0.6861333333333378
204 0.6510844177510822
205 0.634834834834837
206 0.720899999999992
207 0.635
208 0.7564230897564225
