block_size         error    difference      rel_diff
-------------------------------------------------------
       2  7.738640e-08  3.201441e-08  4.136956e-01
       4  1.094008e-07  4.521305e-08  4.132789e-01
       8  1.546139e-07  6.376698e-08  4.124273e-01
      16  2.183808e-07  8.970603e-08  4.107779e-01
      32  3.080869e-07  1.255614e-07  4.075520e-01
      64  4.336483e-07  1.741227e-07  4.015297e-01
     128  6.077710e-07  2.373888e-07  3.905893e-01
     256  8.451598e-07  3.139158e-07  3.714277e-01
     512  1.159076e-06  3.911605e-07  3.374762e-01
    1024  1.550236e-06  4.368671e-07  2.818068e-01
    2048  1.987103e-06  4.083469e-07  2.054986e-01
    4096  2.395450e-06  3.395681e-07  1.417554e-01
    8192  2.735018e-06  1.981507e-07  7.244950e-02
   16384  2.933169e-06  -3.996327e-08  1.362461e-02
   32768  2.893206e-06  -1.721621e-07  5.950566e-02
   65536  2.721043e-06  -1.802138e-07  6.622965e-02
  131072  2.540830e-06           ---           ---
