# k values and corresponding S(k) [pure estimator]
0.0 0.906181356780288
0.10471975511965977 0.9609823270682591
0.20943951023931953 0.9645431581658682
0.3141592653589793 0.9684890531776446
0.41887902047863906 0.9734789595628894
0.5235987755982988 0.9605211630179413
0.6283185307179586 0.9697487952869802
0.7330382858376183 0.9733053397093548
0.8377580409572781 0.9758913224632089
0.9424777960769379 0.968166257675647
1.0471975511965976 0.9736265100313608
1.1519173063162573 0.9657130745121671
1.2566370614359172 0.9703708193445033
1.361356816555577 0.9743012020486091
1.4660765716752366 0.9851102638149996
1.5707963267948966 0.9700912299862
1.6755160819145563 0.9797688585576161
1.780235837034216 0.965064067608057
1.8849555921538759 0.9674420276578627
1.9896753472735356 0.970064680489107
2.0943951023931953 0.9700241500550091
2.199114857512855 0.962893688013743
2.3038346126325147 0.9665953602843222
2.4085543677521746 0.9786687707052267
2.5132741228718345 0.9702035115098178
2.617993877991494 0.9772323109336694
2.722713633111154 0.9678636358081013
2.827433388230814 0.9685961017254878
2.9321531433504733 0.9709851255442019
3.036872898470133 0.975443345067839
3.141592653589793 0.9678632014447014
3.2463124087094526 0.9800797353534861
3.3510321638291125 0.9676304563277496
3.4557519189487724 0.971602916817274
3.560471674068432 0.9871334372657266
3.665191429188092 0.9681484895720932
3.7699111843077517 0.972303335665653
3.874630939427411 0.9688865714336714
3.979350694547071 0.9799094548958799
4.084070449666731 0.965394360766428
4.1887902047863905 0.9652115371884412
4.29350995990605 0.9756319415947623
4.39822971502571 0.9589969130033912
4.50294947014537 0.9727109108187191
4.607669225265029 0.9749687660941367
4.71238898038469 0.9640300256392806
4.817108735504349 0.9780172870349703
4.921828490624009 0.9600130745199202
5.026548245743669 0.9862092393820957
5.1312680008633285 0.9696774830798037
5.235987755982988 0.9612342069406571
5.340707511102648 0.9810309591357842
5.445427266222308 0.9689876457215976
5.550147021341967 0.9670929106249649
5.654866776461628 0.9822509703843075
5.759586531581287 0.9758075103108966
5.864306286700947 0.9688700799849547
5.969026041820607 0.9575074178126264
6.073745796940266 0.9703613091820574
6.178465552059926 0.9721643707449238
6.283185307179586 0.967816166448839
6.387905062299246 0.9758687605188727
6.492624817418905 0.9713721684154538
6.5973445725385655 0.9678866596337197
6.702064327658225 0.9787697714082328
6.8067840827778845 0.9715546292152957
6.911503837897545 0.9618708411399985
7.016223593017204 0.9754189044556253
7.120943348136864 0.9641740581694999
7.225663103256524 0.9669250313101672
7.330382858376184 0.9669613295825202
7.435102613495843 0.9645637440290318
7.5398223686155035 0.9769540038876285
7.644542123735163 0.9753532382157273
7.749261878854822 0.9645698957543684
