# k values and corresponding S(k) [pure estimator]
0.0 1.500902833163806
0.15707963267948966 1.0266188180520404
0.3141592653589793 0.9923064871284658
0.47123889803846897 0.972949619395293
0.6283185307179586 0.9699672706860718
0.7853981633974483 0.9738254182850479
0.9424777960769379 0.9779477399077539
1.0995574287564276 0.9776454687339573
1.2566370614359172 0.9705823516639567
1.413716694115407 0.9782099130468846
1.5707963267948966 0.9685965384470515
1.7278759594743862 0.9672029568711419
1.8849555921538759 0.9680085184500071
2.0420352248333655 0.9683565800474511
2.199114857512855 0.9724103387525782
2.356194490192345 0.9765523608049901
2.5132741228718345 0.9742266642982655
2.670353755551324 0.958365943867313
2.827433388230814 0.9767513698875836
2.9845130209103035 0.970986238022279
3.141592653589793 0.9656200771702653
3.2986722862692828 0.9808523179021242
3.4557519189487724 0.9715062345548878
3.612831551628262 0.9773541631041852
3.7699111843077517 0.9726374570429037
3.9269908169872414 0.9791521492897673
4.084070449666731 0.9761053371418726
4.241150082346221 0.9702714322964293
4.39822971502571 0.9683482990760653
4.5553093477052 0.9760403214111004
4.71238898038469 0.9809779236771736
4.869468613064179 0.982524099715197
5.026548245743669 0.9716574391571451
5.183627878423159 0.9750327998107898
5.340707511102648 0.9818413756908192
5.497787143782138 0.9674951805285428
5.654866776461628 0.9643850416440277
5.811946409141117 0.9675276879765947
5.969026041820607 0.9744485058291458
6.126105674500097 0.9701559181089041
6.283185307179586 0.9714143318163949
6.440264939859076 0.98144509828261
6.5973445725385655 0.9702203145773893
6.754424205218055 0.96502105103142
6.911503837897545 0.9648593404852217
7.0685834705770345 0.9725730337488042
7.225663103256524 0.9611318489537788
7.382742735936014 0.980857400853451
7.5398223686155035 0.958466882782081
7.696902001294993 0.9718334058072832
7.853981633974483 0.9652807686404935
8.011061266653972 0.9812796044313982
8.168140899333462 0.9704018711586888
8.325220532012953 0.9718397030922444
8.482300164692441 0.9716654556703528
8.63937979737193 0.9685581315863261
8.79645943005142 0.9732363281095555
8.953539062730911 0.96427007381033
9.1106186954104 0.9689667120902847
9.267698328089889 0.957446072434002
9.42477796076938 0.9679181234682457
9.58185759344887 0.96573936984668
9.738937226128359 0.9799714723613804
9.896016858807847 0.9697709636593135
10.053096491487338 0.9660731328265063
10.210176124166829 0.9726899304996718
10.367255756846317 0.9767138562331474
10.524335389525806 0.9743042992445695
10.681415022205297 0.9726938291766114
10.838494654884787 0.9633575599725621
10.995574287564276 0.9689380996537054
11.152653920243765 0.9631433597014059
11.309733552923255 0.973297861318705
11.466813185602746 0.9650367145563338
11.623892818282235 0.9754839985975544
