0.2 0.8712584388185654
0.6000000000000001 0.8944662447257384
1.0 0.912129746835443
1.4000000000000001 0.8981856540084389
1.8 0.861915611814346
2.2 0.8858723628691983
2.6 0.891629746835443
3.0 0.874207805907173
3.4000000000000004 0.8898069620253165
3.8000000000000003 1.002285864978903
4.2 0.9987605485232067
4.6000000000000005 1.0266708860759495
5.0 1.0794303797468354
5.4 1.0605369198312236
5.800000000000001 1.121229957805907
6.2 1.1307816455696202
6.6000000000000005 1.107445147679325
7.0 1.0711856540084388
7.4 0.9956508438818565
7.800000000000001 1.0067626582278482
8.200000000000001 0.9577616033755274
8.6 0.9678111814345992
9.0 0.9504440928270043
9.4 0.9984947257383966
9.8 0.9829135021097046
10.200000000000001 1.0193512658227848
10.600000000000001 1.014110759493671
11.0 0.9963713080168777
11.4 1.0055021097046413
11.8 1.0554894514767932
12.200000000000001 1.004210970464135
12.600000000000001 1.0252552742616035
13.0 1.050256329113924
13.4 0.985623417721519
13.8 1.0234757383966244
14.200000000000001 1.0646550632911393
14.600000000000001 1.0334113924050632
15.0 0.9947014767932489
15.4 1.015837552742616
15.8 0.9970432489451477
16.2 1.0385706751054853
16.6 1.0440179324894514
17.0 1.009523206751055
17.400000000000002 0.9772109704641351
17.8 0.9514282700421941
18.2 0.8993248945147679
18.6 0.9376550632911392
19.0 0.975081223628692
19.400000000000002 0.9998691983122363
19.8 0.9598206751054852
20.200000000000003 1.00665611814346
20.6 1.0385559071729957
21.0 1.0583544303797467
21.400000000000002 1.0832837552742616
21.8 1.0786181434599156
22.200000000000003 1.0667616033755274
22.6 1.0399398734177214
23.0 1.0051993670886077
23.400000000000002 0.9538006329113924
23.8 0.9194725738396624
24.200000000000003 0.9500991561181434
24.6 1.001457805907173
25.0 0.9846582278481013
25.400000000000002 1.0174894514767931
25.8 0.9919050632911393
26.200000000000003 0.9997088607594937
26.6 1.01184388185654
27.0 0.9950021097046413
27.400000000000002 1.0075063291139241
27.8 0.9840443037974683
28.200000000000003 1.051051687763713
28.6 1.0660864978902953
29.0 1.0687447257383966
29.400000000000002 1.0889514767932489
29.8 1.0173227848101265
30.200000000000003 0.9918607594936709
30.6 0.9507742616033755
31.0 0.9211867088607595
31.400000000000002 0.9348575949367088
31.8 0.9161075949367089
32.2 0.9381476793248945
32.6 0.9501772151898734
33.0 1.0243227848101266
33.4 1.0226128691983123
33.800000000000004 1.0210864978902954
34.2 1.064789029535865
34.6 1.0642289029535865
35.0 1.082412447257384
35.4 1.102795358649789
35.800000000000004 1.0130822784810127
36.2 0.988214135021097
36.6 0.9853459915611814
37.0 0.9411803797468354
37.4 0.9597405063291139
37.800000000000004 1.0122573839662448
38.2 1.042879746835443
38.6 1.0319377637130802
39.0 0.9977120253164556
39.400000000000006 1.026620253164557
39.800000000000004 1.0137194092827004
