# r  Cs(r) [pure estimator]
0.15 0.0004449907623888817
0.44999999999999996 0.00043890304925205283
0.75 0.00044316509395962814
1.05 0.0004455740279257873
1.3499999999999999 0.00043737263000455764
1.65 0.0004392075348363203
1.95 0.0004409694317587932
2.25 0.00044148182139982936
2.55 0.000440448816189402
2.85 0.0004403747721992043
3.15 0.00043513711277756587
3.4499999999999997 0.00044101159641764774
3.75 0.00043813845201171183
4.05 0.00043978872936436343
4.35 0.0004343201973295111
4.6499999999999995 0.00043993946317287834
4.95 0.00043718873104763993
5.25 0.0004344476605095416
5.55 0.0004372362283262355
5.85 0.00043489413423691424
6.1499999999999995 0.00043037283022129605
6.45 0.00043961661894493143
6.75 0.0004340158989059739
7.05 0.00043548781005389665
7.35 0.0004379240116243294
7.6499999999999995 0.00043313807048398005
7.949999999999999 0.00042811473752257285
8.25 0.00043401927765023175
8.549999999999999 0.0004325293604353751
8.85 0.0004320626745730762
9.15 0.00043116608767080564
9.45 0.00043424132709527755
9.75 0.000435375871121693
10.049999999999999 0.0004326197276676518
10.35 0.00043134120975245153
10.65 0.0004292113382024972
10.95 0.0004331186354907788
11.25 0.00043172248996140017
11.549999999999999 0.0004320990396854302
11.85 0.00042734647242466476
12.15 0.00043213907995227137
12.45 0.00043139067021006933
12.75 0.00043061508199760995
13.049999999999999 0.00043117535679139965
13.35 0.00042677512404859947
13.65 0.00043233507686166737
13.95 0.000430386969658112
14.25 0.00043464296924383943
14.549999999999999 0.0004317977718232916
14.85 0.00042854419096231545
15.149999999999999 0.0004315140992181796
15.45 0.0004288028921919176
15.75 0.000431366235259089
16.05 0.0004322242112613497
16.349999999999998 0.0004309645957651668
16.65 0.00042872474882930066
16.95 0.00043041049105786087
17.25 0.00042722743620939377
17.55 0.0004302489568420818
17.849999999999998 0.0004321157195985233
18.15 0.0004292810467367003
18.45 0.00042800537801355207
18.75 0.00042976575654778425
19.05 0.0004294121888133872
19.349999999999998 0.00042444642785834037
19.65 0.00042820765978416437
19.95 0.0004302682426905385
20.25 0.00043014444732712015
20.55 0.00043291769524602037
20.849999999999998 0.00042470556184203654
21.15 0.00043061025154318765
21.45 0.000430553456053738
21.75 0.0004268802476074842
22.05 0.0004314743925484531
22.349999999999998 0.0004232339859617783
22.65 0.0004303384701407467
22.95 0.0004228583373108607
23.25 0.0004283462222011203
23.55 0.00042756232557365423
23.849999999999998 0.00042358705261106645
24.15 0.0004306353814086775
24.45 0.000425570383891526
24.75 0.0004283614128301048
25.05 0.00042524610629820423
25.349999999999998 0.0004272266574139182
25.65 0.0004280372046435498
25.95 0.0004246413946996369
26.25 0.00043190066078894064
26.55 0.00043157780183162995
26.849999999999998 0.00042361178081555724
27.15 0.0004229209630311277
27.45 0.0004233069947221935
27.75 0.00042241199290840256
28.05 0.0004307207462793255
28.349999999999998 0.0004286909222775971
28.65 0.0004297114703105387
28.95 0.0004285085364778905
29.25 0.0004260623293892896
29.549999999999997 0.0004238965281869385
29.849999999999998 0.0004224961186658927
