block_size         error    difference      rel_diff
-------------------------------------------------------
       2  3.680074e-07  1.524083e-07  4.141447e-01
       4  5.204157e-07  2.155039e-07  4.140995e-01
       8  7.359196e-07  3.046749e-07  4.140057e-01
      16  1.040594e-06  4.306251e-07  4.138260e-01
      32  1.471220e-06  6.083279e-07  4.134854e-01
      64  2.079547e-06  8.585592e-07  4.128587e-01
     128  2.938107e-06  1.209657e-06  4.117130e-01
     256  4.147763e-06  1.700039e-06  4.098690e-01
     512  5.847803e-06  2.379705e-06  4.069400e-01
    1024  8.227507e-06  3.311804e-06  4.025282e-01
    2048  1.153931e-05  4.581864e-06  3.970657e-01
    4096  1.612118e-05  6.258179e-06  3.881962e-01
    8192  2.237935e-05  8.295803e-06  3.706900e-01
   16384  3.067516e-05  1.014271e-05  3.306489e-01
   32768  4.081786e-05  1.062009e-05  2.601824e-01
   65536  5.143795e-05  5.222424e-06  1.015286e-01
  131072  5.666038e-05           ---           ---
