0.15 0.8514425612052731
0.44999999999999996 0.872241054613936
0.75 0.820557438794727
1.05 0.8516459510357816
1.3499999999999999 0.8830112994350282
1.65 0.9109604519774012
1.95 0.945984934086629
2.25 0.9799265536723164
2.55 0.9209227871939736
2.85 0.9407589453860641
3.15 0.9308079096045198
3.4499999999999997 0.9510357815442562
3.75 0.9920376647834275
4.05 0.993879472693032
4.35 1.0155913370998118
4.6499999999999995 1.0813352165725048
4.95 1.0908568738229756
5.25 1.0933182674199624
5.55 1.0629811676082863
5.85 1.0630790960451977
6.1499999999999995 1.0635254237288136
6.45 1.0254256120527308
6.75 0.9917890772128061
7.05 0.9650772128060263
7.35 0.9859190207156309
7.6499999999999995 0.9704463276836158
7.949999999999999 0.9741751412429378
8.25 1.025156308851224
8.549999999999999 1.04460263653484
8.85 1.0555160075329566
9.15 1.0922881355932204
9.45 1.0963822975517892
9.75 1.0433352165725047
10.049999999999999 1.0086817325800377
10.35 1.0163502824858757
10.65 1.0130508474576272
10.95 0.9981581920903955
11.25 1.0173728813559322
11.549999999999999 1.0032467043314501
11.85 0.9682033898305085
12.15 0.96084934086629
12.45 0.9432278719397363
12.75 0.9990018832391714
13.049999999999999 1.0510037664783427
13.35 1.0744651600753297
13.65 1.050768361581921
13.95 1.042593220338983
14.25 1.024804143126177
14.549999999999999 0.9838813559322034
14.85 1.0080207156308851
15.149999999999999 1.0172297551789078
15.45 1.011617702448211
15.75 0.9816195856873823
16.05 0.9414651600753295
16.349999999999998 0.9403898305084746
16.65 1.0179774011299434
16.95 1.0322203389830509
17.25 1.0355009416195857
17.55 1.0265291902071563
17.849999999999998 1.0577664783427496
18.15 1.0110508474576272
18.45 1.0326798493408662
18.75 1.0369020715630886
19.05 1.0085668549905837
19.349999999999998 1.0014350282485875
19.65 0.9919416195856874
19.95 0.9924858757062147
20.25 0.9975593220338983
20.55 1.019864406779661
20.849999999999998 1.0259811676082862
21.15 0.9990772128060263
21.45 0.9280357815442561
21.75 0.9548757062146893
22.05 0.976819209039548
22.349999999999998 1.0232824858757061
22.65 1.0044990583804143
22.95 1.0114632768361582
23.25 0.9716421845574388
23.55 1.0071996233521656
23.849999999999998 1.0338079096045198
24.15 1.0226120527306968
24.45 1.0064670433145009
24.75 1.0484444444444445
25.05 1.0372429378531074
25.349999999999998 1.038879472693032
25.65 1.0498116760828626
25.95 1.1024934086629001
26.25 1.0034124293785311
26.55 1.0062391713747645
26.849999999999998 0.9894387947269303
27.15 0.9725310734463277
27.45 0.9469340866290019
27.75 0.9384595103578155
28.05 1.0018436911487758
28.349999999999998 0.987653483992467
28.65 0.9830979284369115
28.95 1.0066704331450094
29.25 1.0034632768361582
29.549999999999997 1.005020715630885
29.849999999999998 1.008105461393597
