# r  Cs(r) [pure estimator]
0.125 -7.591961647872498e-7
0.375 3.173601881711526e-6
0.625 3.4706979721386702e-6
0.875 1.9417302324722657e-6
1.125 2.362938501752162e-6
1.375 1.9483380665038472e-6
1.625 2.7539557673790815e-6
1.875 4.21404752642677e-6
2.125 3.59790638933653e-6
2.375 9.847582257799702e-7
2.625 2.1570321810382067e-6
2.875 1.8945523819131583e-6
3.125 1.2041691641185105e-6
3.375 2.402221225045914e-6
3.625 7.931691280867365e-7
3.875 1.9493959086364943e-6
4.125 2.409221495010491e-6
4.375 1.3063019508034647e-6
4.625 3.077432782634337e-6
4.875 1.9443350161965236e-6
5.125 2.624987868409737e-6
5.375 2.652859854195083e-6
5.625 3.504634993173881e-6
5.875 4.166422176611711e-6
6.125 2.2817699775929783e-6
6.375 9.61783372645466e-7
6.625 9.352297528965869e-7
6.875 3.02784673755019e-6
7.125 2.0321883919514845e-6
7.375 3.232803474321405e-6
7.625 2.1161797152218608e-6
7.875 2.9267413533920922e-6
8.125 1.254803542865586e-6
8.375 1.3177112156830199e-6
8.625 2.944728891795813e-6
8.875 1.0420075559799275e-6
9.125 1.5137036016822508e-6
9.375 1.5059925488506025e-6
9.625 3.915143829493598e-6
9.875 2.3148275593329597e-6
10.125 2.4994952107590103e-6
10.375 7.638666170372223e-7
10.625 3.805400230596187e-6
10.875 2.55550894321924e-7
11.125 5.112902734421399e-7
11.375 4.2392536997545907e-7
11.625 3.2157776101894043e-6
11.875 7.026184220892222e-7
12.125 2.1094747559202385e-6
12.375 2.5481173090651896e-6
12.625 4.891144247191753e-7
12.875 2.5121525323478155e-6
13.125 2.3050985583397905e-6
13.375 3.2418743365406377e-6
13.625 1.5049152430385393e-6
13.875 3.2714617502350587e-6
14.125 5.634080770295434e-7
14.375 -2.1603969517587983e-7
14.625 1.2824059926502402e-6
14.875 1.3186664760624023e-6
15.125 3.0118425349869416e-6
15.375 2.379457282306105e-6
15.625 1.2323563198598656e-6
15.875 2.777109099913594e-6
16.125 2.7793118183726857e-6
16.375 1.1890235986134918e-6
16.625 2.0760382988384977e-6
16.875 2.4944992571850345e-6
17.125 3.369103881203213e-6
17.375 2.174789688224888e-6
17.625 7.157307283600169e-9
17.875 1.7360166133787446e-6
18.125 2.0069406250151713e-6
18.375 8.993109429183686e-7
18.625 2.6388773273876475e-6
18.875 3.7779733631364173e-6
19.125 2.9033412681565783e-6
19.375 3.3032825783787486e-6
19.625 5.833839517652636e-7
19.875 2.182195811433679e-6
20.125 1.9397192830840854e-6
20.375 8.20773087554281e-7
20.625 1.908441292370757e-6
20.875 1.5746031331428351e-6
21.125 2.214477768625194e-6
21.375 2.601789721871992e-6
21.625 3.0997153876732427e-6
21.875 1.6028161609332921e-6
22.125 1.2630983910583157e-6
22.375 -4.124878828347135e-8
22.625 3.8418486977994796e-7
22.875 8.693894897060819e-7
23.125 2.4490200177071517e-6
23.375 3.3654574949970895e-6
23.625 4.251017265921471e-7
23.875 1.0125756105282198e-6
24.125 2.122525196597813e-6
24.375 1.8384368539510683e-6
24.625 1.2135770895729747e-6
24.875 2.211853820649499e-6
