# P_value  count
-1.0 0.0
-0.975 0.0
-0.95 0.0
-0.925 0.0
-0.9 0.0
-0.875 0.0
-0.85 0.0
-0.825 0.0
-0.8 0.0
-0.775 0.0
-0.75 0.0
-0.725 0.0
-0.7 0.0
-0.675 0.0
-0.65 0.0
-0.625 0.0
-0.6 0.0
-0.575 0.0
-0.55 0.0
-0.525 36.0
-0.5 18.0
-0.475 38.0
-0.45 7.0
-0.425 10.0
-0.4 119.0
-0.375 80.0
-0.35 59.0
-0.325 66.0
-0.3 164.0
-0.275 333.0
-0.25 182.0
-0.225 246.0
-0.2 251.0
-0.175 318.0
-0.15 558.0
-0.125 574.0
-0.1 646.0
-0.075 710.0
-0.05 948.0
-0.025 1118.0
0.0 1407.0
0.025 1496.0
0.05 1720.0
0.075 2449.0
0.1 2767.0
0.125 3060.0
0.15 4369.0
0.175 3968.0
0.2 5383.0
0.225 5747.0
0.25 7090.0
0.275 7701.0
0.3 7178.0
0.325 8812.0
0.35 9900.0
0.375 10136.0
0.4 10188.0
0.425 9985.0
0.45 9316.0
0.475 8572.0
0.5 8054.0
0.525 6534.0
0.55 5621.0
0.575 5288.0
0.6 4054.0
0.625 2957.0
0.65 1957.0
0.675 1492.0
0.7 519.0
0.725 325.0
0.75 167.0
0.775 228.0
0.8 76.0
0.825 0.0
0.85 0.0
0.875 0.0
0.9 0.0
0.925 0.0
0.95 0.0
0.975 0.0
1.0 0.0
