block_size         error    difference      rel_diff
-------------------------------------------------------
       2  9.022220e-07  3.737029e-07  4.142028e-01
       4  1.275925e-06  5.284820e-07  4.141952e-01
       8  1.804407e-06  7.473483e-07  4.141795e-01
      16  2.551755e-06  1.056815e-06  4.141521e-01
      32  3.608570e-06  1.494269e-06  4.140891e-01
      64  5.102839e-06  2.112440e-06  4.139734e-01
     128  7.215279e-06  2.985294e-06  4.137461e-01
     256  1.020057e-05  4.216062e-06  4.133162e-01
     512  1.441664e-05  5.947808e-06  4.125656e-01
    1024  2.036444e-05  8.363679e-06  4.107001e-01
    2048  2.872812e-05  1.163485e-05  4.049985e-01
    4096  4.036297e-05  1.581136e-05  3.917294e-01
    8192  5.617433e-05  2.010626e-05  3.579262e-01
   16384  7.628059e-05  2.273545e-05  2.980503e-01
   32768  9.901605e-05  1.254799e-05  1.267269e-01
   65536  1.115640e-04  4.335839e-06  3.886412e-02
  131072  1.158999e-04           ---           ---
