# P_value  count
-1.0 0.0
-0.975 0.0
-0.95 0.0
-0.925 0.0
-0.9 0.0
-0.875 0.0
-0.85 0.0
-0.825 0.0
-0.8 0.0
-0.775 0.0
-0.75 0.0
-0.725 0.0
-0.7 0.0
-0.675 0.0
-0.65 0.0
-0.625 0.0
-0.6 0.0
-0.575 1.0
-0.55 28.0
-0.525 66.0
-0.5 124.0
-0.475 152.0
-0.45 298.0
-0.425 490.0
-0.4 856.0
-0.375 1091.0
-0.35 1689.0
-0.325 2284.0
-0.3 3138.0
-0.275 3676.0
-0.25 4436.0
-0.225 5537.0
-0.2 6501.0
-0.175 7352.0
-0.15 8609.0
-0.125 10243.0
-0.1 10072.0
-0.075 11231.0
-0.05 11886.0
-0.025 11864.0
0.0 13247.0
0.025 11694.0
0.05 11632.0
0.075 10928.0
0.1 10076.0
0.125 9155.0
0.15 7963.0
0.175 7062.0
0.2 5876.0
0.225 5211.0
0.25 3735.0
0.275 3086.0
0.3 2215.0
0.325 1574.0
0.35 1102.0
0.375 732.0
0.4 620.0
0.425 379.0
0.45 234.0
0.475 139.0
0.5 85.0
0.525 32.0
0.55 28.0
0.575 7.0
0.6 2.0
0.625 0.0
0.65 0.0
0.675 0.0
0.7 0.0
0.725 0.0
0.75 0.0
0.775 0.0
0.8 0.0
0.825 0.0
0.85 0.0
0.875 0.0
0.9 0.0
0.925 0.0
0.95 0.0
0.975 0.0
1.0 0.0
