# k values and corresponding S(k) [pure estimator]
0.0 64.63812768655433
0.07853981633974483 0.523436181674028
0.15707963267948966 0.7062927016843029
0.23561944901923448 0.8094194442121014
0.3141592653589793 0.8745791720060506
0.39269908169872414 0.8917885159818267
0.47123889803846897 0.9284948346101258
0.5497787143782138 0.945573596365201
0.6283185307179586 0.9533763615285089
0.7068583470577035 0.9576043308056228
0.7853981633974483 0.9674401896695649
0.8639379797371931 0.9659785412348093
0.9424777960769379 0.9616048696217798
1.0210176124166828 0.9722944246374019
1.0995574287564276 0.9641656294738705
1.1780972450961724 0.9655895994539334
1.2566370614359172 0.968084708177813
1.335176877775662 0.966451264579758
1.413716694115407 0.9601620179030441
1.4922565104551517 0.9785362230836221
1.5707963267948966 0.9791149091928731
1.6493361431346414 0.985754459321711
1.7278759594743862 0.9668370280894447
1.806415775814131 0.9920510984815709
1.8849555921538759 0.9994105153451318
1.9634954084936207 0.9867636871254626
2.0420352248333655 0.9972596604126907
2.1205750411731104 0.9700254086364563
2.199114857512855 0.9711838038541148
2.2776546738526 0.970189182445443
2.356194490192345 0.9788406958434542
2.4347343065320897 0.9784705302389536
2.5132741228718345 0.9695252042262278
2.5918139392115793 0.9889464479429314
2.670353755551324 0.9888568418201596
2.748893571891069 0.9952835855910024
2.827433388230814 1.0078397079299213
2.9059732045705586 0.9699863504742591
2.9845130209103035 0.978202748994702
3.0630528372500483 0.9623564062916702
3.141592653589793 0.9811152907415179
3.220132469929538 0.9850057034415599
3.2986722862692828 0.994787797607811
3.3772121026090276 0.9929045517507091
3.4557519189487724 0.9948061632682028
3.5342917352885173 0.9902507684145806
3.612831551628262 0.9552657662423737
3.691371367968007 0.9946958903300426
3.7699111843077517 0.998603120336978
3.8484510006474966 0.9813945918929842
3.9269908169872414 0.9902046050737728
4.005530633326986 0.9894307722550272
4.084070449666731 0.9836826675532356
4.162610266006476 0.995713730148432
4.241150082346221 0.995642498633152
4.319689898685965 0.9828182640441584
4.39822971502571 0.9868814045988279
4.476769531365456 1.0062103181122357
4.5553093477052 0.9889170744506015
4.633849164044944 0.9870749294550663
4.71238898038469 0.9767092144490817
4.790928796724435 0.974506399372345
4.869468613064179 0.9849763437917833
4.948008429403924 0.9721729490933572
5.026548245743669 1.004131012953935
5.105088062083414 0.9937669408304656
5.183627878423159 0.9914057137706875
5.262167694762903 0.9863357686552758
5.340707511102648 0.9778315064596224
5.419247327442394 0.9974499961417265
5.497787143782138 0.9909821117904047
5.576326960121882 0.984208555142623
5.654866776461628 0.9984169425802455
5.733406592801373 0.989204647057247
5.811946409141117 0.987931672152626
