# k values and corresponding S(k) [pure estimator]
0.0 29.548577517301354
0.12566370614359174 0.665313605486425
0.25132741228718347 0.7483029997686735
0.3769911184307752 0.8251733672672528
0.5026548245743669 0.8987052152876416
0.6283185307179586 0.849949739696383
0.7539822368615504 0.9276916838367092
0.8796459430051422 0.9442816297967576
1.0053096491487339 0.947499397444635
1.1309733552923256 0.9949296160517236
1.2566370614359172 0.9410170899489354
1.3823007675795091 0.9174380117517905
1.5079644737231008 0.978307367634286
1.6336281798666925 0.9584501154247469
1.7592918860102844 0.9762040875927473
1.884955592153876 0.9644105923706286
2.0106192982974678 0.9605045784285793
2.1362830044410597 1.0138085957728162
2.261946710584651 0.9595941014932053
2.387610416728243 0.9733806383201348
2.5132741228718345 0.9514763873627742
2.6389378290154264 0.9176946791302931
2.7646015351590183 0.9708635668801414
2.8902652413026098 0.9405232114446668
3.0159289474462017 0.964732059252718
3.1415926535897936 0.9819851755886375
3.267256359733385 0.9648690442212585
3.392920065876977 0.9600530166362519
3.518583772020569 0.9580207361137417
3.6442474781641603 0.9467340319260608
3.769911184307752 0.9780223654134717
3.8955748904513436 1.0013785169320095
4.0212385965949355 0.9223872394575138
4.1469023027385274 0.9878412753128644
4.272566008882119 0.9770781271671181
4.39822971502571 0.9444313704753327
4.523893421169302 0.9425889767585922
4.649557127312894 0.9698173399778164
4.775220833456486 0.9849731221314125
4.900884539600078 0.905465268151696
5.026548245743669 0.962943508929204
5.152211951887261 0.9994374429275391
5.277875658030853 0.9787991267194266
5.403539364174445 0.99077834572868
5.529203070318037 0.983326415657624
5.6548667764616285 0.9823870152334799
5.7805304826052195 0.9632128475898825
5.906194188748811 0.9322655552810607
6.031857894892403 1.0094428015983685
6.157521601035995 1.0183221379148095
6.283185307179587 0.9841394204851283
6.408849013323178 0.997715482699411
6.53451271946677 0.9878398600055296
6.660176425610362 1.0091859115630133
6.785840131753954 0.912031258482287
6.911503837897546 0.9263499838037652
7.037167544041138 0.9685972021576572
7.162831250184729 0.9561886994015389
7.288494956328321 0.9578528816258044
7.4141586624719125 0.9526674507443467
7.539822368615504 0.9288692898184203
7.665486074759096 0.987755024579935
7.791149780902687 0.9643686967032161
7.916813487046279 0.939209216756739
8.042477193189871 0.942813136308517
8.168140899333462 0.962497684780696
8.293804605477055 0.9037374396193656
8.419468311620646 0.974201839465299
8.545132017764239 0.9414928856399561
8.67079572390783 0.9824218674163981
8.79645943005142 0.957170461058953
8.922123136195014 0.9100336556429247
9.047786842338605 0.9201362943785987
9.173450548482197 1.0097071283585761
9.299114254625788 0.9746551330141145
