# r  Cs(r) [pure estimator]
0.025 0.00018391022098374277
0.07500000000000001 0.00018820931424811286
0.125 0.00018067474130522144
0.17500000000000002 0.00018931877366222104
0.225 0.0001847156067128768
0.275 0.00018204381790014193
0.325 0.00018288235111374993
0.375 0.00018503002156742757
0.42500000000000004 0.00018692945945441092
0.47500000000000003 0.00018461576181212077
0.525 0.000183327881495712
0.5750000000000001 0.00018877617996237046
0.625 0.00018741841898834205
0.675 0.00018406361242954917
0.7250000000000001 0.00019316835233517736
0.775 0.0001837087919363813
0.8250000000000001 0.00019054217008546116
0.875 0.00018077703338599814
0.925 0.00017954940355398546
0.9750000000000001 0.00017258249060791932
1.0250000000000001 0.00018201855025589753
1.075 0.00018278946829161302
1.125 0.00018040894819703184
1.175 0.00019682508708564469
1.225 0.00019150041060456518
1.2750000000000001 0.00018567151978496498
1.3250000000000002 0.0001969517874157736
1.375 0.00018318285572791796
1.425 0.00017753010229333468
1.475 0.00018926568612423928
1.5250000000000001 0.00018443510007228655
1.5750000000000002 0.0001789163043860771
1.625 0.00017663151348490567
1.675 0.0001895764526989924
1.725 0.0001824294530685371
1.7750000000000001 0.00018810089107544723
1.8250000000000002 0.00017429516621062167
1.875 0.00018480744995651326
1.925 0.00018787495273014668
1.975 0.00018987075544793405
2.025 0.0001928791546855923
2.075 0.00018962323667296496
2.125 0.0001795140202428714
2.1750000000000003 0.00018954148756841584
2.225 0.00018093323814294453
2.275 0.00017203964221653944
2.325 0.00017656136379760708
2.375 0.0001848954198706379
2.4250000000000003 0.00019975857392552106
2.475 0.00018527535831860535
2.5250000000000004 0.00018411803535770398
2.575 0.00017836182436081256
2.625 0.00018971599457290035
2.6750000000000003 0.00017883780443173403
2.725 0.00017549755859204566
2.7750000000000004 0.00019250860150214817
2.825 0.00018083789391240177
2.875 0.00018242753837883344
2.9250000000000003 0.0001921517871696866
2.975 0.00018361808522426756
3.0250000000000004 0.0001879293600092847
3.075 0.00018695781576272649
3.125 0.00019724370102476002
3.1750000000000003 0.00018198177575296878
3.225 0.00018623993755190958
3.2750000000000004 0.00018759380401673568
3.325 0.00018348503375565178
3.375 0.00018803981587871158
3.4250000000000003 0.00017822674442092787
3.475 0.00018690578365427774
3.5250000000000004 0.00017022692464267996
3.575 0.00018165498075034376
3.625 0.00018768768098548097
3.6750000000000003 0.00019449336695798105
3.725 0.00018967314329443845
3.7750000000000004 0.00018592063054096667
3.825 0.00020016331517737256
3.875 0.00017870162079991475
3.9250000000000003 0.00019298799318645323
3.975 0.00018291784817827335
4.025 0.0001827858416592527
4.075 0.0001870107594066048
4.125 0.00019309414823201533
4.175 0.00018257653302353088
4.2250000000000005 0.00018269483175123409
4.275 0.00018445552870794804
4.325 0.00018228393725525178
4.375 0.00017865909330784155
4.425 0.00017727638882180212
4.4750000000000005 0.0001855856973035518
4.525 0.0001820214511961711
4.575 0.00017666585610050535
4.625 0.0001814066115181445
4.675 0.00019693817688240558
4.7250000000000005 0.00019417946891385945
4.775 0.0001890672419244806
4.825 0.00018903269563061407
4.875 0.0001905088943302543
4.925000000000001 0.0001883619598539622
4.9750000000000005 0.0001768700544479623
