block_size         error    difference      rel_diff
-------------------------------------------------------
       2  3.124100e-08  1.293558e-08  4.140579e-01
       4  4.417658e-08  1.828675e-08  4.139468e-01
       8  6.246333e-08  2.584337e-08  4.137367e-01
      16  8.830670e-08  3.650358e-08  4.133727e-01
      32  1.248103e-07  5.152125e-08  4.127965e-01
      64  1.763315e-07  7.265267e-08  4.120231e-01
     128  2.489842e-07  1.024082e-07  4.113040e-01
     256  3.513924e-07  1.443794e-07  4.108780e-01
     512  4.957718e-07  2.034978e-07  4.104666e-01
    1024  6.992696e-07  2.862123e-07  4.093019e-01
    2048  9.854819e-07  3.993286e-07  4.052115e-01
    4096  1.384811e-06  5.503416e-07  3.974129e-01
    8192  1.935152e-06  7.394874e-07  3.821340e-01
   16384  2.674640e-06  8.969909e-07  3.353689e-01
   32768  3.571631e-06  1.035701e-06  2.899798e-01
   65536  4.607331e-06           ---           ---
