# k  S_n(k)
0.0 40.0
0.15707963267948966 0.07843569857687072
0.3141592653589793 0.21660398859074595
0.47123889803846897 0.41737014870224376
0.6283185307179586 1.3944874009792425
0.7853981633974483 1.0206361066345944
0.9424777960769379 1.4416507393990579
1.0995574287564276 0.9097396069704268
1.2566370614359172 1.1500262789070563
1.413716694115407 0.8127764630947784
1.5707963267948966 1.0039068279957832
1.7278759594743862 1.2273495382331323
1.8849555921538759 0.724050673534482
2.0420352248333655 1.1015220337641938
2.199114857512855 0.9281369232087676
2.356194490192345 1.1975626272596156
2.5132741228718345 0.7731925493859899
2.670353755551324 0.9881666957435814
2.827433388230814 1.2971791575154252
2.9845130209103035 0.8335720942907516
3.141592653589793 1.1035877042934463
3.2986722862692828 1.3047573122860934
3.4557519189487724 1.0572843414717183
3.612831551628262 1.1039425947509103
3.7699111843077517 0.8459709616648312
3.9269908169872414 0.8355662702834304
4.084070449666731 1.009999186891143
4.241150082346221 0.9485982888590682
4.39822971502571 0.9232203778300484
4.5553093477052 0.9869076751220398
4.71238898038469 1.0726488044604168
4.869468613064179 0.8638007138402053
5.026548245743669 1.017505653707564
5.183627878423159 0.8073384366836066
5.340707511102648 1.1670016887785175
5.497787143782138 0.9599797155691199
5.654866776461628 1.0979789136280946
5.811946409141117 0.9019309787352557
5.969026041820607 1.1185871451600988
6.126105674500097 1.038768275804434
6.283185307179586 0.8821757063525997
6.440264939859076 0.8938718021802463
6.5973445725385655 1.173896673053583
6.754424205218055 0.9455152101621223
6.911503837897545 1.0983303751482483
7.0685834705770345 0.8806347387913702
7.225663103256524 0.94474644438987
7.382742735936014 0.9425732220649949
7.5398223686155035 1.0400335494551827
7.696902001294993 1.0364001796300804
7.853981633974483 1.0556438562248058
8.011061266653972 1.1067412512662211
8.168140899333462 0.9336837073211328
8.325220532012953 1.028299161323271
8.482300164692441 0.9562705914649703
8.63937979737193 1.0146614431237224
8.79645943005142 1.0224527402828736
8.953539062730911 0.9555572425959488
9.1106186954104 0.975942272185437
9.267698328089889 1.0426537610903528
9.42477796076938 1.0045378146285655
9.58185759344887 1.0081674576719213
9.738937226128359 0.8775490612300048
9.896016858807847 0.9609071008102369
10.053096491487338 0.9982395259928355
10.210176124166829 0.9932547542887038
10.367255756846317 1.0682483416682207
10.524335389525806 0.887655654557802
10.681415022205297 1.026097337353773
10.838494654884787 0.9378804717794909
10.995574287564276 1.0041905428132256
11.152653920243765 1.0206385707230055
11.309733552923255 0.9923586752180744
11.466813185602746 0.9882866661308958
11.623892818282235 1.0312120756195609
11.780972450961723 1.0279262107618794
11.938052083641214 0.9470286702831979
12.095131716320704 1.0072062438479805
12.252211349000193 1.0350450269215388
12.409290981679682 1.0591625214862423
12.566370614359172 0.9976453979462656
12.723450247038663 1.0407291790612119
12.880529879718152 0.9768978645543219
13.03760951239764 1.0470013064903354
13.194689145077131 1.0266192169508372
13.351768777756622 1.0537748037087271
13.50884841043611 0.9565523347660373
13.6659280431156 0.9866939585054543
13.82300767579509 1.0135004541459467
13.98008730847458 0.9527614194725006
14.137166941154069 0.9776782381869346
14.294246573833558 1.044839270054636
14.451326206513048 0.9768735878498431
14.608405839192539 1.0465822558101512
14.765485471872028 1.0317781631181502
14.922565104551516 1.0233820668467606
15.079644737231007 1.047388487068822
15.236724369910498 1.0431601823674412
15.393804002589986 0.9845214855772809
15.550883635269475 0.9765862331086475
