0.125 0.07529402646722598
0.375 0.00985881646139982
0.625 0.008914694494545034
0.875 -0.022303664300497548
1.125 -0.037874016433648634
1.375 -0.0491103821810108
1.625 -0.044058150514741067
1.875 -0.08318751966027052
2.125 -0.0851616427471818
2.375 -0.08979475264567623
2.625 -0.081430859920613
2.875 -0.06646841407628667
3.125 -0.03963556189955666
3.375 -0.01658275780459993
3.625 -0.07040190980376987
3.875 -0.025953080734665294
4.125 0.007230866225083089
4.375 0.033355157676583855
4.625 0.04270902295225535
4.875 0.03067560787444904
5.125 0.002645298532961522
5.375 -0.01693485541270156
5.625 0.01877012840059413
5.875 0.01520410121446391
6.125 -0.06100424113904877
6.375 -0.056592387786226044
6.625 -0.020983987425573322
6.875 -0.042427481042190594
7.125 -0.009909768360567426
7.375 0.007025651525344409
7.625 -0.000825478820859591
7.875 -0.02380088325116827
8.125 -0.04695238299423279
8.375 -0.05077477775025459
8.625 -0.03596890482136384
8.875 -0.0478371898651443
9.125 -0.012629400782618245
9.375 -0.0027863051510478303
9.625 -0.002516295806459924
9.875 -0.006890704661325565
10.125 0.00804004942368044
10.375 0.010595451273417374
10.625 0.008924324915143583
10.875 -0.07204614487773449
11.125 -0.029385606353256134
11.375 -0.06608669201520913
11.625 -0.08092736585975287
11.875 -0.1122540970866104
12.125 -0.08383789502115783
12.375 -0.09357671592687909
12.625 -0.05165439353200889
12.875 -0.04390029741588163
13.125 -0.06131283077490192
13.375 -0.06893163207008189
13.625 -0.08579741790230028
13.875 -0.06751434252352427
14.125 -0.08473710425154213
14.375 -0.08422020963708685
14.625 -0.07974072997682995
14.875 -0.045341905381361174
15.125 -0.05727195722239268
15.375 -0.02322568020330073
15.625 -0.023763147643163226
15.875 -0.033921041520808506
16.125 -0.03697720722799749
16.375 -0.07083391821705845
16.625 -0.06643758666143958
16.875 -0.039328746755911304
17.125 -0.05315433818924662
17.375 -0.0569321686487899
17.625 -0.06030470414859893
17.875 -0.05419861834603948
18.125 -0.039470099070330125
18.375 -0.05673033108099311
18.625 -0.011857560060540171
18.875 0.034860980501485485
19.125 -0.016488685350397485
19.375 0.018848081765742628
19.625 0.060025988340639394
19.875 0.05869827198823482
20.125 0.0633020030896787
20.375 0.11673509669149099
20.625 0.07878947091893028
20.875 0.0708189679534279
21.125 0.029361482804169472
21.375 0.017762860790687042
21.625 -0.022085197063043294
21.875 -0.030761529768140325
22.125 -0.011451742597679159
22.375 -0.01216055001500537
22.625 -0.027789175088012562
22.875 -0.01840864220331444
23.125 0.028521807732554635
23.375 0.051219565863157776
23.625 0.034820411562058756
23.875 0.02740308134847131
24.125 0.02863822955835928
24.375 0.05248897204430302
24.625 0.10117815946929551
24.875 0.032119367041155956
