block_size         error    difference      rel_diff
-------------------------------------------------------
       2  9.284958e-07  3.845870e-07  4.142043e-01
       4  1.313083e-06  5.438761e-07  4.141979e-01
       8  1.856959e-06  7.691236e-07  4.141845e-01
      16  2.626083e-06  1.087616e-06  4.141591e-01
      32  3.713699e-06  1.537868e-06  4.141068e-01
      64  5.251566e-06  2.174193e-06  4.140085e-01
     128  7.425759e-06  3.072917e-06  4.138186e-01
     256  1.049868e-05  4.340542e-06  4.134371e-01
     512  1.483922e-05  6.124811e-06  4.127448e-01
    1024  2.096403e-05  8.613463e-06  4.108687e-01
    2048  2.957749e-05  1.203767e-05  4.069876e-01
    4096  4.161516e-05  1.643318e-05  3.948845e-01
    8192  5.804835e-05  2.149434e-05  3.702834e-01
   16384  7.954269e-05  2.511351e-05  3.157237e-01
   32768  1.046562e-04  1.362128e-05  1.301526e-01
   65536  1.182775e-04  7.280373e-06  6.155334e-02
  131072  1.255578e-04           ---           ---
