0.2 -0.12655102572467256
0.6000000000000001 -0.07290480554706955
1.0 -0.07371350023280288
1.4000000000000001 -0.03118196424313598
1.8 -0.03206263150032828
2.2 -0.021047297808297914
2.6 -0.012891918009495008
3.0 -0.023667720090293453
3.4000000000000004 -0.013019993130938877
3.8000000000000003 0.020687667152443027
4.2 -0.0023155022232570345
4.6000000000000005 -0.03328163172265472
5.0 -0.02157205632210145
5.4 -0.07228736532228489
5.800000000000001 -0.04129891278317927
6.2 -0.056193542818327495
6.6000000000000005 -0.03678289633044645
7.0 -0.05549297384220429
7.4 -0.004434290333123355
7.800000000000001 0.03110798338668064
8.200000000000001 0.0395920073218603
8.6 0.022805830004459685
9.0 0.09087187840565139
9.4 0.06905923366893515
9.8 0.0012591564181500673
10.200000000000001 -0.02605602604742386
10.600000000000001 0.022881764029635123
11.0 0.005679898377721797
11.4 0.0025773355299104944
11.8 -0.048050863489893465
12.200000000000001 -0.03886988980531527
12.600000000000001 -0.007461466777898775
13.0 -0.04234897366933065
13.4 -0.060276143995328074
13.8 -0.018629558075187073
14.200000000000001 0.03144020526775855
14.600000000000001 0.014979656231835921
15.0 -0.000580737358061249
15.4 0.00607698874029511
15.8 0.010507207327149888
16.2 0.022124824612820674
16.6 0.07435997831136351
17.0 0.04729456764655321
17.400000000000002 0.033700862250640076
17.8 0.012476129569920027
18.2 -0.022937903897975457
18.6 -0.09743484912132519
19.0 -0.1405323570935375
19.400000000000002 -0.10524274231838839
19.8 -0.08967706620524561
20.200000000000003 0.014568768090107619
20.6 0.019543811028440466
21.0 0.046744383818801874
21.400000000000002 0.06138685559948331
21.8 0.012539752200020383
22.200000000000003 -0.013891262720182092
22.6 0.04107015193318964
23.0 0.11167984075569952
23.400000000000002 0.10952772055286826
23.8 0.08616018973225734
24.200000000000003 0.06261522299423686
24.6 0.054575839160334094
25.0 0.0546591579662389
25.400000000000002 0.012017704013268056
25.8 0.022372773600087416
26.200000000000003 -0.03513893952383176
26.6 -0.05924604123614407
27.0 -0.02889512004646539
27.400000000000002 -0.04076562088989392
27.8 -0.02094145446700729
28.200000000000003 -0.07912940914743706
28.6 -0.1277892180582284
29.0 -0.09439716098763946
29.400000000000002 -0.09246780938713231
29.8 -0.07824459906041066
30.200000000000003 -0.07338930260418976
30.6 -0.04210678506110913
31.0 -0.0014762537548436087
31.400000000000002 0.05586459826125735
31.8 0.09634332321407563
32.2 0.04751835821192009
32.6 0.004781380426297699
33.0 -0.001780540574270059
33.4 -0.04629204362175961
33.800000000000004 -0.03903098856113235
34.2 -0.045475597115320995
34.6 -0.048432087671318326
35.0 -0.023755851570123457
35.4 8.851215189508633e-5
35.800000000000004 -0.03103232395083914
36.2 -0.057922632195403716
36.6 -0.08544973712481453
37.0 -0.07201380186577555
37.4 -0.04835212102455426
37.800000000000004 -0.06717061706600504
38.2 0.004805377607001684
38.6 0.05830359524021183
39.0 0.047940772129405465
39.400000000000006 0.029727284338464083
39.800000000000004 -0.05957048290987039
