# r  Cs(r) [pure estimator]
0.2 3.7093851975807525e-6
0.6000000000000001 1.103859521488049e-6
1.0 -1.116496384652957e-6
1.4000000000000001 -4.140130560373092e-6
1.8 3.997309458011176e-6
2.2 -6.115545625333929e-6
2.6 -5.989486756940743e-6
3.0 -1.8257665753366644e-6
3.4000000000000004 -5.474847543686917e-6
3.8000000000000003 2.0816742591864555e-6
4.2 -4.305932044252612e-6
4.6000000000000005 3.325065772758024e-6
5.0 2.8266625146750414e-6
5.4 -1.1759116571236392e-6
5.800000000000001 3.168802758229727e-6
6.2 -4.261454302508295e-6
6.6000000000000005 -2.4665089949556926e-7
7.0 2.3390506313013827e-6
7.4 3.79277407151276e-6
7.800000000000001 8.562940592806484e-7
8.200000000000001 2.3119046821286345e-7
8.6 -8.325553548571373e-7
9.0 2.22664364488187e-6
9.4 -5.850450192094639e-6
9.8 2.547698510048434e-7
10.200000000000001 -8.60570680380326e-7
10.600000000000001 -2.753869936678436e-6
11.0 -3.87378687156415e-6
11.4 4.613160765975903e-6
11.8 3.6578608493711977e-6
12.200000000000001 -9.210427861233962e-6
12.600000000000001 -1.6622068055694926e-6
13.0 3.670318051421244e-6
13.4 -4.464702381972467e-6
13.8 -2.315752850451031e-6
14.200000000000001 9.524767141709495e-7
14.600000000000001 -4.903772671985898e-6
15.0 1.3474053504867622e-6
15.4 9.002761274401974e-6
15.8 -3.868813706335531e-6
16.2 -2.663430368639647e-7
16.6 2.180507417277009e-6
17.0 7.152995507920093e-6
17.400000000000002 -7.348611785361056e-6
17.8 -9.689244825013607e-7
18.2 2.8528117780087805e-6
18.6 -4.842206688864606e-6
19.0 -1.8921395812597884e-6
19.400000000000002 1.976314730040586e-6
19.8 -1.1685883485184784e-6
20.200000000000003 1.8497718587681865e-6
20.6 9.682074304055272e-6
21.0 -3.4510105138532506e-6
21.400000000000002 4.743103202748404e-6
21.8 9.276891859721468e-6
22.200000000000003 -6.2362477819901935e-6
22.6 -1.2872706898007547e-6
23.0 -2.670399954211964e-6
23.400000000000002 4.310758890288813e-6
23.8 -7.1627489875552496e-6
24.200000000000003 2.9586489197363664e-6
24.6 2.228132422005903e-6
25.0 -7.729196047803263e-6
25.400000000000002 -1.7565141139056515e-6
25.8 1.7538538054858334e-6
26.200000000000003 2.13868541646001e-6
26.6 6.363883003121108e-6
27.0 3.8213131572205546e-7
27.400000000000002 -4.04294385635518e-6
27.8 -1.8992682438529824e-6
28.200000000000003 -2.8211684160395365e-6
28.6 -8.648602535404767e-6
29.0 -5.535874039569018e-6
29.400000000000002 -4.301169607327234e-6
29.8 1.155686531380445e-5
30.200000000000003 -5.0173389736874876e-6
30.6 -4.0242833413114095e-7
31.0 -6.043239486430108e-6
31.400000000000002 7.88280888507076e-6
31.8 -9.187501451286916e-8
32.2 1.0932593979624583e-6
32.6 -5.870867924647017e-7
33.0 -3.380845160386027e-6
33.4 -3.996143290536111e-6
33.800000000000004 -3.5533632892887835e-6
34.2 -4.415302514917659e-6
34.6 -2.762438229822701e-6
35.0 4.552180306616826e-6
35.4 -4.0121867198809277e-7
35.800000000000004 3.2926271241378256e-6
36.2 1.2405595098254529e-6
36.6 -4.5296455353032076e-7
37.0 -2.3644918786674886e-6
37.4 -2.4198326468825378e-6
37.800000000000004 -1.8560662616337592e-6
38.2 4.235547094944201e-6
38.6 -3.785649804525392e-6
39.0 1.618006960005277e-6
39.400000000000006 -5.618671251555668e-6
39.800000000000004 8.832508464346868e-6
