block_size         error    difference      rel_diff
-------------------------------------------------------
       2  1.142896e-06  4.727772e-07  4.136660e-01
       4  1.615673e-06  6.676465e-07  4.132312e-01
       8  2.283320e-06  9.415262e-07  4.123497e-01
      16  3.224846e-06  1.324282e-06  4.106498e-01
      32  4.549128e-06  1.853643e-06  4.074722e-01
      64  6.402771e-06  2.570729e-06  4.015026e-01
     128  8.973500e-06  3.503300e-06  3.904051e-01
     256  1.247680e-05  4.607329e-06  3.692716e-01
     512  1.708413e-05  5.761207e-06  3.372257e-01
    1024  2.284534e-05  6.428073e-06  2.813735e-01
    2048  2.927341e-05  4.724247e-06  1.613835e-01
    4096  3.399766e-05  2.431837e-06  7.152954e-02
    8192  3.642949e-05  1.191959e-06  3.271961e-02
   16384  3.762145e-05  -1.880500e-06  4.998478e-02
   32768  3.574095e-05  -1.905197e-06  5.330571e-02
   65536  3.383575e-05  3.267109e-06  9.655788e-02
  131072  3.710286e-05           ---           ---
