0.225 0.9401389929255097
0.675 0.9418610070744903
1.125 0.9168630878069081
1.575 0.9126849771119434
2.025 0.9252193091968373
2.475 0.8923087806908032
2.9250000000000003 0.9214606741573034
3.375 0.9430853100291302
3.825 0.995183520599251
4.275 0.9759467332501041
4.7250000000000005 0.9881581356637537
5.175 1.0153508114856429
5.625 1.0498160632542655
6.075 1.1659725343320848
6.525 1.1005534748231378
6.9750000000000005 0.979016229712859
7.425 1.025692051602164
7.875 0.9622904702455264
8.325000000000001 0.9545268414481898
8.775 1.0049604660840616
9.225 1.0245518102372035
9.675 1.0602613399916772
10.125 0.9987781939242614
10.575000000000001 0.938555139409072
11.025 0.9618843112775697
11.475 0.9537286724927174
11.925 0.9441556387848523
12.375 0.9806441947565543
12.825000000000001 1.06974531835206
13.275 1.0591269246774864
13.725 1.0727116104868915
14.175 1.0102987931751977
14.625 1.0161098626716605
15.075000000000001 1.0677960882230546
15.525 1.0712625884311278
15.975 1.0486059092800666
16.425 1.047303370786517
16.875 1.032929671244278
17.325 0.9943670411985018
17.775000000000002 0.9526841448189762
18.225 0.9293391593841032
18.675 1.0394340407823555
19.125 1.0518901373283396
19.575 1.0311427382438618
20.025000000000002 1.0590270495214316
20.475 1.03476987099459
20.925 1.0350253849354973
21.375 0.9957378277153558
21.825 0.9747598834789846
22.275000000000002 0.9554723262588432
22.725 0.9636645859342489
23.175 0.9546250520183105
23.625 0.9659317519766958
24.075 1.000233874323762
24.525000000000002 1.033820224719101
24.975 1.0046916354556803
25.425 1.1028389513108614
25.875 1.0649879317519766
26.325 1.0462388680815646
26.775000000000002 1.0539991677070328
27.225 1.0298277153558053
27.675 0.9957761131918436
28.125 0.988769038701623
28.575 0.9760882230545151
29.025000000000002 0.8988056595921764
29.475 0.8574789846025801
29.925 0.8879658759883479
30.375 0.9948139825218477
30.825 0.9768181439866833
31.275000000000002 1.0179101123595506
31.725 1.076468580940491
32.175000000000004 1.063338327091136
32.625 1.0622638368705783
33.075 1.0614099042863088
33.525 1.0379700374531835
33.975 1.0201106949646275
34.425000000000004 0.9822563462338744
34.875 0.9867831876820641
35.325 1.009165210153974
35.775 1.0152833957553058
36.225 1.0187607157719518
36.675000000000004 1.0103179359134415
37.125 0.9615172700790678
37.575 0.9848073241781107
38.025 1.0068589263420724
38.475 0.957431543903454
38.925000000000004 0.9883603828547649
39.375 1.0343770287141074
39.825 0.9837428214731585
40.275 0.9798543487307533
40.725 1.0295530586766541
41.175000000000004 1.0718285476487723
41.625 1.0720091552226383
42.075 1.0614157303370786
42.525 1.0114323761964212
42.975 0.9687806908031628
43.425000000000004 0.9316379525593008
43.875 0.9112143154390345
44.325 0.941438202247191
44.775 0.9211377444860591
