# block  <P^4>
1 0.0
2 0.4682441188843142
3 0.5099143257430273
4 0.5683171855509849
5 0.5253574652644374
6 0.5545157884468828
7 0.4873473007163529
8 0.546623948056698
9 0.4731985082761793
10 0.5659763407450628
11 0.5425578456942519
12 0.5531112079256247
13 0.4927604945580259
14 0.5213223242798348
15 0.5418403709608167
16 0.5727831898795933
17 0.5459954373004539
18 0.4938944407785551
19 0.5754294434046887
20 0.48428411668952703
21 0.5575133137021796
22 0.5572004335924409
23 0.5404488586742474
24 0.5509427599451316
25 0.5831616841335144
26 0.5463705320530413
27 0.5463320001219308
28 0.531518023007001
29 0.5927332396258409
30 0.5463906910952173
31 0.5134868730986154
32 0.5386172292575542
33 0.5773686267337302
34 0.48785078030787865
35 0.5708984822612057
36 0.53675800030483
37 0.5153637407859634
38 0.532563023197681
39 0.5852808042676382
40 0.5247585599756166
41 0.5657959732967551
42 0.5455855995122688
43 0.503907332175953
44 0.5517274138812741
45 0.5893826146014318
46 0.4889811993219424
47 0.622117575491537
48 0.5135786283798225
49 0.5337350908702905
50 0.547193327358633
51 0.526701829355285
52 0.5684402533760116
53 0.5671242015546416
54 0.5402149404322285
55 0.5886203044657785
56 0.5292981177259548
57 0.5477825429562052
58 0.5009079425697276
59 0.5536525782297992
60 0.5871937643651892
61 0.5230254290504505
62 0.5742750014936716
63 0.5423717638164938
64 0.5390553203475082
65 0.5945633348574904
66 0.5070765119951235
67 0.5176924251790876
68 0.5118099136107317
69 0.5615962873952117
70 0.5258135639699416
71 0.5495098374028377
72 0.5424053667428751
73 0.5472345961896061
74 0.5291713345639308
75 0.5501815401310751
76 0.46022391611035113
77 0.5361607194025321
78 0.6112107766965206
79 0.5744637324798052
80 0.5298857196159111
81 0.5259132302856122
82 0.5134763859167825
83 0.580572280566984
84 0.46731181002896083
85 0.5503567554530479
86 0.5129583219631129
87 0.45797589782044973
88 0.5035585148605435
89 0.5114945411979881
90 0.5124363892012731
91 0.5223612366407558
92 0.5343090182594116
93 0.5441520351166023
94 0.5402902813595502
95 0.5613054977334735
96 0.5207584929126643
97 0.5500306365493055
98 0.5555621052888273
99 0.4981949117512542
100 0.5559316618808073
101 0.6140890603261685
102 0.576360191675416
103 0.533934203688461
104 0.5467488953974526
105 0.540585568371574
106 0.5345096829232334
107 0.5446389374790434
108 0.5691594937357158
109 0.5433506901996596
110 0.5657419124085782
111 0.5153839541533293
112 0.5075190175085947
113 0.5692385608894978
114 0.5485629583295252
115 0.5716840261691325
116 0.4917729283619828
117 0.5157993803383609
118 0.5452917404054284
119 0.5939934192958385
120 0.5362470496570628
121 0.5617191954884914
122 0.5801231127789827
123 0.4906052033531498
124 0.5802470181984485
125 0.5355452517603995
126 0.5267661215058655
127 0.5312998672153604
128 0.5462762649596126
129 0.5679004810680411
130 0.4953318474622787
131 0.6008318458771515
132 0.5484171159274518
133 0.5325014737645746
134 0.5092643228742009
135 0.5565386083828647
136 0.5395036717573526
137 0.5222472369455882
138 0.48161354573997794
139 0.5647252638317328
140 0.5510846592897403
141 0.5363653828379804
142 0.5265691547020253
143 0.5706565474775164
144 0.5313356237505579
145 0.5326232403597033
146 0.5603748569674472
147 0.5306743723212931
148 0.5587532278616052
149 0.565737676817555
150 0.5170762691053171
151 0.5570256641365647
152 0.5337703303859664
153 0.4835254057613171
154 0.5312557140771135
155 0.5583223911586022
156 0.5532628221307756
157 0.550700858527662
158 0.5063310092973626
159 0.5772572615150104
160 0.5778546204541994
161 0.5204489976527977
162 0.5421049718519001
163 0.4918633547325073
164 0.5725745074617464
165 0.48584248523091267
166 0.5019975918305136
167 0.5521375287801097
168 0.5196411917695486
169 0.5776045501214175
170 0.5572872515775036
171 0.4813739983539103
172 0.5761858445968594
173 0.591545599024536
174 0.5221877284428722
175 0.5418826995262281
176 0.5580122832495077
177 0.49368757811309305
178 0.5907700094497745
179 0.5650090171866715
180 0.5502425798506315
181 0.5319228090839841
182 0.5126205221224888
183 0.5428393139884414
184 0.5720811212924835
185 0.512003924279833
186 0.5290848073159587
187 0.551582185228275
188 0.5908244940710256
189 0.5194433294924579
190 0.5483359680536533
191 0.5822231725651543
192 0.5350923910379534
193 0.5633428542702078
194 0.535158666544732
195 0.5305263939033672
196 0.5899861747762944
197 0.5276852741096048
198 0.5917583217270443
199 0.5228963567748852
200 0.5362630357567478
201 0.512120593568056
202 0.5038724538332565
203 0.48324256204846866
204 0.5267265429050462
205 0.5113780349470065
206 0.5279275605547916
207 0.56101518012498
208 0.5333774400900976
