# k values and corresponding S(k) [pure estimator]
0.0 3.470285486755442
0.3141592653589793 0.997689534991359
0.6283185307179586 0.9534966372755673
0.9424777960769379 0.9862407879430369
1.2566370614359172 0.9774237869355937
1.5707963267948966 0.9831642013330624
1.8849555921538759 0.961010692145717
2.199114857512855 0.956842156349068
2.5132741228718345 0.9703885274498487
2.827433388230814 0.9708820415980082
3.141592653589793 0.9781850338470978
3.4557519189487724 0.9627957508246001
3.7699111843077517 0.9773510160366804
4.084070449666731 0.9675580672013152
4.39822971502571 0.9943863889685715
4.71238898038469 0.9707565736429862
5.026548245743669 0.9815994666610041
5.340707511102648 0.977810656093991
5.654866776461628 0.9678171222310793
5.969026041820607 0.977754962007814
6.283185307179586 0.980916466924981
6.5973445725385655 0.9718158033294577
6.911503837897545 0.9743703592965725
7.225663103256524 0.9840818120396597
7.5398223686155035 0.9610141707522134
7.853981633974483 0.9818911526294046
8.168140899333462 0.9711088867024079
8.482300164692441 0.9793130378473541
8.79645943005142 0.9734303478035735
9.1106186954104 0.9669884064827456
9.42477796076938 0.963063544295842
9.738937226128359 0.9587696966948346
10.053096491487338 0.9645959552571266
10.367255756846317 0.9604807059613768
10.681415022205297 0.9668566229187877
10.995574287564276 0.9688292581113417
11.309733552923255 0.9767595036505041
11.623892818282235 0.9596319226405736
11.938052083641214 0.9630940458680203
12.252211349000193 0.965064561266661
12.566370614359172 0.9644628134063037
12.880529879718152 0.9609904194122957
13.194689145077131 0.9534851165757089
13.50884841043611 0.9764954243404528
13.82300767579509 0.9766345319877555
14.137166941154069 0.9660052755127326
14.451326206513048 0.9693749674689248
14.765485471872028 0.9675089443426609
15.079644737231007 0.9632989534795696
15.393804002589986 0.9787147178355704
15.707963267948966 0.9721255518259939
16.022122533307943 0.9751717296457308
16.336281798666924 0.9792282949749254
16.650441064025905 0.9694900444226783
16.964600329384883 0.9610444027169944
17.27875959474386 0.9651516691254319
17.59291886010284 0.9624557486263026
17.907078125461823 0.9783357563833555
18.2212373908208 0.9758490243423809
18.535396656179778 0.9589145068711105
18.84955592153876 0.9504185761022225
19.16371518689774 0.9845457097838534
19.477874452256717 0.9654882948059921
19.792033717615695 0.988012464496521
20.106192982974676 0.9708068881534914
20.420352248333657 0.97258733528115
20.734511513692635 0.9957805007922899
21.048670779051612 0.9706825795861189
21.362830044410593 0.9633013881547208
21.676989309769574 0.97593292369886
21.991148575128552 0.9636577307167392
22.30530784048753 0.9586561133240159
22.61946710584651 0.9719555787457328
22.93362637120549 0.9661219991365947
23.24778563656447 0.9789516634604853
