# r  Cs(r) [pure estimator]
0.15 0.0007242090137515257
0.44999999999999996 0.0007224607935283098
0.75 0.0007161104070696824
1.05 0.0007160247712418765
1.3499999999999999 0.0007091136330550754
1.65 0.0007209622532036018
1.95 0.0007174780533018911
2.25 0.0007154138486811681
2.55 0.000716080774263269
2.85 0.000709577479182203
3.15 0.000717267903523733
3.4499999999999997 0.0007169558255046463
3.75 0.0007136794089372879
4.05 0.0007203559062584285
4.35 0.000715074521745946
4.6499999999999995 0.0007124601830391624
4.95 0.0007195641687820588
5.25 0.0007114650191975315
5.55 0.0007139349012905992
5.85 0.0007128924494666367
6.1499999999999995 0.0007124345528680144
6.45 0.0007110447150217626
6.75 0.0007084513056401262
7.05 0.0007102001363316651
7.35 0.0007100926868287749
7.6499999999999995 0.0007133577383301044
7.949999999999999 0.0007108469958114073
8.25 0.0007105902893634759
8.549999999999999 0.000714493478015339
8.85 0.0007145697931968553
9.15 0.0007142614444309791
9.45 0.0007159973933564909
9.75 0.000711915641451059
10.049999999999999 0.0007085357901878681
10.35 0.0007113950908876751
10.65 0.000714155255976646
10.95 0.0007064768028906965
11.25 0.0007128361895345388
11.549999999999999 0.0007160500242365661
11.85 0.0007085300393881613
12.15 0.0007100720735998138
12.45 0.0007155590512743337
12.75 0.000706563868197219
13.049999999999999 0.0007133321777292979
13.35 0.0007113427622729175
13.65 0.0007095803427074873
13.95 0.0007105868512549524
14.25 0.0007149543414906596
14.549999999999999 0.0007098158131510914
14.85 0.000706635240185431
15.149999999999999 0.0007052828224618162
15.45 0.000709045789015069
15.75 0.0007144133807118455
16.05 0.0007126571284702746
16.349999999999998 0.0007104496570261788
16.65 0.0007108145609227794
16.95 0.0007106589448257678
17.25 0.0007084230283728686
17.55 0.0007090876130950564
17.849999999999998 0.0007156027321112253
18.15 0.0007067442307391892
18.45 0.0007066951536572097
18.75 0.0007131172300283382
19.05 0.0007106838948336765
19.349999999999998 0.0007127611099008227
19.65 0.0007074380068283555
19.95 0.0007177280674742558
20.25 0.0007032230811483879
20.55 0.0007103429854797675
20.849999999999998 0.0007062192434164897
21.15 0.00070566737708406
21.45 0.0007093832956888872
21.75 0.0007127220003308047
22.05 0.0007120676654359821
22.349999999999998 0.0007097566291819162
22.65 0.0007070987981267758
22.95 0.0007109730367717994
23.25 0.0007074919092702929
23.55 0.0007025685144958145
23.849999999999998 0.0007186952523919094
24.15 0.0007063411692264859
24.45 0.0007118430861075488
24.75 0.0007066572044953642
25.05 0.0007147878059194919
25.349999999999998 0.0007106202592816764
25.65 0.0007106007038131609
25.95 0.0007086358006342775
26.25 0.0007119300113581079
26.55 0.0007118250457256866
26.849999999999998 0.0007101008471919989
27.15 0.0007116629420531864
27.45 0.0007126149987418016
27.75 0.0007084615824847102
28.05 0.0007110078184559768
28.349999999999998 0.0007086822432767296
28.65 0.0007097386681814594
28.95 0.0007124333464178431
29.25 0.000713801855097914
29.549999999999997 0.0007056386858207782
29.849999999999998 0.000708944715251269
