0.2 0.8952573839662448
0.6000000000000001 0.9304472573839663
1.0 0.948048523206751
1.4000000000000001 0.9406708860759494
1.8 0.9021888185654009
2.2 0.8449683544303798
2.6 0.8298459915611814
3.0 0.8789736286919831
3.4000000000000004 0.9024293248945148
3.8000000000000003 0.9798322784810126
4.2 1.0623639240506328
4.6000000000000005 1.0533776371308017
5.0 1.0965727848101265
5.4 1.0740590717299578
5.800000000000001 1.1149841772151898
6.2 1.1347943037974684
6.6000000000000005 1.060804852320675
7.0 1.03348417721519
7.4 1.01159388185654
7.800000000000001 1.0017795358649788
8.200000000000001 0.9959208860759494
8.6 0.9892257383966244
9.0 1.0051455696202531
9.4 0.9814704641350211
9.8 0.995584388185654
10.200000000000001 0.9927974683544304
10.600000000000001 0.995159282700422
11.0 0.9768175105485232
11.4 1.0304272151898735
11.8 1.0020021097046414
12.200000000000001 0.9988386075949367
12.600000000000001 1.0050348101265822
13.0 1.0389831223628692
13.4 1.0367172995780591
13.8 0.9957932489451476
14.200000000000001 1.0500137130801688
14.600000000000001 1.0265822784810126
15.0 1.0668333333333333
15.4 1.0256677215189873
15.8 0.998587552742616
16.2 1.0263881856540085
16.6 1.0295696202531646
17.0 0.9733691983122363
17.400000000000002 0.9504314345991561
17.8 0.9404377637130802
18.2 0.9225105485232068
18.6 0.9252710970464135
19.0 0.9679504219409283
19.400000000000002 0.9890147679324894
19.8 0.9935643459915612
20.200000000000003 1.0415052742616033
20.6 1.0850706751054853
21.0 1.1056445147679326
21.400000000000002 1.098087552742616
21.8 1.0153164556962024
22.200000000000003 1.0212246835443037
22.6 1.0153575949367089
23.0 0.9524926160337552
23.400000000000002 0.9228512658227848
23.8 0.9109704641350211
24.200000000000003 0.9244546413502109
24.6 0.9619989451476794
25.0 1.0302109704641351
25.400000000000002 1.0677215189873417
25.8 1.068226793248945
26.200000000000003 1.0481603375527426
26.6 1.0251603375527427
27.0 0.9796898734177215
27.400000000000002 0.9453533755274262
27.8 0.9590896624472574
28.200000000000003 1.0547658227848102
28.6 1.0520242616033755
29.0 1.0552668776371308
29.400000000000002 1.0279799578059072
29.8 0.9973565400843882
30.200000000000003 1.0288206751054851
30.6 0.989626582278481
31.0 0.938623417721519
31.400000000000002 0.9074071729957806
31.8 0.9646571729957806
32.2 0.9647151898734178
32.6 0.9876128691983123
33.0 0.9739440928270042
33.4 0.9897647679324895
33.800000000000004 1.022545358649789
34.2 1.0400337552742616
34.6 1.0896856540084388
35.0 1.0606054852320674
35.4 1.0204388185654008
35.800000000000004 0.993490506329114
36.2 1.0017025316455697
36.6 0.997584388185654
37.0 0.9862626582278481
37.4 0.9907289029535865
37.800000000000004 1.0640042194092827
38.2 1.0406149789029535
38.6 1.0032394514767933
39.0 0.9611972573839662
39.400000000000006 0.9765801687763713
39.800000000000004 1.0175464135021097
