block_size         error    difference      rel_diff
-------------------------------------------------------
       2  1.081179e-07  4.473174e-08  4.137309e-01
       4  1.528497e-07  6.319091e-08  4.134186e-01
       8  2.160406e-07  8.917515e-08  4.127704e-01
      16  3.052157e-07  1.256030e-07  4.115222e-01
      32  4.308188e-07  1.763052e-07  4.092328e-01
      64  6.071240e-07  2.458247e-07  4.049004e-01
     128  8.529487e-07  3.393968e-07  3.979100e-01
     256  1.192345e-06  4.599740e-07  3.857724e-01
     512  1.652320e-06  6.094295e-07  3.688327e-01
    1024  2.261749e-06  7.928967e-07  3.505680e-01
    2048  3.054646e-06  1.013338e-06  3.317368e-01
    4096  4.067984e-06  1.284728e-06  3.158145e-01
    8192  5.352712e-06  1.600244e-06  2.989594e-01
   16384  6.952956e-06  1.843977e-06  2.652077e-01
   32768  8.796934e-06  1.397019e-06  1.588075e-01
   65536  1.019395e-05  1.292623e-06  1.268029e-01
  131072  1.148658e-05           ---           ---
