# P_value  count
-1.0 0.0
-0.975 0.0
-0.95 629.0
-0.925 310.0
-0.9 1937.0
-0.875 1860.0
-0.85 3924.0
-0.825 5907.0
-0.8 11147.0
-0.775 14400.0
-0.75 15350.0
-0.725 18178.0
-0.7 21633.0
-0.675 21854.0
-0.65 14102.0
-0.625 16873.0
-0.6 12980.0
-0.575 11312.0
-0.55 7662.0
-0.525 6389.0
-0.5 3947.0
-0.475 2471.0
-0.45 2318.0
-0.425 1689.0
-0.4 1808.0
-0.375 673.0
-0.35 213.0
-0.325 170.0
-0.3 68.0
-0.275 16.0
-0.25 69.0
-0.225 16.0
-0.2 0.0
-0.175 0.0
-0.15 0.0
-0.125 0.0
-0.1 0.0
-0.075 0.0
-0.05 0.0
-0.025 0.0
0.0 970.0
0.025 0.0
0.05 0.0
0.075 0.0
0.1 0.0
0.125 0.0
0.15 0.0
0.175 0.0
0.2 0.0
0.225 0.0
0.25 0.0
0.275 0.0
0.3 0.0
0.325 0.0
0.35 0.0
0.375 0.0
0.4 0.0
0.425 0.0
0.45 0.0
0.475 0.0
0.5 0.0
0.525 25.0
0.55 1.0
0.575 13.0
0.6 0.0
0.625 0.0
0.65 2.0
0.675 15.0
0.7 0.0
0.725 0.0
0.75 0.0
0.775 0.0
0.8 0.0
0.825 0.0
0.85 0.0
0.875 0.0
0.9 0.0
0.925 0.0
0.95 0.0
0.975 0.0
1.0 0.0
