block_size         error    difference      rel_diff
-------------------------------------------------------
       2  1.176461e-06  4.865779e-07  4.135945e-01
       4  1.663039e-06  6.870379e-07  4.131219e-01
       8  2.350077e-06  9.686015e-07  4.121573e-01
      16  3.318679e-06  1.361630e-06  4.102927e-01
      32  4.680308e-06  1.903629e-06  4.067315e-01
      64  6.583937e-06  2.635426e-06  4.002811e-01
     128  9.219363e-06  3.582402e-06  3.885737e-01
     256  1.280176e-05  4.711341e-06  3.680228e-01
     512  1.751311e-05  5.759502e-06  3.288681e-01
    1024  2.327261e-05  6.354612e-06  2.730511e-01
    2048  2.962722e-05  4.731366e-06  1.596966e-01
    4096  3.435859e-05  3.011871e-06  8.765991e-02
    8192  3.737046e-05  3.122496e-06  8.355520e-02
   16384  4.049295e-05  1.139278e-06  2.813521e-02
   32768  4.163223e-05  2.087209e-06  5.013444e-02
   65536  4.371944e-05  3.205923e-06  7.332947e-02
  131072  4.692536e-05           ---           ---
