# k  S_n(k)
0.0 50.0
0.12566370614359174 0.5019350054579789
0.25132741228718347 1.32820911648564
0.3769911184307752 1.4915829804990843
0.5026548245743669 0.6899745374133973
0.6283185307179586 0.4178246516740832
0.7539822368615504 0.39029483726080855
0.8796459430051422 1.203836083945709
1.0053096491487339 0.653047399215416
1.1309733552923256 0.42740066032447366
1.2566370614359172 0.5751971481032017
1.3823007675795091 1.1263205693382639
1.5079644737231008 0.6739482028055022
1.6336281798666925 0.7866711431620423
1.7592918860102844 0.6046783961289578
1.884955592153876 0.9920915147159858
2.0106192982974678 0.8898760937116377
2.1362830044410597 0.629659897728864
2.261946710584651 1.0698957041397261
2.387610416728243 0.7123047770016704
2.5132741228718345 1.244098384814283
2.6389378290154264 0.9777051563332638
2.7646015351590183 1.122489153290889
2.8902652413026098 1.1243008628008406
3.0159289474462017 1.1391303550619334
3.1415926535897936 1.3275661481720265
3.267256359733385 0.8905090453176474
3.392920065876977 1.054170667686985
3.518583772020569 0.7587692638341179
3.6442474781641603 1.1195067546816253
3.769911184307752 1.0255482179252744
3.8955748904513436 1.1233776195962633
4.0212385965949355 1.027962682597538
4.1469023027385274 1.0444773774620801
4.272566008882119 0.8997178922590501
4.39822971502571 0.9764110183706614
4.523893421169302 1.0622555629864936
4.649557127312894 0.997773976944052
4.775220833456486 0.9346544188653703
4.900884539600078 0.83031919286503
5.026548245743669 0.8428067005008838
5.152211951887261 0.9447112807189042
5.277875658030853 0.8900454814351971
5.403539364174445 1.041768821706478
5.529203070318037 0.9485670604423581
5.6548667764616285 0.8772618300544976
5.7805304826052195 1.0612590309399332
5.906194188748811 0.886301519269663
6.031857894892403 0.9799560263453012
6.157521601035995 1.1544343429832304
6.283185307179587 0.9773215070777659
6.408849013323178 1.0145672934967604
6.53451271946677 1.0018738932739848
6.660176425610362 0.8944308421881692
6.785840131753954 0.9957091892128469
6.911503837897546 0.9688076456854116
7.037167544041138 1.0280989005202048
7.162831250184729 1.0333855553143783
7.288494956328321 0.9109920551083882
7.4141586624719125 0.9786136797426261
7.539822368615504 1.0459404512138788
7.665486074759096 0.9317680817406958
7.791149780902687 0.9281995703453614
7.916813487046279 1.039135809133071
8.042477193189871 0.9002969483689603
8.168140899333462 0.999868928902409
8.293804605477055 1.0224466172177955
8.419468311620646 0.9435679749951256
8.545132017764239 1.0190963461760711
8.67079572390783 0.9642782277334372
8.79645943005142 0.9747654683215197
8.922123136195014 0.9934347548023789
9.047786842338605 0.9914381138215194
9.173450548482197 0.9937282227886014
9.299114254625788 1.0383210145183954
9.42477796076938 1.0258067989755304
9.550441666912972 1.0070541604935603
9.676105373056563 0.9981672551274446
9.801769079200156 0.9913143474241162
9.927432785343747 1.0467570595405302
10.053096491487338 0.9230739618356442
10.17876019763093 1.0084045394848573
10.304423903774522 0.9741575959289803
10.430087609918115 0.9478134691650368
10.555751316061706 0.9872557212813086
10.681415022205298 0.959653949022753
10.80707872834889 1.0229933207296968
10.93274243449248 0.9566407628063867
11.058406140636073 0.9498720083892986
11.184069846779664 0.9955190925607896
11.309733552923257 1.0084071639116232
11.435397259066848 0.975133235449106
11.561060965210439 0.9828980972499887
11.686724671354032 0.9948130811646715
11.812388377497623 1.0936545611843858
11.938052083641216 0.9575739180514833
12.063715789784807 0.9431678927666245
12.189379495928398 1.0351493022483698
12.31504320207199 0.9128259208744829
12.440706908215581 0.9286535999361116
