# r  Cs(r) [pure estimator]
0.2 0.0006471654423635153
0.6000000000000001 0.0006434373466893298
1.0 0.0006416764953006952
1.4000000000000001 0.0006454901329698947
1.8 0.0006488334461716131
2.2 0.0006443001205687249
2.6 0.0006434039610921118
3.0 0.0006540000954828427
3.4000000000000004 0.0006451010281360347
3.8000000000000003 0.0006410850513957316
4.2 0.0006424261742885
4.6000000000000005 0.000642286599733292
5.0 0.0006473075752467375
5.4 0.0006501098467760759
5.800000000000001 0.0006400874308489786
6.2 0.0006401971462429472
6.6000000000000005 0.0006445892038271497
7.0 0.0006349990006419984
7.4 0.0006421824482340403
7.800000000000001 0.0006443563050750074
8.200000000000001 0.0006426275269410079
8.6 0.0006408568471489014
9.0 0.0006315101347812322
9.4 0.0006388160430622281
9.8 0.0006439370076981434
10.200000000000001 0.0006440823604750372
10.600000000000001 0.0006372502679663223
11.0 0.0006384899068440748
11.4 0.0006453712682886656
11.8 0.000629097022647197
12.200000000000001 0.0006377069408234933
12.600000000000001 0.0006380008543791505
13.0 0.0006448852152927963
13.4 0.0006359280396280247
13.8 0.0006359432299579959
14.200000000000001 0.0006413870192997854
14.600000000000001 0.0006400250770609413
15.0 0.0006391507090478443
15.4 0.0006421267582521683
15.8 0.0006361332932613969
16.2 0.0006368434643981931
16.6 0.0006370951396992803
17.0 0.0006363054267742703
17.400000000000002 0.0006382543313925425
17.8 0.000640741147582365
18.2 0.0006361708519195038
18.6 0.0006388953713671062
19.0 0.0006338299251226569
19.400000000000002 0.0006358775883756134
19.8 0.0006372876929336806
20.200000000000003 0.0006375445058098732
20.6 0.0006351070047879179
21.0 0.0006402915610897646
21.400000000000002 0.0006317252909249026
21.8 0.0006376150092692201
22.200000000000003 0.0006378158479659539
22.6 0.0006347462770823385
23.0 0.0006419754917652556
23.400000000000002 0.0006392982953145522
23.8 0.0006351903154689752
24.200000000000003 0.0006297857580921675
24.6 0.0006383212684392697
25.0 0.0006391079505009639
25.400000000000002 0.0006310200134126747
25.8 0.0006374057551900119
26.200000000000003 0.0006384020708614186
26.6 0.0006416767425840203
27.0 0.000637538998997753
27.400000000000002 0.0006372504870397674
27.8 0.0006432934148702318
28.200000000000003 0.0006429597909197933
28.6 0.0006352085792191959
29.0 0.0006353873167672331
29.400000000000002 0.0006377346029453865
29.8 0.000643810056366304
30.200000000000003 0.0006438230131524726
30.6 0.0006431117617610375
31.0 0.0006421289826489473
31.400000000000002 0.0006366511279591739
31.8 0.0006392379796463708
32.2 0.0006344067612582108
32.6 0.0006410051447640609
33.0 0.0006369808300814628
33.4 0.0006354039617440933
33.800000000000004 0.0006408649222994837
34.2 0.0006305418844023986
34.6 0.000634569589245018
35.0 0.0006313310903065425
35.4 0.0006406825630790888
35.800000000000004 0.0006391806847107544
36.2 0.0006420319336038156
36.6 0.0006390535028184651
37.0 0.000632460658187202
37.4 0.0006384949753761035
37.800000000000004 0.0006376839796813328
38.2 0.0006331301083891147
38.6 0.0006427012970366483
39.0 0.0006350917253668835
39.400000000000006 0.0006324803473755846
39.800000000000004 0.0006401004471810555
