# P_value  count
-1.0 0.0
-0.975 0.0
-0.95 0.0
-0.925 0.0
-0.9 12.0
-0.875 0.0
-0.85 0.0
-0.825 0.0
-0.8 0.0
-0.775 0.0
-0.75 0.0
-0.725 0.0
-0.7 0.0
-0.675 0.0
-0.65 0.0
-0.625 0.0
-0.6 0.0
-0.575 0.0
-0.55 0.0
-0.525 0.0
-0.5 0.0
-0.475 0.0
-0.45 0.0
-0.425 0.0
-0.4 0.0
-0.375 0.0
-0.35 0.0
-0.325 0.0
-0.3 0.0
-0.275 0.0
-0.25 0.0
-0.225 0.0
-0.2 0.0
-0.175 0.0
-0.15 0.0
-0.125 0.0
-0.1 0.0
-0.075 0.0
-0.05 0.0
-0.025 0.0
0.0 968.0
0.025 0.0
0.05 0.0
0.075 0.0
0.1 0.0
0.125 0.0
0.15 0.0
0.175 0.0
0.2 0.0
0.225 0.0
0.25 0.0
0.275 0.0
0.3 0.0
0.325 0.0
0.35 0.0
0.375 0.0
0.4 0.0
0.425 0.0
0.45 16.0
0.475 93.0
0.5 138.0
0.525 283.0
0.55 604.0
0.575 649.0
0.6 1580.0
0.625 1541.0
0.65 4291.0
0.675 6366.0
0.7 13369.0
0.725 13417.0
0.75 18666.0
0.775 22752.0
0.8 27974.0
0.825 25557.0
0.85 25546.0
0.875 22679.0
0.9 13387.0
0.925 7573.0
0.95 2697.0
0.975 668.0
1.0 388.0
