# k  S_n(k)
0.0 60.0
0.10471975511965977 0.5686305049036112
0.20943951023931953 0.29915218967464213
0.3141592653589793 0.2842415818765074
0.41887902047863906 0.2245935155295778
0.5235987755982988 0.4600515686325633
0.6283185307179586 0.3606098117551554
0.7330382858376183 0.8565712824695151
0.8377580409572781 0.5537899475084942
0.9424777960769379 0.8164155112941817
1.0471975511965976 1.0986190055531697
1.1519173063162573 0.7151204102465873
1.2566370614359172 1.4826847839581894
1.361356816555577 1.3724061533250054
1.4660765716752366 1.3031345291568182
1.5707963267948966 0.4084847521284867
1.6755160819145563 0.5871111426432205
1.780235837034216 0.8688440640919781
1.8849555921538759 0.8916430312706375
1.9896753472735356 0.9210161256269838
2.0943951023931953 0.9590826986004496
2.199114857512855 1.3043293197483126
2.3038346126325147 0.8962126517692393
2.4085543677521746 1.064210966174878
2.5132741228718345 0.8806090859492686
2.617993877991494 0.9756912057940116
2.722713633111154 1.238012400851116
2.827433388230814 1.2390516248799663
2.9321531433504733 1.1025979124307976
3.036872898470133 0.9458161799144911
3.141592653589793 0.9061869928232086
3.2463124087094526 1.0970181723410757
3.3510321638291125 1.4149116669850046
3.4557519189487724 0.8827134730563273
3.560471674068432 0.8624938847468925
3.665191429188092 1.122841086983097
3.7699111843077517 1.0365748465111577
3.874630939427411 1.024593742444323
3.979350694547071 1.0957896517437722
4.084070449666731 1.016690263268017
4.1887902047863905 1.0374048781903304
4.29350995990605 0.9026878269898705
4.39822971502571 0.8318958728017903
4.50294947014537 0.9438064182728565
4.607669225265029 0.8945145046708528
4.71238898038469 0.918562405746114
4.817108735504349 1.1518616045543553
4.921828490624009 0.9757954487105316
5.026548245743669 0.9945262364195152
5.1312680008633285 1.0064023886845899
5.235987755982988 1.0237394742642774
5.340707511102648 1.27530154901395
5.445427266222308 0.8925661953091865
5.550147021341967 0.9536059077967056
5.654866776461628 0.9779062025655372
5.759586531581287 0.9222250360675326
5.864306286700947 0.9507615594310854
5.969026041820607 1.079080742173139
6.073745796940266 1.216257834588296
6.178465552059926 0.8622131417389287
6.283185307179586 1.132916271505146
6.387905062299246 0.864270450540001
6.492624817418905 0.8400392490418114
6.5973445725385655 1.036716315749216
6.702064327658225 1.0358114429182252
6.8067840827778845 1.0417178857838756
6.911503837897545 0.9217347778150273
7.016223593017204 0.9046442835141258
7.120943348136864 1.0215223387608992
7.225663103256524 0.8448757335882555
7.330382858376184 0.880332430650113
7.435102613495843 0.927028238745412
7.5398223686155035 1.0203288319889556
7.644542123735163 0.973483693212741
7.749261878854822 1.0788118088599639
7.853981633974483 0.9326405528289303
7.958701389094142 0.9226246365110017
8.063421144213802 0.9902416292787616
8.168140899333462 0.9412784209416929
8.27286065445312 1.0090859204318567
8.377580409572781 1.0506293913987446
8.482300164692441 1.1253225567441445
8.5870199198121 0.9152592007109634
8.69173967493176 1.0874773431667997
8.79645943005142 0.911966237046654
8.90117918517108 0.9415641334131788
9.00589894029074 1.0222016390932434
9.1106186954104 0.9175643652911616
9.215338450530059 1.0205045716776298
9.320058205649719 1.002325428540764
9.42477796076938 0.8974101599247162
9.529497715889038 1.0140973766642998
9.634217471008698 1.0134064196513222
9.738937226128359 0.9373467003900176
9.843656981248017 1.0962203362787248
9.948376736367678 0.946379533000909
10.053096491487338 0.8961502994869578
10.157816246606997 1.0567116811694817
10.262536001726657 0.9197814773930443
10.367255756846317 1.0173214923503824
