# P_value  count
-1.0 0.0
-0.96 0.0
-0.92 0.0
-0.88 0.0
-0.84 0.0
-0.8 0.0
-0.76 0.0
-0.72 0.0
-0.68 0.0
-0.64 34.0
-0.6 41.0
-0.56 235.0
-0.52 93.0
-0.48 217.0
-0.44 621.0
-0.4 981.0
-0.36 1697.0
-0.32 3986.0
-0.28 4912.0
-0.24 7596.0
-0.2 10101.0
-0.16 13803.0
-0.12 16435.0
-0.08 16852.0
-0.04 20150.0
0.0 22359.0
0.04 17645.0
0.08 16309.0
0.12 15953.0
0.16 12834.0
0.2 10847.0
0.24 7206.0
0.28 4888.0
0.32 2663.0
0.36 1721.0
0.4 1044.0
0.44 531.0
0.48 303.0
0.52 157.0
0.56 55.0
0.6 81.0
0.64 53.0
0.68 0.0
0.72 0.0
0.76 0.0
0.8 0.0
0.84 0.0
0.88 0.0
0.92 0.0
0.96 0.0
1.0 0.0
