# k values and corresponding S(k) [pure estimator]
0.0 1.3531832453848351
0.12566370614359174 1.1175430393397776
0.25132741228718347 1.0372433345635121
0.3769911184307752 1.0005943564498143
0.5026548245743669 0.9925756134823389
0.6283185307179586 0.9772215100604228
0.7539822368615504 0.9865658198007435
0.8796459430051422 0.9801477333400098
1.0053096491487339 0.9746047754696813
1.1309733552923256 0.9804865114401509
1.2566370614359172 0.9862504436442017
1.3823007675795091 0.9861425830906183
1.5079644737231008 0.9724927259561608
1.6336281798666925 0.9667535336996927
1.7592918860102844 0.9813524224471593
1.884955592153876 0.9923721913672198
2.0106192982974678 0.9756471842018773
2.1362830044410597 0.9645204710533264
2.261946710584651 0.9935931677224064
2.387610416728243 0.9858401038367047
2.5132741228718345 0.9633474949832203
2.6389378290154264 0.98400956446949
2.7646015351590183 0.9535845174526358
2.8902652413026098 0.9800147040377774
3.0159289474462017 0.952628792085155
3.1415926535897936 0.9680307984452079
3.267256359733385 0.951652461492342
3.392920065876977 0.9748811057430126
3.518583772020569 0.9832265079314226
3.6442474781641603 0.969596349873068
3.769911184307752 0.9734009176270796
3.8955748904513436 0.9640990895434917
4.0212385965949355 0.9695054800440376
4.1469023027385274 0.9467474423816392
4.272566008882119 0.9882910912870757
4.39822971502571 0.9896571336692915
4.523893421169302 0.966059502733956
4.649557127312894 0.9489803891105437
4.775220833456486 0.9822048898023691
4.900884539600078 0.9697556276853854
5.026548245743669 0.9798692159294772
5.152211951887261 0.9749249168436097
5.277875658030853 0.9877870547811539
5.403539364174445 0.9544727515322613
5.529203070318037 0.9585409791436436
5.6548667764616285 0.9492475754992739
5.7805304826052195 0.9387812688578362
5.906194188748811 1.0029931557501417
6.031857894892403 0.9591555433351533
6.157521601035995 0.9637973878787297
6.283185307179587 0.9558936105105446
6.408849013323178 0.9705603141176673
6.53451271946677 0.972238611756383
6.660176425610362 0.949864027077929
6.785840131753954 0.9906432333508227
6.911503837897546 0.9806453739895027
7.037167544041138 0.9593467181994448
7.162831250184729 0.9669333140360946
7.288494956328321 0.9915626298980139
7.4141586624719125 0.9846987495821092
7.539822368615504 0.9668244908237973
7.665486074759096 0.9755777552831272
7.791149780902687 0.973404648702869
7.916813487046279 0.9684858408948128
8.042477193189871 0.9624678527690871
8.168140899333462 0.9549774906725523
8.293804605477055 0.9683062097951279
8.419468311620646 0.9764533542167894
8.545132017764239 0.9739588042387091
8.67079572390783 1.005897614431195
8.79645943005142 0.971581983544622
8.922123136195014 0.9741127582611143
9.047786842338605 0.9871091985955978
9.173450548482197 0.9667606668103353
9.299114254625788 0.9763751584547856
