block_size         error    difference      rel_diff
-------------------------------------------------------
       2  2.802399e-07  1.160636e-07  4.141580e-01
       4  3.963035e-07  1.641186e-07  4.141234e-01
       8  5.604221e-07  2.320427e-07  4.140498e-01
      16  7.924648e-07  3.280110e-07  4.139124e-01
      32  1.120476e-06  4.634988e-07  4.136625e-01
      64  1.583975e-06  6.545309e-07  4.132206e-01
     128  2.238506e-06  9.233506e-07  4.124853e-01
     256  3.161856e-06  1.300107e-06  4.111849e-01
     512  4.461964e-06  1.827345e-06  4.095383e-01
    1024  6.289308e-06  2.560217e-06  4.070745e-01
    2048  8.849525e-06  3.559424e-06  4.022163e-01
    4096  1.240895e-05  4.861606e-06  3.917823e-01
    8192  1.727055e-05  6.182132e-06  3.579579e-01
   16384  2.345269e-05  6.513063e-06  2.777108e-01
   32768  2.996575e-05  6.566774e-06  2.191426e-01
   65536  3.653252e-05  -1.004028e-07  2.748312e-03
  131072  3.643212e-05           ---           ---
