# k  S_n(k)
0.0 30.0
0.20943951023931953 0.6264033943320034
0.41887902047863906 0.45237356284036734
0.6283185307179586 2.0839292233618965
0.8377580409572781 1.0620816126310635
1.0471975511965976 0.8382274411049162
1.2566370614359172 1.082244247139684
1.4660765716752366 1.301973897511417
1.6755160819145563 1.1005592684706245
1.8849555921538759 0.9870687085467361
2.0943951023931953 0.9234788153913005
2.3038346126325147 1.1028735341412064
2.5132741228718345 1.010005226928342
2.722713633111154 0.7976408226058269
2.9321531433504733 0.8678702309699419
3.141592653589793 0.9749851494566583
3.3510321638291125 0.9887082636212073
3.560471674068432 0.8768162541532762
3.7699111843077517 0.9704036544079135
3.979350694547071 0.970613725755959
4.1887902047863905 0.930608878336195
4.39822971502571 1.0828897197909175
4.607669225265029 1.1456295812206676
4.817108735504349 0.9265758807589822
5.026548245743669 1.040545131914829
5.235987755982988 0.9392195564458462
5.445427266222308 0.9607204128172266
5.654866776461628 1.0349537026881794
5.864306286700947 1.0423062443894806
6.073745796940266 1.005878048785066
6.283185307179586 1.0086922410757084
6.492624817418905 1.0047164426327753
6.702064327658225 0.9308484993515491
6.911503837897545 1.002485828501034
7.120943348136864 0.8949652573839334
7.330382858376184 1.0135114876631464
7.5398223686155035 1.010645738628042
7.749261878854822 1.044621340054298
7.958701389094142 0.8938835945302025
8.168140899333462 0.9979611924340803
8.377580409572781 1.0100998845819371
8.5870199198121 1.060389099976646
8.79645943005142 1.0171785663520114
9.00589894029074 0.9841665746914299
9.215338450530059 0.9931748164587959
9.42477796076938 0.9584439301796639
9.634217471008698 1.0336074384550487
9.843656981248017 0.9614662873301163
10.053096491487338 1.017332911876301
10.262536001726657 1.0518320501803757
10.471975511965976 1.111730413796191
10.681415022205297 1.0134107130812187
10.890854532444616 1.0043275518741572
11.100294042683934 1.0100048456780542
11.309733552923255 1.0365587627690833
11.519173063162574 1.014321298583727
11.728612573401893 1.0360224113249628
11.938052083641214 0.9907273145315204
12.147491593880533 0.9930880391292497
12.356931104119852 0.963601487320046
12.566370614359172 0.9645258404906624
12.775810124598491 1.0221589877422856
12.98524963483781 0.9215537324704987
13.194689145077131 0.9950187429750674
13.40412865531645 0.9643176005347917
13.613568165555769 0.981766769954881
13.82300767579509 1.0161084829503395
14.032447186034409 0.9790149336478657
14.241886696273728 1.0066098857017327
14.451326206513048 0.9966142224505182
14.660765716752367 1.0305480517276842
14.870205226991686 0.9909809888301949
15.079644737231007 1.0184328030000411
15.289084247470326 0.9537730456214841
15.498523757709645 1.0171978041730976
15.707963267948966 0.9984880057027351
15.917402778188285 0.9903226763647636
16.126842288427603 0.9775275695313511
16.336281798666924 0.9843333947405302
16.54572130890624 0.9828535681764502
16.755160819145562 0.970965500377953
16.964600329384883 1.0126449545892893
17.1740398396242 1.0163093123648896
17.38347934986352 1.001080948769361
17.59291886010284 1.0000789641209047
17.80235837034216 1.0010028112002585
18.01179788058148 1.0026295700836954
18.2212373908208 1.0334964318555904
18.430676901060117 0.9954696695894171
18.640116411299438 0.9506086935194974
18.84955592153876 0.9753653886713362
19.058995431778076 0.9908176965415002
19.268434942017397 0.9890015734441615
19.477874452256717 0.9810597925830216
19.687313962496034 1.039788791899363
19.896753472735355 0.9720013142313678
20.106192982974676 1.0116052115296303
20.315632493213993 0.9844776014639823
20.525072003453314 1.032692083030436
20.734511513692635 0.9671921905544976
