# k  S_n(k)
0.0 30.0
0.20943951023931953 0.6743902273234248
0.41887902047863906 0.4669377046658308
0.6283185307179586 2.156482969633915
0.8377580409572781 1.024990313396489
1.0471975511965976 0.8473896161646083
1.2566370614359172 1.0565361504986943
1.4660765716752366 1.3051197280145561
1.6755160819145563 1.0661955367167235
1.8849555921538759 1.0167922134371097
2.0943951023931953 0.9476320946560419
2.3038346126325147 1.1039676041470226
2.5132741228718345 0.9632968523837565
2.722713633111154 0.7760194979660022
2.9321531433504733 0.8844989183777437
3.141592653589793 1.024128331544379
3.3510321638291125 0.9875054102942308
3.560471674068432 0.8790997992569457
3.7699111843077517 0.9791327615303875
3.979350694547071 0.977743949287495
4.1887902047863905 0.9295771254509695
4.39822971502571 1.1148529404923566
4.607669225265029 1.0158881264883994
4.817108735504349 1.0263667187510102
5.026548245743669 1.0591889194083142
5.235987755982988 0.9770397036027263
5.445427266222308 0.9433485018754696
5.654866776461628 0.9729349910597714
5.864306286700947 1.0537212061833454
6.073745796940266 0.9558335710569242
6.283185307179586 0.9489692034328638
6.492624817418905 1.04703892727474
6.702064327658225 0.9483911676168133
6.911503837897545 0.987373575378153
7.120943348136864 0.8651483807143474
7.330382858376184 0.953013968718425
7.5398223686155035 1.0904565413409246
7.749261878854822 1.0819766206771695
7.958701389094142 0.9036180002639995
8.168140899333462 0.9788472313510208
8.377580409572781 1.007562634874349
8.5870199198121 0.9745535380931938
8.79645943005142 0.9704925663374766
9.00589894029074 0.9503008628624975
9.215338450530059 1.0221622409015843
9.42477796076938 0.9350656059012238
9.634217471008698 1.0889920599902239
9.843656981248017 1.004425678777787
10.053096491487338 0.9895438773192582
10.262536001726657 0.9990184110519387
10.471975511965976 1.0291520748006582
10.681415022205297 0.980509313256807
10.890854532444616 0.9753862833830198
11.100294042683934 1.0059238955460799
11.309733552923255 1.0376136684162862
11.519173063162574 0.9688650980379089
11.728612573401893 0.9932195194769972
11.938052083641214 0.9562589914663002
12.147491593880533 0.9962254209503226
12.356931104119852 0.9436813892982396
12.566370614359172 0.9360532708670627
12.775810124598491 1.0224701591471566
12.98524963483781 0.9485136324117678
13.194689145077131 0.9639710252876516
13.40412865531645 1.0268531380391674
13.613568165555769 0.9608953094900693
13.82300767579509 1.0174726645405767
14.032447186034409 1.0234960191182674
14.241886696273728 1.0134193981160509
14.451326206513048 0.9611148936771602
14.660765716752367 0.9761378196865009
14.870205226991686 1.0202644985539748
15.079644737231007 0.956961711835395
15.289084247470326 0.9939634962607522
15.498523757709645 0.9762639766321531
15.707963267948966 0.9506197707165143
15.917402778188285 1.0142884179007854
16.126842288427603 0.9692095151442641
16.336281798666924 0.9617396027641857
16.54572130890624 0.9699561367816095
16.755160819145562 0.9766867402811735
16.964600329384883 0.997598364812645
17.1740398396242 1.0232861760999388
17.38347934986352 1.0406707908593529
17.59291886010284 1.0152413118555805
17.80235837034216 0.9705451976927536
18.01179788058148 1.017552970065761
18.2212373908208 0.9948486927585152
18.430676901060117 1.0174263303765403
18.640116411299438 0.9615658706095097
18.84955592153876 0.9604072075630924
19.058995431778076 1.0526729517525655
19.268434942017397 1.0108725013843147
19.477874452256717 1.0111367455367988
19.687313962496034 1.0479550295572049
19.896753472735355 1.0303635474746025
20.106192982974676 1.0640429547294135
20.315632493213993 1.0159927909563917
20.525072003453314 1.029376538157274
20.734511513692635 0.9372735193029818
