0.2 0.8986318565400844
0.6000000000000001 0.9366645569620253
1.0 0.9408744725738397
1.4000000000000001 0.9318227848101266
1.8 0.9022004219409283
2.2 0.8444040084388186
2.6 0.8412331223628692
3.0 0.8726160337552743
3.4000000000000004 0.9006487341772151
3.8000000000000003 0.9804894514767932
4.2 1.0560959915611814
4.6000000000000005 1.0563881856540085
5.0 1.096731012658228
5.4 1.0774504219409282
5.800000000000001 1.1103227848101265
6.2 1.1315105485232066
6.6000000000000005 1.072873417721519
7.0 1.0320537974683544
7.4 1.0005021097046414
7.800000000000001 1.0037352320675106
8.200000000000001 0.9943902953586498
8.6 0.9850537974683544
9.0 0.9969662447257384
9.4 0.9941919831223629
9.8 0.9997426160337552
10.200000000000001 0.9804345991561182
10.600000000000001 0.9997679324894515
11.0 0.9761540084388186
11.4 1.0313006329113925
11.8 1.0071118143459916
12.200000000000001 1.0033871308016877
12.600000000000001 1.0222415611814346
13.0 1.0388628691983122
13.4 1.0243850210970464
13.8 0.9965791139240506
14.200000000000001 1.036779535864979
14.600000000000001 1.0277025316455697
15.0 1.068808016877637
15.4 1.0115063291139241
15.8 1.0065527426160337
16.2 1.0243006329113924
16.6 1.0482837552742617
17.0 0.9812120253164557
17.400000000000002 0.9510210970464135
17.8 0.9390548523206751
18.2 0.9262394514767932
18.6 0.9144883966244726
19.0 0.9673069620253164
19.400000000000002 0.9744061181434599
19.8 0.9952911392405064
20.200000000000003 1.0405569620253166
20.6 1.0985632911392404
21.0 1.1040537974683544
21.400000000000002 1.1025654008438819
21.8 1.0209082278481012
22.200000000000003 1.0187267932489452
22.6 1.0165864978902954
23.0 0.9615643459915612
23.400000000000002 0.9032341772151898
23.8 0.910996835443038
24.200000000000003 0.922954641350211
24.6 0.9658217299578059
25.0 1.033704641350211
25.400000000000002 1.0722447257383967
25.8 1.0663934599156117
26.200000000000003 1.0458649789029535
26.6 1.0190738396624472
27.0 0.9776392405063291
27.400000000000002 0.9455854430379746
27.8 0.9699166666666666
28.200000000000003 1.0502099156118143
28.6 1.043367088607595
29.0 1.054178270042194
29.400000000000002 1.031331223628692
29.8 1.002035864978903
30.200000000000003 1.0233924050632912
30.6 1.0022742616033755
31.0 0.9341424050632912
31.400000000000002 0.8994208860759494
31.8 0.9595495780590717
32.2 0.9691845991561181
32.6 0.9872647679324894
33.0 0.9730221518987342
33.4 0.9926729957805908
33.800000000000004 1.0188502109704642
34.2 1.0479810126582279
34.6 1.0911286919831225
35.0 1.054821729957806
35.4 1.025957805907173
35.800000000000004 0.9926402953586498
36.2 1.004632911392405
36.6 0.9884820675105486
37.0 0.9804694092827004
37.4 0.9833575949367088
37.800000000000004 1.0673322784810126
38.2 1.0536708860759494
38.6 1.0101487341772153
39.0 0.9559789029535865
39.400000000000006 0.9772858649789029
39.800000000000004 1.017487341772152
