block_size         error    difference      rel_diff
-------------------------------------------------------
       2  2.263485e-07  9.371343e-08  4.140227e-01
       4  3.200620e-07  1.324759e-07  4.139070e-01
       8  4.525379e-07  1.871985e-07  4.136638e-01
      16  6.397364e-07  2.643370e-07  4.131968e-01
      32  9.040734e-07  3.727768e-07  4.123302e-01
      64  1.276850e-06  5.244718e-07  4.107544e-01
     128  1.801322e-06  7.350700e-07  4.080725e-01
     256  2.536392e-06  1.023695e-06  4.036026e-01
     512  3.560087e-06  1.413379e-06  3.970071e-01
    1024  4.973466e-06  1.935714e-06  3.892082e-01
    2048  6.909180e-06  2.620639e-06  3.792981e-01
    4096  9.529818e-06  3.523538e-06  3.697382e-01
    8192  1.305336e-05  4.575685e-06  3.505370e-01
   16384  1.762904e-05  5.729919e-06  3.250273e-01
   32768  2.335896e-05  6.848858e-06  2.932005e-01
   65536  3.020782e-05  7.662940e-06  2.536741e-01
  131072  3.787076e-05           ---           ---
