# k values and corresponding S(k) [pure estimator]
0.0 3.036294305575853
0.10471975511965977 1.1758677869819114
0.20943951023931953 1.0224189196279934
0.3141592653589793 0.9970752431584788
0.41887902047863906 0.99947612138819
0.5235987755982988 0.9909601187979269
0.6283185307179586 0.9911558593494327
0.7330382858376183 0.9875253835235829
0.8377580409572781 0.984475011843223
0.9424777960769379 0.9871955009715906
1.0471975511965976 0.994402440342766
1.1519173063162573 0.9773858005344327
1.2566370614359172 0.9903041691697372
1.361356816555577 0.9910328933698376
1.4660765716752366 0.9857374213335665
1.5707963267948966 0.9832973183955279
1.6755160819145563 0.9894147297567079
1.780235837034216 0.9926964019895386
1.8849555921538759 0.9859084147560109
1.9896753472735356 0.9887710580065345
2.0943951023931953 0.987091575628468
2.199114857512855 0.9815852363260545
2.3038346126325147 0.9917850770562436
2.4085543677521746 0.9796177654806458
2.5132741228718345 0.9959175257636286
2.617993877991494 0.9817217692743682
2.722713633111154 0.9825826733698835
2.827433388230814 0.9817490225905262
2.9321531433504733 0.9783841487965522
3.036872898470133 0.9867494572125933
3.141592653589793 0.9902429429172259
3.2463124087094526 0.9767261162639387
3.3510321638291125 0.9891632303725275
3.4557519189487724 0.9811655520443104
3.560471674068432 0.9893569091222525
3.665191429188092 0.9848278461464239
3.7699111843077517 0.9862575656776161
3.874630939427411 0.9826726900445037
3.979350694547071 0.9894748816147652
4.084070449666731 0.9865073736698284
4.1887902047863905 0.9857380988161631
4.29350995990605 0.9842969303649203
4.39822971502571 0.9858129298703873
4.50294947014537 0.9929235535997906
4.607669225265029 0.9899338689984465
4.71238898038469 0.9733734118426973
4.817108735504349 0.9769455574890901
4.921828490624009 0.9722733954732952
5.026548245743669 0.9826934975356691
5.1312680008633285 0.9849865488233559
5.235987755982988 0.9927678795902068
5.340707511102648 0.9961110057482107
5.445427266222308 0.9866231011453395
5.550147021341967 0.9815535950099435
5.654866776461628 0.9857051660613018
5.759586531581287 0.9909771117201722
5.864306286700947 0.9948520294408014
5.969026041820607 0.9811547369080688
6.073745796940266 0.9746221796467556
6.178465552059926 0.9856961750817235
6.283185307179586 0.9793148149613903
6.387905062299246 0.9842346363515659
6.492624817418905 0.9876360963794266
6.5973445725385655 0.9808005873796204
6.702064327658225 0.9946284549960319
6.8067840827778845 0.9858937977363248
6.911503837897545 0.9920402609391992
7.016223593017204 0.9820816872560231
7.120943348136864 0.9769941025811011
7.225663103256524 0.9814672654194947
7.330382858376184 0.9797131937484765
7.435102613495843 0.9834761888526175
7.5398223686155035 0.9826255878166853
7.644542123735163 0.9885994033073201
7.749261878854822 0.9791245647385188
