# k values and corresponding S(k) [pure estimator]
0.0 1.7428069334980594
0.10471975511965977 1.1001147889967104
0.20943951023931953 1.0048856540418192
0.3141592653589793 0.9841281582353195
0.41887902047863906 0.9772789443033668
0.5235987755982988 0.9838287778930981
0.6283185307179586 0.9588141774253807
0.7330382858376183 0.9740597586712844
0.8377580409572781 0.9674340364099885
0.9424777960769379 0.9863704084809909
1.0471975511965976 0.9659183032184383
1.1519173063162573 0.9633760318314297
1.2566370614359172 0.9560390216616483
1.361356816555577 0.977050426954383
1.4660765716752366 0.9667067455825104
1.5707963267948966 0.9734021325714666
1.6755160819145563 0.9757387256217551
1.780235837034216 0.9648906734586942
1.8849555921538759 0.9808728714273722
1.9896753472735356 0.970818297797247
2.0943951023931953 0.9685376388923514
2.199114857512855 0.9683481028241316
2.3038346126325147 0.974153343364154
2.4085543677521746 0.9617731957464447
2.5132741228718345 0.9641350155756772
2.617993877991494 0.9651012689371268
2.722713633111154 0.9463216629322976
2.827433388230814 0.9707923788196843
2.9321531433504733 0.966326005865665
3.036872898470133 0.9696168109964763
3.141592653589793 0.9748309537572818
3.2463124087094526 0.9667860990633718
3.3510321638291125 0.9715015489543233
3.4557519189487724 0.9645529746197211
3.560471674068432 0.9593518884480738
3.665191429188092 0.9750881471786813
3.7699111843077517 0.9715303023659243
3.874630939427411 0.9702981543880818
3.979350694547071 0.972311808218445
4.084070449666731 0.9756881415579883
4.1887902047863905 0.9707813060759658
4.29350995990605 0.9679809939325158
4.39822971502571 0.969646114507655
4.50294947014537 0.9678087017093291
4.607669225265029 0.9673733440603022
4.71238898038469 0.9604680125201726
4.817108735504349 0.9700501049230469
4.921828490624009 0.9812356723438982
5.026548245743669 0.957018894591423
5.1312680008633285 0.9629159389769947
5.235987755982988 0.9853766604796609
5.340707511102648 0.9778944015371012
5.445427266222308 0.9718650308039505
5.550147021341967 0.9675504800029942
5.654866776461628 0.9866263564309068
5.759586531581287 0.9795644567914243
5.864306286700947 0.9810744972758303
5.969026041820607 0.9725112068084637
6.073745796940266 0.9774520206823966
6.178465552059926 0.967241503246111
6.283185307179586 0.9619997212500333
6.387905062299246 0.9693064222917109
6.492624817418905 0.9807935969564324
6.5973445725385655 0.9644730524868704
6.702064327658225 0.9658762400475486
6.8067840827778845 0.9669198413159477
6.911503837897545 0.9639022226320317
7.016223593017204 0.9585145880662199
7.120943348136864 0.972274348163695
7.225663103256524 0.9744436971789333
7.330382858376184 0.9848383350467811
7.435102613495843 0.9685364930247788
7.5398223686155035 0.9605734965068762
7.644542123735163 0.9738851525673687
7.749261878854822 0.9676462897706658
