# k  S_n(k)
0.0 50.0
0.12566370614359174 0.5699126413480994
0.25132741228718347 1.4518120814238484
0.3769911184307752 1.6477593611611727
0.5026548245743669 0.7378403487457144
0.6283185307179586 0.4227079966779728
0.7539822368615504 0.4866785114752197
0.8796459430051422 1.4096467315624597
1.0053096491487339 0.6696473420311133
1.1309733552923256 0.5200167341969942
1.2566370614359172 0.6043076633146197
1.3823007675795091 1.112573733711879
1.5079644737231008 0.7867136364547785
1.6336281798666925 0.882380418262935
1.7592918860102844 0.6170820355308775
1.884955592153876 1.0435616564041366
2.0106192982974678 0.8045249611830713
2.1362830044410597 0.7940716169481864
2.261946710584651 1.348701037155134
2.387610416728243 0.6762305664650671
2.5132741228718345 0.9665795134018396
2.6389378290154264 0.8108315142140823
2.7646015351590183 1.2320290821787911
2.8902652413026098 1.0611581057926225
3.0159289474462017 1.0937963569210438
3.1415926535897936 1.4116869085606885
3.267256359733385 0.8249036966957152
3.392920065876977 0.9491779589525084
3.518583772020569 0.9130188590906194
3.6442474781641603 1.0958493530235398
3.769911184307752 0.9023075070443065
3.8955748904513436 1.2706872773217204
4.0212385965949355 1.066626293808737
4.1469023027385274 0.900736433398073
4.272566008882119 1.0556712554769483
4.39822971502571 0.9288869303856794
4.523893421169302 0.9827728005720452
4.649557127312894 1.0653240947662408
4.775220833456486 1.0340353353707525
4.900884539600078 0.9892517986995752
5.026548245743669 1.0754759254873865
5.152211951887261 0.8931097946408207
5.277875658030853 0.9992522401625363
5.403539364174445 1.023825732871215
5.529203070318037 1.0680574597067274
5.6548667764616285 0.891926355624778
5.7805304826052195 1.0268823053400675
5.906194188748811 0.9982628355436868
6.031857894892403 0.9520035779921316
6.157521601035995 1.025255549143605
6.283185307179587 0.9126207617905724
6.408849013323178 1.0629561298356096
6.53451271946677 0.9644061402673547
6.660176425610362 1.0012280732504815
6.785840131753954 1.1240437633076708
6.911503837897546 1.03253284434353
7.037167544041138 1.1036095840297084
7.162831250184729 1.1445472406830326
7.288494956328321 1.130921194785085
7.4141586624719125 1.0741735641514099
7.539822368615504 1.0000683771614431
7.665486074759096 0.9559538668583408
7.791149780902687 1.0443603689731649
7.916813487046279 0.994654322890657
8.042477193189871 0.8967561006856056
8.168140899333462 1.0103892619802843
8.293804605477055 0.9373856456190548
8.419468311620646 1.0146682293116553
8.545132017764239 0.9290327448818951
8.67079572390783 1.0433143460006973
8.79645943005142 0.9314095059225844
8.922123136195014 1.0509718060236004
9.047786842338605 1.1486600377693161
9.173450548482197 0.9507430373381666
9.299114254625788 0.9937905402388357
9.42477796076938 1.0284151900082517
9.550441666912972 0.9980597472247099
9.676105373056563 1.0363257108050623
9.801769079200156 1.1245286828206906
9.927432785343747 0.9761680319845997
10.053096491487338 0.9336099454630993
10.17876019763093 0.9535683507866067
10.304423903774522 0.9545054151299536
10.430087609918115 1.0068881086420944
10.555751316061706 1.0370991556087568
10.681415022205298 0.9714865109594231
10.80707872834889 0.9984112305439746
10.93274243449248 0.9813431086381941
11.058406140636073 1.0101466605078453
11.184069846779664 1.046965612659084
11.309733552923257 0.9756583092092135
11.435397259066848 0.9513232223369315
11.561060965210439 0.9895377768225364
11.686724671354032 1.1198081309644827
11.812388377497623 0.9694216208750002
11.938052083641216 0.9688098522111703
12.063715789784807 1.1222179073707776
12.189379495928398 0.9766393681037687
12.31504320207199 1.0157813186563742
12.440706908215581 0.9778543217702946
