# r  Cs(r) [pure estimator]
0.05 0.0001088674549011373
0.15000000000000002 0.00012306551328764253
0.25 0.00011738758948230014
0.35000000000000003 0.00012628047613643726
0.45 0.00012264974935279069
0.55 0.00012716269256403105
0.65 0.00012398264379529335
0.75 0.0001255853879464995
0.8500000000000001 0.0001189463911180201
0.9500000000000001 0.0001224944706283782
1.05 0.0001163093763077819
1.1500000000000001 0.00011499563237279719
1.25 0.00012274662524796237
1.35 0.0001115325752238101
1.4500000000000002 0.00011689995442095003
1.55 0.00011548738161899418
1.6500000000000001 0.00012354507645128792
1.75 0.00012046615445804346
1.85 0.00011882266234769506
1.9500000000000002 0.00011342714193536324
2.0500000000000003 0.00011829615894062235
2.15 0.00012036331877808913
2.25 0.0001164495498605485
2.35 0.00012741593710616114
2.45 0.00011580049472078033
2.5500000000000003 0.0001227663853606758
2.6500000000000004 0.00011952140246583245
2.75 0.00010805865984424757
2.85 0.00011423638188260928
2.95 0.00011222660475761217
3.0500000000000003 0.00011994559878014204
3.1500000000000004 0.00011633828435553968
3.25 0.00011721620496045658
3.35 0.000104976399594068
3.45 0.00012195485461269029
3.5500000000000003 0.00011993339695113707
3.6500000000000004 0.0001196787712896646
3.75 0.00011808989729704266
3.85 0.00012589969594223763
3.95 0.00010856917400315739
4.05 0.00011640391884184732
4.15 0.00012164593495624227
4.25 0.00011671595972914396
4.3500000000000005 0.00011213832289986957
4.45 0.00011113419574583723
4.55 0.00011274879841733196
4.65 0.00011655956100747677
4.75 0.00011497032090479218
4.8500000000000005 0.00011306866949418021
4.95 0.00011617537072309131
5.050000000000001 0.00012325248835432548
5.15 0.00011810323494311092
5.25 0.00011706513054914648
5.3500000000000005 0.00011142562385798949
5.45 0.0001139766367279244
5.550000000000001 0.00011193422369377585
5.65 0.0001206408763961024
5.75 0.00011698347419503517
5.8500000000000005 0.00011038917832201544
5.95 0.00010872705039242848
6.050000000000001 0.00011402952042682189
6.15 0.00011012999212917851
6.25 0.00011699906589438962
6.3500000000000005 0.00011856818035340871
6.45 0.00011446687781903401
6.550000000000001 0.00010805359218815602
6.65 0.00011364081122768877
6.75 0.00011391033186320032
6.8500000000000005 0.00011748598903203324
6.95 0.00011421025789966894
7.050000000000001 0.00010828312715037352
7.15 0.00011811659436898528
7.25 0.00012023075965482236
7.3500000000000005 0.00011695125917024844
7.45 0.00011342113302977746
7.550000000000001 0.00011930473705484406
7.65 0.00010473157506071198
7.75 0.00010917313111601829
7.8500000000000005 0.00011326803930805352
7.95 0.00011199437979624586
8.05 0.00011888146619687248
8.15 0.00011718534608034888
8.25 0.00011609745134768866
8.35 0.00011321847032093332
8.450000000000001 0.00011753313617728307
8.55 0.00011556636403540151
8.65 0.00011480187941502974
8.75 0.00012177099966445903
8.85 0.00011763108922962793
8.950000000000001 0.0001098603595990081
9.05 0.00010573633854066613
9.15 0.00011214760860306053
9.25 0.0001158056670810954
9.35 0.00011632710567924107
9.450000000000001 0.00011863711082407002
9.55 0.00012250263245081755
9.65 0.00010952509705173224
9.75 0.00011386188912074303
9.850000000000001 0.00010901308854351064
9.950000000000001 0.00012432400315330554
