block_size         error    difference      rel_diff
-------------------------------------------------------
       2  7.646835e-08  3.166255e-08  4.140609e-01
       4  1.081309e-07  4.476094e-08  4.139514e-01
       8  1.528918e-07  6.325611e-08  4.137311e-01
      16  2.161479e-07  8.933693e-08  4.133138e-01
      32  3.054849e-07  1.260383e-07  4.125844e-01
      64  4.315232e-07  1.774932e-07  4.113178e-01
     128  6.090163e-07  2.493323e-07  4.094016e-01
     256  8.583486e-07  3.492945e-07  4.069378e-01
     512  1.207643e-06  4.880731e-07  4.041534e-01
    1024  1.695716e-06  6.818134e-07  4.020799e-01
    2048  2.377530e-06  9.464211e-07  3.980691e-01
    4096  3.323951e-06  1.281505e-06  3.855366e-01
    8192  4.605455e-06  1.640292e-06  3.561628e-01
   16384  6.245747e-06  1.777670e-06  2.846209e-01
   32768  8.023417e-06  2.352546e-06  2.932100e-01
   65536  1.037596e-05  1.516284e-06  1.461343e-01
  131072  1.189225e-05           ---           ---
