# k values and corresponding S(k) [pure estimator]
0.0 3.6371960925223474
0.20943951023931953 0.9638797308970949
0.41887902047863906 0.9694772671652818
0.6283185307179586 0.9695944129876259
0.8377580409572781 0.9761165422105099
1.0471975511965976 0.9652928025040509
1.2566370614359172 0.9662657915546684
1.4660765716752366 0.975183939654953
1.6755160819145563 0.9656972920243933
1.8849555921538759 0.9714482458910441
2.0943951023931953 0.9728470380571838
2.3038346126325147 0.9716479611131108
2.5132741228718345 0.972611727542286
2.722713633111154 0.9749403158490757
2.9321531433504733 0.9757284059571317
3.141592653589793 0.9734678680515043
3.3510321638291125 0.9715785186909216
3.560471674068432 0.9696451049200355
3.7699111843077517 0.9732203478957193
3.979350694547071 0.9720939702665242
4.1887902047863905 0.9790203408486525
4.39822971502571 0.9676012481876497
4.607669225265029 0.9772548677532984
4.817108735504349 0.9760155701330093
5.026548245743669 0.9693941119894885
5.235987755982988 0.9693593222604545
5.445427266222308 0.9711062406626849
5.654866776461628 0.9689094370306311
5.864306286700947 0.9763655668114039
6.073745796940266 0.9689146986819966
6.283185307179586 0.9731449566541999
6.492624817418905 0.9696618366426892
6.702064327658225 0.9678199993886991
6.911503837897545 0.9707721780421571
7.120943348136864 0.9685082453512719
7.330382858376184 0.9726270405449925
7.5398223686155035 0.977525960486498
7.749261878854822 0.9678953653558673
7.958701389094142 0.9659536249952303
8.168140899333462 0.968541993018747
8.377580409572781 0.9705778483926636
8.5870199198121 0.97000123732354
8.79645943005142 0.9780585870016517
9.00589894029074 0.9731069519424517
9.215338450530059 0.970595399720432
9.42477796076938 0.9729085484849468
9.634217471008698 0.9725123533969311
9.843656981248017 0.9725346184430668
10.053096491487338 0.9754244766225088
10.262536001726657 0.9731109504559676
10.471975511965976 0.9733351577723205
10.681415022205297 0.9651690692766133
10.890854532444616 0.9691035830184691
11.100294042683934 0.9687910185220885
11.309733552923255 0.9699919908115343
11.519173063162574 0.9691899731995163
11.728612573401893 0.9728058925395077
11.938052083641214 0.9662192688676987
12.147491593880533 0.9654808839082966
12.356931104119852 0.9744683678672899
12.566370614359172 0.9672436484727067
12.775810124598491 0.9688476027064687
12.98524963483781 0.9823652493562157
13.194689145077131 0.9703015894397318
13.40412865531645 0.9650678495996765
13.613568165555769 0.9748835142450933
13.82300767579509 0.9626732612382247
14.032447186034409 0.9695582108955465
14.241886696273728 0.9786812554476927
14.451326206513048 0.9630230521578944
14.660765716752367 0.9724215023872564
14.870205226991686 0.9695432336787216
15.079644737231007 0.9764680866715935
15.289084247470326 0.9696805216266502
15.498523757709645 0.9747063796842861
