# block  <P^4>
1 0.0
2 0.15670761481481585
3 0.17340407740407962
4 0.12979812286479056
5 0.11742609382715972
6 0.2012605432098773
7 0.20987150617283892
8 0.21680734814814745
9 0.4422622419753107
10 0.24673220740740937
11 0.2071965827160503
12 0.1431809580246925
13 0.12454520493827118
14 0.24585669135802496
15 0.18251514074074224
16 0.29183557530864074
17 0.3674291160493844
18 0.26020782222222244
19 0.30004158024691036
20 0.13977595737595877
21 0.3772322567901268
22 0.26087930864197645
23 0.4786786962962944
24 0.3943156345678951
25 0.20621339259259341
26 0.11236805925925861
27 0.09229840987654243
28 0.20347365637242285
29 0.35967994074073817
30 0.11311330370370275
31 0.24178526419752933
32 0.2955980839506198
33 0.16038326913580309
34 0.2729032296296284
35 0.14709151604938425
36 0.26547678494345156
37 0.17232817777777723
38 0.12965979259259192
39 0.31382218271605206
40 0.2253468641975265
41 0.21827986172839522
42 0.20289005432098578
43 0.21969428193625637
44 0.24381688888889114
45 0.2006688197530819
46 0.3030044049382712
47 0.2113032691358038
48 0.1793984987654332
49 0.2811697777777826
50 0.2017063506172828
51 0.32344118518517984
52 0.13342268595601986
53 0.20139697777777746
54 0.25065052839506374
55 0.15539520232853668
56 0.11836436543209782
57 0.23024533333333588
58 0.18176406913580365
59 0.2975075753086452
60 0.27859571358025087
61 0.2722888493827182
62 0.203066706172839
63 0.15038621234568
64 0.2485733530864185
65 0.33117331358024743
66 0.19895958518518667
67 0.18536001975308772
68 0.21828209382715957
69 0.2099563851851867
70 0.12943312592592598
71 0.19343792187249012
72 0.14125258271604846
73 0.15394139259259187
74 0.1468117333333338
75 0.18824875061728563
76 0.294465289981337
77 0.2854256725861654
78 0.26390572300695864
79 0.18786362469135773
80 0.12706210370370438
81 0.5549226271604936
82 0.1798124444444428
83 0.453239412251755
84 0.21624888888888824
85 0.2228326123456772
86 0.12025343209876543
87 0.09440834720834665
88 0.3368936051602706
89 0.28660523456790277
90 0.24617118024691054
91 0.16735109135802403
92 0.10961578862813429
93 0.16476491851851738
94 0.14350779259259186
95 0.11258464798797477
96 0.11353284739951368
97 0.20772258765432242
98 0.204973511111112
99 0.3065211851851818
100 0.19792705072705027
101 0.11662733827160435
102 0.09513123950617365
103 0.25817096296296504
104 0.3380881636881674
105 0.39238453333333073
106 0.11144406913580235
107 0.14934500740740736
108 0.16107597037037227
109 0.22040408888888732
110 0.14799188148148168
111 0.2817797530864168
112 0.2881225441225439
113 0.25147547654321206
114 0.24053776245381303
115 0.25497005988024135
116 0.17208754567901127
117 0.1433839172505846
118 0.36534511795746233
119 0.23516882962963243
120 0.17345615802469347
121 0.2056903901234586
122 0.1421395123518575
123 0.3704281086419751
124 0.2716644740740724
125 0.1875760183337036
126 0.1904062752062761
127 0.5642327901234636
128 0.29527693827160717
129 0.290113600000002
130 0.3480872691358019
131 0.27789804269803997
132 0.32659855802468785
133 0.11308272592592535
134 0.2308618469135787
135 0.11591435061728395
136 0.23263446913580332
137 0.15844533916632642
138 0.22730757530864398
139 0.12479162469135797
140 0.16109509135802597
141 0.400414913580255
142 0.3933286965978349
143 0.21147794567901218
144 0.09497167407407407
145 0.2361084049382743
146 0.13949633580246962
147 0.18208000000000085
148 0.13902741728395068
149 0.2929442962962975
150 0.14120057283950702
151 0.18545079400388156
152 0.2659783171280794
153 0.3174898962962946
154 0.5444826666666721
155 0.2872324740740729
156 0.1968948543209888
157 0.19685359012345804
158 0.21183885432098684
159 0.1783984592592598
160 0.14897546666666622
161 0.10135734882401555
162 0.14784442469135786
163 0.18353246419753164
164 0.20359401376685565
165 0.4865468641975376
166 0.45351778765432044
167 0.23580265697796726
168 0.27216381234567644
169 0.2333315358024703
170 0.2702608790123448
171 0.16310293333333417
172 0.14321559662534963
173 0.2593888592592565
174 0.21089252345679182
175 0.38997520987654694
176 0.18033728395061724
177 0.15523419790086374
178 0.15851241481481418
179 0.24858407049024273
180 0.1667240888888895
181 0.180417520987656
182 0.26964525844525994
183 0.2680950716049386
184 0.23433568395061585
185 0.16742467160493915
186 0.3490720987654296
187 0.268540602469135
188 0.27187178271605145
189 0.4076843654320991
190 0.41652985679012405
191 0.19498510617283965
192 0.2159988345679005
193 0.20413706666666598
194 0.16014822716049426
195 0.4145181432098791
196 0.1799811950617292
197 0.2761539358024655
198 0.2719247802469162
199 0.2769661037037028
200 0.17677805869742022
201 0.19570883950616982
202 0.2642668344001686
203 0.21550429629629247
204 0.4408703000702963
205 0.32208376315043075
206 0.1684987259259284
207 0.22079247407407182
208 0.1257025580246908
