# P_value  count
-1.0 0.0
-0.9333333333333333 0.0
-0.8666666666666667 0.0
-0.8 0.0
-0.7333333333333333 2.0
-0.6666666666666666 13.0
-0.6 58.0
-0.5333333333333333 261.0
-0.4666666666666667 1010.0
-0.4 2513.0
-0.3333333333333333 5555.0
-0.26666666666666666 10503.0
-0.2 16823.0
-0.13333333333333333 24061.0
-0.06666666666666667 29421.0
0.0 32270.0
0.06666666666666667 29039.0
0.13333333333333333 24080.0
0.2 16990.0
0.26666666666666666 10468.0
0.3333333333333333 5343.0
0.4 2691.0
0.4666666666666667 1048.0
0.5333333333333333 338.0
0.6 112.0
0.6666666666666666 18.0
0.7333333333333333 6.0
0.8 0.0
0.8666666666666667 0.0
0.9333333333333333 0.0
1.0 0.0
