block_size         error    difference      rel_diff
-------------------------------------------------------
       2  7.953870e-09  3.286346e-09  4.131757e-01
       4  1.124022e-08  4.634939e-09  4.123532e-01
       8  1.587515e-08  6.519498e-09  4.106730e-01
      16  2.239465e-08  9.124361e-09  4.074348e-01
      32  3.151901e-08  1.264767e-08  4.012711e-01
      64  4.416668e-08  1.723007e-08  3.901147e-01
     128  6.139675e-08  2.266431e-08  3.691451e-01
     256  8.406106e-08  2.827527e-08  3.363658e-01
     512  1.123363e-07  3.116606e-08  2.774353e-01
    1024  1.435024e-07  2.818534e-08  1.964103e-01
    2048  1.716877e-07  1.848727e-08  1.076796e-01
    4096  1.901750e-07  1.033764e-08  5.435856e-02
    8192  2.005126e-07  9.995496e-09  4.984970e-02
   16384  2.105081e-07  1.056848e-08  5.020463e-02
   32768  2.210766e-07  7.973121e-09  3.606496e-02
   65536  2.290497e-07  2.610380e-08  1.139656e-01
  131072  2.551535e-07           ---           ---
