block_size         error    difference      rel_diff
-------------------------------------------------------
       2  4.604922e-07  1.907324e-07  4.141926e-01
       4  6.512247e-07  2.697230e-07  4.141781e-01
       8  9.209476e-07  3.814072e-07  4.141465e-01
      16  1.302355e-06  5.392888e-07  4.140875e-01
      32  1.841644e-06  7.624053e-07  4.139809e-01
      64  2.604049e-06  1.077485e-06  4.137730e-01
     128  3.681534e-06  1.522076e-06  4.134354e-01
     256  5.203611e-06  2.148320e-06  4.128518e-01
     512  7.351931e-06  3.028295e-06  4.119048e-01
    1024  1.038023e-05  4.263975e-06  4.107787e-01
    2048  1.464420e-05  5.973104e-06  4.078819e-01
    4096  2.061730e-05  8.242323e-06  3.997770e-01
    8192  2.885963e-05  1.085371e-05  3.760862e-01
   16384  3.971334e-05  1.284485e-05  3.234393e-01
   32768  5.255819e-05  1.242597e-05  2.364231e-01
   65536  6.498416e-05  1.157233e-05  1.780792e-01
  131072  7.655648e-05           ---           ---
