0.2 0.8709061181434599
0.6000000000000001 0.893415611814346
1.0 0.9103628691983122
1.4000000000000001 0.902668776371308
1.8 0.8593850210970464
2.2 0.884129746835443
2.6 0.8923755274261603
3.0 0.8753459915611814
3.4000000000000004 0.8927964135021097
3.8000000000000003 1.0040822784810126
4.2 0.9944957805907173
4.6000000000000005 1.0286244725738396
5.0 1.0785137130801687
5.4 1.0614757383966245
5.800000000000001 1.1220559071729959
6.2 1.1315622362869198
6.6000000000000005 1.1023544303797468
7.0 1.0717521097046414
7.4 0.9937204641350211
7.800000000000001 1.0067320675105484
8.200000000000001 0.9579103375527426
8.6 0.9655337552742616
9.0 0.9528322784810127
9.4 0.9984767932489451
9.8 0.9823449367088608
10.200000000000001 1.018860759493671
10.600000000000001 1.015561181434599
11.0 0.9984377637130801
11.4 1.0080379746835444
11.8 1.0593407172995781
12.200000000000001 1.0024071729957806
12.600000000000001 1.0251814345991561
13.0 1.0444018987341772
13.4 0.9865137130801688
13.8 1.026853375527426
14.200000000000001 1.0640316455696202
14.600000000000001 1.0295928270042194
15.0 0.9933470464135021
15.4 1.0152120253164556
15.8 0.9971424050632911
16.2 1.0396793248945149
16.6 1.0424409282700422
17.0 1.0109504219409282
17.400000000000002 0.9784915611814345
17.8 0.9532510548523206
18.2 0.9046360759493671
18.6 0.9391571729957806
19.0 0.9731434599156118
19.400000000000002 1.0015664556962025
19.8 0.9574272151898734
20.200000000000003 1.0068470464135022
20.6 1.0368744725738397
21.0 1.0543586497890296
21.400000000000002 1.08265611814346
21.8 1.0781645569620253
22.200000000000003 1.0669588607594938
22.6 1.0429588607594937
23.0 1.0057689873417721
23.400000000000002 0.955590717299578
23.8 0.9226286919831224
24.200000000000003 0.9476740506329114
24.6 1.0008364978902953
25.0 0.984584388185654
25.400000000000002 1.0195021097046413
25.8 0.9867341772151899
26.200000000000003 0.9957204641350211
26.6 1.0165200421940928
27.0 0.9955189873417721
27.400000000000002 1.010898734177215
27.8 0.9834641350210971
28.200000000000003 1.0525116033755275
28.6 1.0684324894514767
29.0 1.068626582278481
29.400000000000002 1.0832183544303797
29.8 1.0180073839662447
30.200000000000003 0.9896276371308017
30.6 0.9490791139240506
31.0 0.9224198312236287
31.400000000000002 0.9380991561181434
31.8 0.9150675105485232
32.2 0.9342151898734177
32.6 0.9533143459915612
33.0 1.024226793248945
33.4 1.0226962025316455
33.800000000000004 1.019639240506329
34.2 1.0665632911392404
34.6 1.061918776371308
35.0 1.0810886075949366
35.4 1.1099145569620252
35.800000000000004 1.0098175105485232
36.2 0.9858565400843882
36.6 0.983867088607595
37.0 0.9425495780590717
37.4 0.9584356540084388
37.800000000000004 1.0111381856540085
38.2 1.048892405063291
38.6 1.0288132911392405
39.0 0.9943997890295359
39.400000000000006 1.0277964135021096
39.800000000000004 1.0159873417721519
