# k  S_s(k)
0.0 0.0
0.07853981633974483 1.0989686281277244
0.15707963267948966 0.2524809762177486
0.23561944901923448 0.7361039070172335
0.3141592653589793 1.1319139901765345
0.39269908169872414 0.26171779886024243
0.47123889803846897 0.8339275425729408
0.5497787143782138 1.670772599027358
0.6283185307179586 0.6423623390324014
0.7068583470577035 0.5035341487828935
0.7853981633974483 2.2568516231123295
0.8639379797371931 0.3641938652579733
0.9424777960769379 0.26240718678706476
1.0210176124166828 0.2711274902987548
1.0995574287564276 0.6145777309458728
1.1780972450961724 1.2971142541793712
1.2566370614359172 0.7253654949058159
1.335176877775662 0.6548486252246318
1.413716694115407 1.1865425625032888
1.4922565104551517 1.1509381635431661
1.5707963267948966 1.5222500209065217
1.6493361431346414 0.6246674636748799
1.7278759594743862 0.7171481987942215
1.806415775814131 1.8003147421442118
1.8849555921538759 0.5613615701658495
1.9634954084936207 0.7534756487342821
2.0420352248333655 0.588589676566267
2.1205750411731104 1.4846083072734237
2.199114857512855 1.1358827988749505
2.2776546738526 0.9639977044741003
2.356194490192345 0.5190362422302666
2.4347343065320897 1.1580548014191705
2.5132741228718345 0.9202932164895994
2.5918139392115793 0.9294669863551425
2.670353755551324 0.9673739632604863
2.748893571891069 1.5940747425729755
2.827433388230814 0.6677233025181111
2.9059732045705586 1.002711347147168
2.9845130209103035 1.3221820685959114
3.0630528372500483 0.9641308727720187
3.141592653589793 0.8234633693198664
3.220132469929538 1.1958248613286708
3.2986722862692828 0.75223104685753
3.3772121026090276 1.304895522026427
3.4557519189487724 1.1448213718416627
3.5342917352885173 1.181325018480357
3.612831551628262 0.7448794303868217
3.691371367968007 0.7191807592420298
3.7699111843077517 0.8820213478205586
3.8484510006474966 0.9868282221949503
3.9269908169872414 1.0253147014363588
4.005530633326986 1.1377135735137693
4.084070449666731 1.2162267114934922
4.162610266006476 1.0931753360756025
4.241150082346221 0.7945689702839751
4.319689898685965 0.8970868643635541
4.39822971502571 0.8593111910364108
4.476769531365456 0.976267875879177
4.5553093477052 0.9975577197290617
4.633849164044944 1.0539327193577874
4.71238898038469 1.101253969016128
4.790928796724435 1.0073081488437154
4.869468613064179 1.0088775238644527
4.948008429403924 1.2783752557033934
5.026548245743669 0.9052366086893524
5.105088062083414 0.9456643925845004
5.183627878423159 0.9363922700476864
5.262167694762903 1.0246664168731219
5.340707511102648 1.0855961494883382
5.419247327442394 0.8891264219798697
5.497787143782138 0.9470281027117643
5.576326960121882 1.0324503914620504
5.654866776461628 0.8552751419389486
5.733406592801373 0.9576071039365511
5.811946409141117 0.8278845365670361
5.890486225480862 0.9634950430093706
5.969026041820607 0.7472379193896381
6.047565858160352 1.0523126584053937
6.126105674500097 0.9150029584689343
6.204645490839841 0.8985074245776611
6.283185307179586 1.0256911964833602
6.3617251235193315 1.0410426680371136
6.440264939859076 1.016309477189996
6.51880475619882 1.276857491537036
6.5973445725385655 1.0623820176231433
6.675884388878311 0.8990667908796696
6.754424205218055 0.9365157778666456
6.8329640215578 1.0463631030940193
6.911503837897545 0.9342929956559106
6.99004365423729 0.9721053806500779
7.0685834705770345 0.9173719206312583
7.147123286916779 0.9543003284859818
7.225663103256524 0.9735403683794203
7.304202919596269 0.8984319935889754
7.382742735936014 0.947488499082629
7.461282552275758 1.1115013482890261
7.5398223686155035 0.9887514888190643
7.618362184955249 0.9889839563932734
7.696902001294993 0.934221624392034
7.7754418176347375 1.068151867975653
