# r  Cs(r) [pure estimator]
0.15 4.681112558666351e-6
0.44999999999999996 5.529637692677186e-6
0.75 1.454713147335131e-7
1.05 3.0185764879719704e-6
1.3499999999999999 5.734593553005741e-6
1.65 2.8734284595052974e-6
1.95 1.2875649587708473e-6
2.25 1.1325473190609448e-6
2.55 7.581682918704935e-7
2.85 2.2794870734139344e-6
3.15 2.562228295738573e-6
3.4499999999999997 4.945533993767898e-6
3.75 1.906098278282439e-6
4.05 1.3299725566568746e-6
4.35 -3.998694953816426e-7
4.6499999999999995 1.523723862486409e-6
4.95 2.5088009010741575e-6
5.25 1.0033513237739483e-6
5.55 -1.566522774834741e-7
5.85 6.898407277378811e-7
6.1499999999999995 1.2312791035659756e-6
6.45 4.473981488133664e-6
6.75 1.4365493438094647e-7
7.05 2.589249591170594e-6
7.35 4.087462672388204e-7
7.6499999999999995 5.912479516523056e-6
7.949999999999999 1.027176271446562e-6
8.25 3.981133225269514e-6
8.549999999999999 2.9069233248789047e-6
8.85 -8.727947769309e-7
9.15 2.4264303789611423e-6
9.45 -3.8837471513807133e-7
9.75 1.3799551765646122e-6
10.049999999999999 1.2650155364333012e-6
10.35 8.836315447192167e-7
10.65 -1.361411672315548e-7
10.95 1.1840038224485862e-6
11.25 1.9792149745442152e-6
11.549999999999999 -2.019349340922096e-6
11.85 -5.652093774973679e-7
12.15 2.967221902484083e-6
12.45 8.553641010965671e-7
12.75 8.116276478089029e-7
13.049999999999999 8.960571050553709e-7
13.35 4.2553992039597405e-6
13.65 2.54383331627085e-6
13.95 1.4979676768801868e-6
14.25 5.3968169138796e-7
14.549999999999999 4.977246994738513e-6
14.85 2.083144560181871e-6
15.149999999999999 2.7234874254894363e-6
15.45 -2.2196570372022153e-7
15.75 -1.347389474391013e-6
16.05 1.449117250795729e-6
16.349999999999998 2.5989925031600766e-6
16.65 9.78983909751667e-7
16.95 -1.624051076095025e-6
17.25 2.4814888998649663e-6
17.55 -9.31517507978896e-7
17.849999999999998 3.6179855387623226e-6
18.15 -8.48772613638151e-7
18.45 -1.2656392430935384e-6
18.75 2.1476616738484144e-6
19.05 1.4860109869784123e-6
19.349999999999998 3.2147832867322746e-7
19.65 2.6312365522822665e-6
19.95 1.99483099664325e-6
20.25 8.262483821116025e-7
20.55 4.912146452022532e-7
20.849999999999998 1.041273767561192e-6
21.15 -1.0273206506696697e-7
21.45 9.241893423169595e-7
21.75 3.005945802661546e-7
22.05 3.789696920190328e-6
22.349999999999998 3.904424652732495e-6
22.65 -1.5007460069609033e-6
22.95 -9.945672693052806e-7
23.25 2.218558803101877e-6
23.55 3.6401699009095094e-7
23.849999999999998 4.085508373881928e-6
24.15 1.3072121598377716e-6
24.45 2.844586011093359e-6
24.75 1.4985338032393948e-6
25.05 2.775945549823303e-7
25.349999999999998 8.34209213146913e-7
25.65 3.3475556650801797e-6
25.95 -9.583834493247408e-8
26.25 -3.357261743610771e-7
26.55 1.4074294775676056e-6
26.849999999999998 -5.416003070908912e-7
27.15 1.4671983712424204e-6
27.45 1.7621583310817984e-6
27.75 -6.133693453993798e-7
28.05 1.4334594913524117e-6
28.349999999999998 8.445429363075263e-7
28.65 2.0733050738124628e-6
28.95 2.344636185498326e-7
29.25 6.756155820414788e-7
29.549999999999997 3.5328324856366107e-7
29.849999999999998 3.2272720968271065e-6
