# k values and corresponding S(k) [pure estimator]
0.0 1.0551331245352553
0.10471975511965977 0.9866059148008227
0.20943951023931953 0.9811650619029988
0.3141592653589793 0.9781457732196062
0.41887902047863906 0.9757597175437491
0.5235987755982988 0.9789016981691355
0.6283185307179586 0.9715541510027076
0.7330382858376183 0.9742091121028559
0.8377580409572781 0.9876377487264035
0.9424777960769379 0.9794500927187798
1.0471975511965976 0.9722878829271129
1.1519173063162573 0.9592386313317356
1.2566370614359172 0.9725508460989208
1.361356816555577 0.9757921890884835
1.4660765716752366 0.9742079729460847
1.5707963267948966 0.9760180301957592
1.6755160819145563 0.9743867131207847
1.780235837034216 0.9788697515240569
1.8849555921538759 0.9769816308334865
1.9896753472735356 0.9721806900380676
2.0943951023931953 0.9707117132133171
2.199114857512855 0.9736771231196905
2.3038346126325147 0.9767146377844677
2.4085543677521746 0.9653735440169066
2.5132741228718345 0.9737147963828634
2.617993877991494 0.9705219455561171
2.722713633111154 0.9576492595810366
2.827433388230814 0.9687809544842493
2.9321531433504733 0.9734665881703025
3.036872898470133 0.9687444352900871
3.141592653589793 0.9812725443577089
3.2463124087094526 0.9672418966194479
3.3510321638291125 0.9746346874409079
3.4557519189487724 0.9763827689631286
3.560471674068432 0.9679410094277386
3.665191429188092 0.980836081902955
3.7699111843077517 0.9792026006514176
3.874630939427411 0.9821441964670795
3.979350694547071 0.9814118267389488
4.084070449666731 0.9677291454584731
4.1887902047863905 0.9855862338458453
4.29350995990605 0.9684176349483513
4.39822971502571 0.967236598829902
4.50294947014537 0.9653797483168455
4.607669225265029 0.9839649561547671
4.71238898038469 0.972375151102125
4.817108735504349 0.9715465014066983
4.921828490624009 0.9675903044314947
5.026548245743669 0.984364179714094
5.1312680008633285 0.985697415292548
5.235987755982988 0.9718348850339538
5.340707511102648 0.9715123867343365
5.445427266222308 0.9707980855916344
5.550147021341967 0.9705683967331568
5.654866776461628 0.9771220948328687
5.759586531581287 0.9697054732410093
5.864306286700947 0.967216266787413
5.969026041820607 0.9737602605828506
6.073745796940266 0.9707294370612359
6.178465552059926 0.9755275243662965
6.283185307179586 0.9654814590227728
6.387905062299246 0.9707548424097399
6.492624817418905 0.9711419489131102
6.5973445725385655 0.9699682974452745
6.702064327658225 0.970424722498673
6.8067840827778845 0.9682443386155365
6.911503837897545 0.9698176071528637
7.016223593017204 0.9674064799816355
7.120943348136864 0.9728464209110754
7.225663103256524 0.9562018542026793
7.330382858376184 0.9824865236884326
7.435102613495843 0.974978129930154
7.5398223686155035 0.9600794066970705
7.644542123735163 0.9745129087037948
7.749261878854822 0.9621806628986442
