0.2 -0.06808079213981526
0.6000000000000001 -0.08040600134669916
1.0 -0.09026797500105899
1.4000000000000001 -0.047853165968271216
1.8 -0.009995130957471262
2.2 -0.013089751594264617
2.6 0.022753423797182752
3.0 -0.04588276617085968
3.4000000000000004 -0.06587043240491945
3.8000000000000003 -0.02431339446244237
4.2 0.005884683865991092
4.6000000000000005 0.004531478084825566
5.0 -0.05944330854197566
5.4 -0.048557689489490664
5.800000000000001 -0.05974804822409057
6.2 -0.04887051831744759
6.6000000000000005 -0.03580110729808361
7.0 -0.037798667070464746
7.4 0.04794021317778352
7.800000000000001 0.022057115832055975
8.200000000000001 0.03306923306638897
8.6 0.07668052891255431
9.0 0.10454100972367192
9.4 0.06867748492780172
9.8 0.033327449099605895
10.200000000000001 -0.01545586046850447
10.600000000000001 -0.03294595853445947
11.0 -0.05416505789458052
11.4 -0.02693133225047237
11.8 -0.04326110642538337
12.200000000000001 -0.04013836313797155
12.600000000000001 -0.028068354105100862
13.0 -0.029018372639325933
13.4 -0.04620006970164665
13.8 -0.011638929958729095
14.200000000000001 0.028991025506973037
14.600000000000001 0.05678545872068582
15.0 0.06837281510215079
15.4 -0.028182739453992692
15.8 -0.06702451400041241
16.2 0.011493031647211945
16.6 0.08324516741063519
17.0 0.10332671651593466
17.400000000000002 0.031480532288307696
17.8 0.020929102912278376
18.2 -0.07824098368546296
18.6 -0.07899932905204639
19.0 -0.13138285778324227
19.400000000000002 -0.14241639015178814
19.8 -0.14025784126585042
20.200000000000003 -0.0795790740639427
20.6 0.01654821861025007
21.0 0.06819014252727128
21.400000000000002 0.03421700307866071
21.8 0.03387622405474818
22.200000000000003 0.05480369638585734
22.6 0.08853274614684187
23.0 0.0998052953370595
23.400000000000002 0.11416480025860334
23.8 0.152977971794379
24.200000000000003 0.07720088989049724
24.6 0.03767265703853628
25.0 -0.013614071236169688
25.400000000000002 -0.012000808440781713
25.8 -0.02851722686676381
26.200000000000003 0.026649157071938503
26.6 -0.005339307774450889
27.0 -0.03778015895226431
27.400000000000002 -0.08424765596110098
27.8 -0.07440920407990764
28.200000000000003 -0.09009935048264792
28.6 -0.11560059013692868
29.0 -0.13444694994594963
29.400000000000002 -0.11478978611874469
29.8 -0.06527748551368052
30.200000000000003 -0.023800218439782236
30.6 -0.024587322621126624
31.0 0.039326934731055176
31.400000000000002 0.1353639023498217
31.8 0.08661514524754504
32.2 0.1025548280085683
32.6 0.0314771571485373
33.0 -0.023142447712020037
33.4 -0.06687493151449618
33.800000000000004 -0.04374573283925268
34.2 -0.05858827676794031
34.6 -0.03019911794156816
35.0 0.025267938360885204
35.4 -0.005309169294638936
35.800000000000004 -0.015027903640050808
36.2 -0.05784296000085082
36.6 -0.11224794686608958
37.0 -0.09776777289515542
37.4 -0.0730478146921289
37.800000000000004 -0.08048570557299999
38.2 -0.06321054751612729
38.6 0.005543028646692844
39.0 0.050823089948878464
39.400000000000006 0.018386974428445592
39.800000000000004 0.008297436143302486
