# r  Cs(r) [pure estimator]
0.05 0.0006962020907019794
0.15000000000000002 0.0006847618883903394
0.25 0.0006941206272420248
0.35000000000000003 0.0006766265632086624
0.45 0.0007131480513689482
0.55 0.0006661465037015188
0.65 0.0007143461076097173
0.75 0.0006907141786516168
0.8500000000000001 0.0007075845564269613
0.9500000000000001 0.000706398746555427
1.05 0.0006974804174749289
1.1500000000000001 0.0006978036812330758
1.25 0.0006988882935266392
1.35 0.0006912649366714476
1.4500000000000002 0.0006965886226790242
1.55 0.0006960913825917627
1.6500000000000001 0.0006975831671204018
1.75 0.000709682357578753
1.85 0.0006968159517875393
1.9500000000000002 0.0006951655119415834
2.0500000000000003 0.0006876099171139214
2.15 0.0007082652232720625
2.25 0.000703946647003823
2.35 0.0006997670153958586
2.45 0.0007085944369315962
2.5500000000000003 0.0007013941886627786
2.6500000000000004 0.0007153691592885121
2.75 0.0006937274431047292
2.85 0.0007069655156821872
2.95 0.0006962255150668888
3.0500000000000003 0.0006861742157295354
3.1500000000000004 0.0006889719700027261
3.25 0.0007036692532565805
3.35 0.0006932110385951217
3.45 0.0006913950713516023
3.5500000000000003 0.0007072569464725071
3.6500000000000004 0.0007011611990177575
3.75 0.0007056744067879393
3.85 0.000706584527041998
3.95 0.0007048072385367689
4.05 0.0007015003882926958
4.15 0.0006827118741459132
4.25 0.0006863742171576701
4.3500000000000005 0.0007062500716939705
4.45 0.000708828173476943
4.55 0.0006929460170543999
4.65 0.000690246849320991
4.75 0.0006927412672298044
4.8500000000000005 0.00070531307157347
4.95 0.0007069890926161774
5.050000000000001 0.0006940547210288502
5.15 0.000697443531072319
5.25 0.0006900637294913564
5.3500000000000005 0.000680984284847272
5.45 0.0006894625117731612
5.550000000000001 0.0006984470147137627
5.65 0.0006975171315717006
5.75 0.0007003232256942091
5.8500000000000005 0.0006770862366980448
5.95 0.000682904181557465
6.050000000000001 0.0006886233577602762
6.15 0.0006943865634419854
6.25 0.0006866448185332743
6.3500000000000005 0.0006951238913407224
6.45 0.0006981738454966029
6.550000000000001 0.0007056974298174794
6.65 0.0006855592441629925
6.75 0.0006922379309155245
6.8500000000000005 0.0006881768616267572
6.95 0.0006868701501230564
7.050000000000001 0.0007067685345079619
7.15 0.0007103774333124261
7.25 0.000696239460949045
7.3500000000000005 0.0007018619163019407
7.45 0.0006978047004676416
7.550000000000001 0.0006917814552538688
7.65 0.0007030133871468176
7.75 0.0006891718997039844
7.8500000000000005 0.0006872111349020153
7.95 0.00070075087520277
8.05 0.0006991011221700422
8.15 0.0006908513493540882
8.25 0.0006787017022965199
8.35 0.0007107665962551177
8.450000000000001 0.000686117565962176
8.55 0.000702675907933398
8.65 0.0007069538196404812
8.75 0.0006840009958207455
8.85 0.0006962111777295361
8.950000000000001 0.0006753937513314206
9.05 0.0006809536280796881
9.15 0.0007053610036320907
9.25 0.0007138154073504488
9.35 0.0006979305807125629
9.450000000000001 0.0006924620817287511
9.55 0.0007066879872402733
9.65 0.0006841325482372621
9.75 0.0006920148519184527
9.850000000000001 0.0006858746019037476
9.950000000000001 0.0006864001542358228
