block_size         error    difference      rel_diff
-------------------------------------------------------
       2  4.455796e-07  1.845595e-07  4.142010e-01
       4  6.301391e-07  2.609991e-07  4.141929e-01
       8  8.911382e-07  3.690872e-07  4.141751e-01
      16  1.260225e-06  5.219099e-07  4.141401e-01
      32  1.782135e-06  7.379344e-07  4.140731e-01
      64  2.520070e-06  1.043147e-06  4.139358e-01
     128  3.563217e-06  1.474075e-06  4.136922e-01
     256  5.037292e-06  2.081714e-06  4.132606e-01
     512  7.119006e-06  2.934891e-06  4.122613e-01
    1024  1.005390e-05  4.126113e-06  4.103994e-01
    2048  1.418001e-05  5.735237e-06  4.044593e-01
    4096  1.991525e-05  7.796626e-06  3.914903e-01
    8192  2.771187e-05  9.641180e-06  3.479079e-01
   16384  3.735305e-05  1.151622e-05  3.083072e-01
   32768  4.886927e-05  8.940724e-06  1.829519e-01
   65536  5.780999e-05  4.101448e-06  7.094705e-02
  131072  6.191144e-05           ---           ---
