# k values and corresponding S(k) [pure estimator]
0.0 13.804983566102438
0.3141592653589793 0.8799707807448753
0.6283185307179586 0.9372419996363263
0.9424777960769379 0.9514259605817641
1.2566370614359172 0.9478952932354078
1.5707963267948966 0.9625973423853986
1.8849555921538759 0.9773432648585699
2.199114857512855 0.9499606481848443
2.5132741228718345 0.9795672164787003
2.827433388230814 0.9703685858743633
3.141592653589793 0.9640326808446289
3.4557519189487724 0.9707255199585054
3.7699111843077517 0.9360187827149811
4.084070449666731 0.9464425324519051
4.39822971502571 0.9408426933152192
4.71238898038469 0.9706945485368119
5.026548245743669 0.9852386353344929
5.340707511102648 0.988107710166535
5.654866776461628 0.9618111004753542
5.969026041820607 0.9745822686336981
6.283185307179586 0.9533208557854024
6.5973445725385655 1.0088392071601815
6.911503837897545 0.9989951043904998
7.225663103256524 0.9758725755406871
7.5398223686155035 0.9851617457021697
7.853981633974483 1.0073219447701125
8.168140899333462 0.9540872234085898
8.482300164692441 0.981470144417607
8.79645943005142 1.0344485251566096
9.1106186954104 0.9400422810634251
9.42477796076938 0.955022313543933
9.738937226128359 0.9655141694835508
10.053096491487338 0.9721264220829234
10.367255756846317 0.9647316646702963
10.681415022205297 0.9469546737220235
10.995574287564276 0.9995548799613315
11.309733552923255 1.0057023779645913
11.623892818282235 0.9957967850719542
11.938052083641214 0.9345493524238497
12.252211349000193 0.9647578567145437
12.566370614359172 0.9759960435615785
12.880529879718152 0.9734221968410345
13.194689145077131 0.9701787164964206
13.50884841043611 0.9416488944289254
13.82300767579509 0.9917935157784149
14.137166941154069 0.9931080234026223
14.451326206513048 0.9836014247018249
14.765485471872028 0.9498643227370508
15.079644737231007 0.9540112769435607
15.393804002589986 0.9765558362182949
15.707963267948966 1.006397410197586
16.022122533307943 0.9556288446657326
16.336281798666924 0.9685866070226875
16.650441064025905 0.9831822198167333
16.964600329384883 0.9913193975133601
17.27875959474386 0.9612605405937528
17.59291886010284 0.9930804779262355
17.907078125461823 0.9673611501544097
18.2212373908208 0.9422939581330764
18.535396656179778 0.9460844556497672
18.84955592153876 0.9921614218309643
19.16371518689774 0.9605914285797922
19.477874452256717 1.0160123707310602
19.792033717615695 0.9645146416380762
20.106192982974676 0.92818074376067
20.420352248333657 0.9985317076690033
20.734511513692635 0.9789560078999713
21.048670779051612 0.9599796524897725
21.362830044410593 0.9739381096031114
21.676989309769574 0.9941353209245941
21.991148575128552 0.9438124532544855
22.30530784048753 0.9414094398891315
22.61946710584651 1.000949802259472
22.93362637120549 0.9395893356613185
23.24778563656447 1.0092859315074647
