# k values and corresponding S(k) [pure estimator]
0.0 5.797043893873241
0.07853981633974483 1.1063700318680565
0.15707963267948966 1.0002452626006988
0.23561944901923448 0.9748813692122162
0.3141592653589793 0.9728446175498466
0.39269908169872414 0.9693125988969586
0.47123889803846897 0.9733766531801726
0.5497787143782138 0.9674441688564832
0.6283185307179586 0.9679003663363909
0.7068583470577035 0.9669284347331533
0.7853981633974483 0.975864997222084
0.8639379797371931 0.9701426746024511
0.9424777960769379 0.9767081196983242
1.0210176124166828 0.9684569297620066
1.0995574287564276 0.9679291353692666
1.1780972450961724 0.9738052535184916
1.2566370614359172 0.9793529709635078
1.335176877775662 0.970267976079821
1.413716694115407 0.9713714751595203
1.4922565104551517 0.9710987741043772
1.5707963267948966 0.9723185628138327
1.6493361431346414 0.9694986142107517
1.7278759594743862 0.9723996798794411
1.806415775814131 0.9666259129494991
1.8849555921538759 0.9720792800561688
1.9634954084936207 0.9767049926098951
2.0420352248333655 0.9667514468845293
2.1205750411731104 0.976509752615108
2.199114857512855 0.9598480872172457
2.2776546738526 0.9699983431677229
2.356194490192345 0.9739164687428619
2.4347343065320897 0.963781588746818
2.5132741228718345 0.9781884322499721
2.5918139392115793 0.9857168897138185
2.670353755551324 0.9689155922645198
2.748893571891069 0.9668627091473462
2.827433388230814 0.9733673592091251
2.9059732045705586 0.9645907152855508
2.9845130209103035 0.9643608325963645
3.0630528372500483 0.9696827944580304
3.141592653589793 0.9762415415091238
3.220132469929538 0.9656876560459408
3.2986722862692828 0.977556039487029
3.3772121026090276 0.972763094712112
3.4557519189487724 0.977372340274664
3.5342917352885173 0.9678412179960136
3.612831551628262 0.9559013318624131
3.691371367968007 0.9687854686063431
3.7699111843077517 0.9750894126297884
3.8484510006474966 0.9777282332073989
3.9269908169872414 0.966102708230005
4.005530633326986 0.9719533879562392
4.084070449666731 0.9708044432699018
4.162610266006476 0.9693727931105252
4.241150082346221 0.9819290459980284
4.319689898685965 0.9777283559650845
4.39822971502571 0.9606215291874853
4.476769531365456 0.9700550241374609
4.5553093477052 0.9816535683658256
4.633849164044944 0.9693941735005319
4.71238898038469 0.9644669734150322
4.790928796724435 0.9731798601831884
4.869468613064179 0.9716220759214896
4.948008429403924 0.9668070246326089
5.026548245743669 0.9707281832356303
5.105088062083414 0.9755829444313624
5.183627878423159 0.9722613968753414
5.262167694762903 0.9720552011207256
5.340707511102648 0.9838291725664841
5.419247327442394 0.9632540839314543
5.497787143782138 0.9629232266707942
5.576326960121882 0.9822842764670261
5.654866776461628 0.9782744886343279
5.733406592801373 0.9680187690888787
5.811946409141117 0.9625405882952407
