# k values and corresponding S(k) [pure estimator]
0.0 4.755701315486556
0.15707963267948966 1.0219220937934752
0.3141592653589793 0.9709039441879275
0.47123889803846897 0.9663431379453152
0.6283185307179586 0.9562685398133557
0.7853981633974483 0.9678357669518104
0.9424777960769379 0.968282731002464
1.0995574287564276 0.9668743154876142
1.2566370614359172 0.9773954164330755
1.413716694115407 0.9670840553128908
1.5707963267948966 0.9636116802626546
1.7278759594743862 0.9570478641960795
1.8849555921538759 0.9674355804977718
2.0420352248333655 0.9728711249318831
2.199114857512855 0.9663181090705938
2.356194490192345 0.9562248955665283
2.5132741228718345 0.9680526399730692
2.670353755551324 0.9919508156726421
2.827433388230814 0.9688287868472967
2.9845130209103035 0.9823565521354342
3.141592653589793 0.9789666141567536
3.2986722862692828 0.9740383733328497
3.4557519189487724 0.9659769751903226
3.612831551628262 0.9596166694009362
3.7699111843077517 0.9667031163336547
3.9269908169872414 0.9879242731043695
4.084070449666731 0.9582357678302743
4.241150082346221 0.9805485263094105
4.39822971502571 0.9696810372113879
4.5553093477052 0.9718314064092167
4.71238898038469 0.9753055226334756
4.869468613064179 0.9636311178560718
5.026548245743669 0.9693488259028247
5.183627878423159 0.9573058481689952
5.340707511102648 0.9645086043357016
5.497787143782138 0.9739046479334496
5.654866776461628 0.9727099845081698
5.811946409141117 0.967917679616735
5.969026041820607 0.9940490309208225
6.126105674500097 0.9735660538344206
6.283185307179586 0.9755883324020599
6.440264939859076 0.9697966113070964
6.5973445725385655 0.9817827034037531
6.754424205218055 0.9878451361727982
6.911503837897545 0.9860942672659528
7.0685834705770345 0.9817640671407754
7.225663103256524 0.9713464800079069
7.382742735936014 0.968006480739211
7.5398223686155035 0.9764883975338408
7.696902001294993 0.9590909429501937
7.853981633974483 0.9768226940561757
8.011061266653972 0.959664829919752
8.168140899333462 0.9682215965706914
8.325220532012953 0.9643499483365954
8.482300164692441 0.9524508882936868
8.63937979737193 0.9709096597778548
8.79645943005142 0.9687050596455996
8.953539062730911 0.9681162941113133
9.1106186954104 0.9637463856109522
9.267698328089889 0.9801424157869147
9.42477796076938 0.9556825291991127
9.58185759344887 0.9796797031413793
9.738937226128359 0.970125693649204
9.896016858807847 0.9551678571613772
10.053096491487338 0.9622693005585212
10.210176124166829 0.9726984904771869
10.367255756846317 0.9708248892327812
10.524335389525806 0.9706187157288511
10.681415022205297 0.9747374704730087
10.838494654884787 0.9690187381208913
10.995574287564276 0.9754266815638879
11.152653920243765 0.9681242902321728
11.309733552923255 0.9680892122480963
11.466813185602746 0.9640194927179263
11.623892818282235 0.9668844201802198
