# P_value  count
-1.0 0.0
-0.9777777777777777 0.0
-0.9555555555555556 0.0
-0.9333333333333333 0.0
-0.9111111111111111 0.0
-0.8888888888888888 0.0
-0.8666666666666667 0.0
-0.8444444444444444 0.0
-0.8222222222222222 2.0
-0.8 69.0
-0.7777777777777778 2.0
-0.7555555555555555 67.0
-0.7333333333333333 90.0
-0.7111111111111111 262.0
-0.6888888888888889 311.0
-0.6666666666666666 589.0
-0.6444444444444445 509.0
-0.6222222222222222 852.0
-0.6 1373.0
-0.5777777777777777 1671.0
-0.5555555555555556 1672.0
-0.5333333333333333 2355.0
-0.5111111111111111 2542.0
-0.4888888888888889 2675.0
-0.4666666666666667 3513.0
-0.4444444444444444 3612.0
-0.4222222222222222 4104.0
-0.4 4682.0
-0.37777777777777777 3960.0
-0.35555555555555557 3956.0
-0.3333333333333333 3926.0
-0.3111111111111111 4092.0
-0.28888888888888886 3684.0
-0.26666666666666666 3716.0
-0.24444444444444444 3713.0
-0.2222222222222222 3718.0
-0.2 3698.0
-0.17777777777777778 3462.0
-0.15555555555555556 3266.0
-0.13333333333333333 3315.0
-0.1111111111111111 3647.0
-0.08888888888888889 3290.0
-0.06666666666666667 3253.0
-0.044444444444444446 3055.0
-0.022222222222222223 2909.0
0.0 4272.0
0.022222222222222223 3462.0
0.044444444444444446 3306.0
0.06666666666666667 3717.0
0.08888888888888889 2952.0
0.1111111111111111 3026.0
0.13333333333333333 4072.0
0.15555555555555556 3495.0
0.17777777777777778 4397.0
0.2 4702.0
0.2222222222222222 4379.0
0.24444444444444444 4684.0
0.26666666666666666 4726.0
0.28888888888888886 4165.0
0.3111111111111111 4852.0
0.3333333333333333 5124.0
0.35555555555555557 5508.0
0.37777777777777777 5149.0
0.4 4858.0
0.4222222222222222 4717.0
0.4444444444444444 4978.0
0.4666666666666667 4410.0
0.4888888888888889 3847.0
0.5111111111111111 3143.0
0.5333333333333333 3231.0
0.5555555555555556 2593.0
0.5777777777777777 2016.0
0.6 1500.0
0.6222222222222222 1219.0
0.6444444444444445 695.0
0.6666666666666666 875.0
0.6888888888888889 425.0
0.7111111111111111 281.0
0.7333333333333333 122.0
0.7555555555555555 77.0
0.7777777777777778 5.0
0.8 29.0
0.8222222222222222 0.0
0.8444444444444444 0.0
0.8666666666666667 0.0
0.8888888888888888 0.0
0.9111111111111111 0.0
0.9333333333333333 0.0
0.9555555555555556 0.0
0.9777777777777777 0.0
1.0 0.0
