# block  <P^2>
1 0.0
2 0.058064197530863816
3 0.10022915356248724
4 0.14249086419753038
5 0.14892444444444403
6 0.11722320987654299
7 0.1535348148148151
8 0.13366962962963005
9 0.11981512376574101
10 0.09387111111111208
11 0.1086597708819941
12 0.09580197530864284
13 0.1181215783684923
14 0.15136715136715212
15 0.11829876543209832
16 0.11037234567901248
17 0.12344199010865682
18 0.15635111111111047
19 0.10312592592592655
20 0.11830469135802558
21 0.1039348148148145
22 0.101620740740741
23 0.12113876543209948
24 0.13306222222222316
25 0.14681975308641967
26 0.13850199183532536
27 0.08601607291008798
28 0.10413925925925994
29 0.11056055056055035
30 0.15218864197530788
31 0.12890617283950556
32 0.13448625448625512
33 0.15544790123456878
34 0.15448148148148255
35 0.13180493827160497
36 0.089393569393569
37 0.12631555555555557
38 0.13300938271604953
39 0.13029234567901218
40 0.12244197530864216
41 0.13104197530864212
42 0.09412098765432081
43 0.10870419753086437
44 0.10932839506172806
45 0.1267212891904243
46 0.10792197530864141
47 0.10705086419753125
48 0.10168300834967421
49 0.09529530864197563
50 0.0959886419753084
51 0.10531358024691297
52 0.11880296296296335
53 0.12026074074074149
54 0.10443851851851847
55 0.09774264578539897
56 0.13186123456790186
57 0.12406123456790101
58 0.149976790123456
59 0.1606267996391455
60 0.16483703703703864
61 0.15507260346766583
62 0.127561481481481
63 0.1480474074074084
64 0.1402221975061472
65 0.13754048420715095
66 0.16829135802469103
67 0.139067654320987
68 0.10917382716049412
69 0.12243358024691371
70 0.1330938271604947
71 0.12396987654320962
72 0.11097037037037052
73 0.11967111111111108
74 0.13561135802469193
75 0.119677853011186
76 0.1323051851851854
77 0.10334419753086452
78 0.09233925925925901
79 0.09234962962963082
80 0.1260795061728405
81 0.11903703703703683
82 0.12950716049382757
83 0.16100641975308652
84 0.1029972496639161
85 0.1208090674757341
86 0.13408592592592597
87 0.13016176670497684
88 0.1096962962962957
89 0.1247140740740746
90 0.12131654320987695
91 0.13134716049382686
92 0.14597876543209787
93 0.11678765432098712
94 0.15280592592592523
95 0.12399061728395043
96 0.11088592592592526
97 0.11377234567901152
98 0.14689234567901233
99 0.11297827160493872
100 0.1312237037037039
101 0.16840098765432174
102 0.13236395061728504
103 0.1327422222222219
104 0.13423753086419785
105 0.1512646913580257
106 0.12517629629629592
107 0.10512000000000017
108 0.08560148148148185
109 0.13255950617283963
110 0.1353724094464831
111 0.1225461728395062
112 0.08116592592592616
113 0.128352098765433
114 0.08244444444444408
115 0.13793071126404446
116 0.1439185185185192
117 0.15216860457916984
118 0.10853717915446304
119 0.12134814814814848
120 0.12069333333333361
121 0.08461234567901253
122 0.08184197530864226
123 0.10984938271604948
124 0.09005034279876387
125 0.13270024691357987
126 0.15270161936828566
127 0.17648592592592574
128 0.1496024691358019
129 0.14724585892425063
130 0.1180375308641982
131 0.08932641975308658
132 0.11844345679012365
133 0.15588049382715952
134 0.1535753036987602
135 0.11696486610066864
136 0.09811620478287128
137 0.1236090411399052
138 0.1129471604938274
139 0.10750370370370363
140 0.12006864197530775
141 0.14830123456790215
142 0.12730617283950674
143 0.15067253733920447
144 0.10600148148148195
145 0.10147852443261629
146 0.11609925925925982
147 0.11019908797686585
148 0.1177313580246905
149 0.11937185185185141
150 0.12371753086419739
151 0.10603901234567947
152 0.13773925925925962
153 0.13198998532331796
154 0.12141234567901242
155 0.09872740740740696
156 0.09576938271604979
157 0.11931673265006593
158 0.11484860818194273
159 0.1453693827160504
160 0.13045827160493792
161 0.12339604938271687
162 0.09250617283950639
163 0.11386419753086385
164 0.12293234567901325
165 0.12930864197530864
166 0.10987703703703641
167 0.11572328905662292
168 0.1027313580246916
169 0.12499604938271633
170 0.09709413116820546
171 0.10259715593048842
172 0.1076000542667211
173 0.0804706172839515
174 0.08386765432098757
175 0.09413382716049377
176 0.13016839506172945
177 0.12908117994537702
178 0.08938024691358071
179 0.08702172839506199
180 0.10008592592592593
181 0.1312153086419763
182 0.12027999999999996
183 0.12768296296296414
184 0.11935703703703716
185 0.12843012345679017
186 0.12982123456790154
187 0.11110765432098738
188 0.1341935802469129
189 0.12078320987654403
190 0.14026271604938337
191 0.15198754309865317
192 0.1386602469135805
193 0.1759204938271606
194 0.14226518518518502
195 0.1044098765432092
196 0.14019358024691297
197 0.136685432098766
198 0.08985281577874142
199 0.11353827160493903
200 0.09652691358024716
201 0.1372701234567895
202 0.1348118548118552
203 0.13344000000000011
204 0.13058003724670453
205 0.11506765432098706
206 0.14990074074074086
207 0.11399209876543277
208 0.15117530864197534
