# block  <P>
1 0.0
2 -0.01542222222222224
3 0.04158064158064121
4 0.007288888888888987
5 -0.03191111111111093
6 -0.0016666666666665024
7 0.137911111111112
8 0.17371111111111148
9 0.19523968412857204
10 0.11406666666666704
11 0.0355911467022582
12 0.04811111111111116
13 -0.04371037704371075
14 -0.09161949161949207
15 -0.02162222222222199
16 -0.048844444444444385
17 -0.0778332778332775
18 -0.18562222222222247
19 -0.06635555555555545
20 -0.11837777777777776
21 -0.05186666666666652
22 -0.03773333333333333
23 -0.035911111111110915
24 0.0003333333333333913
25 0.030177777777777116
26 0.002686202686202631
27 0.016538504402095165
28 0.026533333333333492
29 0.036785436785436845
30 0.09768888888888971
31 0.1154444444444441
32 0.06480186480186491
33 0.10177777777777769
34 0.09744444444444522
35 -0.00562222222222229
36 0.010545010545010338
37 0.04997777777777764
38 0.06955555555555548
39 0.03408888888888879
40 -0.03695555555555578
41 -0.011199999999999957
42 0.027399999999999737
43 -0.05942222222222155
44 -0.054933333333333466
45 -0.0036480925369812983
46 -0.0156888888888893
47 -0.07799999999999922
48 -0.13706293706293746
49 -0.08593333333333357
50 -0.053222222222222136
51 -0.03462222222222235
52 -0.01288888888888934
53 0.0993777777777779
54 0.061688888888889126
55 0.16346025384101426
56 0.27571111111111346
57 0.25275555555555534
58 0.2601555555555548
59 0.332465799132464
60 0.35526666666666695
61 0.30635079523968495
62 0.15320000000000034
63 0.019688888888888798
64 -0.07518629740852006
65 -0.060162060162060056
66 -0.020488888888888845
67 -0.0023111111111110295
68 -0.11513333333333436
69 -0.1262666666666669
70 -0.1028222222222229
71 -0.04988888888888868
72 0.021488888888888825
73 0.0073333333333332916
74 0.03708888888888941
75 0.10180930180930206
76 0.12377777777777774
77 0.11413333333333332
78 0.09300000000000055
79 0.08920000000000072
80 0.15708888888888795
81 0.19137777777777795
82 0.22684444444444485
83 0.23951111111111223
84 0.14811854811854883
85 0.09588189588189601
86 0.10288888888888928
87 0.05013902791680522
88 0.09384444444444441
89 0.02693333333333338
90 0.09062222222222234
91 0.13244444444444453
92 0.04286666666666632
93 -0.014422222222222577
94 -0.04928888888888887
95 -0.10819999999999926
96 -0.08968888888888848
97 -0.03268888888888927
98 -0.03664444444444477
99 -0.045266666666666566
100 -0.06595555555555568
101 -0.09697777777777737
102 -0.06833333333333297
103 -0.051088888888889135
104 0.014600000000000111
105 0.08068888888888871
106 0.13035555555555556
107 0.11439999999999952
108 0.022511111111111114
109 -0.02291111111111113
110 0.024580135691246365
111 0.03524444444444416
112 0.06433333333333356
113 0.09562222222222219
114 0.12400000000000003
115 0.1427239427239427
116 0.13131111111111124
117 -0.06662208848768524
118 -0.00035591146702227094
119 0.05368888888888907
120 0.08675555555555609
121 0.08599999999999972
122 0.061288888888888754
123 0.11220000000000001
124 0.06440677966101703
125 0.06240000000000004
126 0.09639249639249704
127 0.08008888888888885
128 0.029711111111110865
129 0.026800670016749756
130 0.07915555555555526
131 0.09017777777777752
132 0.09795555555555532
133 0.12106666666666711
134 0.02066510955399843
135 0.050561672783894986
136 0.03818403818403797
137 0.11905238571905248
138 0.06635555555555579
139 0.1164666666666674
140 0.031444444444444386
141 0.011244444444444023
142 -0.044955555555555644
143 0.046153846153846094
144 0.04682222222222199
145 0.11397205588822339
146 0.13393333333333346
147 0.09814258703147602
148 0.11786666666666726
149 0.17968888888888987
150 0.1197777777777775
151 0.10051111111111073
152 0.03435555555555566
153 0.11044511044511217
154 0.1698222222222223
155 0.18411111111111347
156 0.16522222222222233
157 0.15779775779775815
158 0.07812187812187804
159 0.11615555555555562
160 0.08333333333333383
161 0.06433333333333327
162 0.04993333333333294
163 0.05268888888888872
164 0.043155555555555385
165 0.04399999999999997
166 0.014688888888888961
167 0.003063603063603335
168 0.006822222222222292
169 0.05731111111111116
170 0.047091535980425064
171 -0.0011322011322012161
172 -0.008880008880008911
173 0.04784444444444424
174 0.03573333333333315
175 6.666666666672855e-5
176 0.029177777777777858
177 0.06993660326993636
178 0.05086666666666616
179 -0.024511111111111164
180 -0.047066666666666805
181 -0.16242222222222183
182 -0.08940000000000008
183 -0.032266666666667096
184 -0.10235555555555603
185 -0.05913333333333343
186 -0.03662222222222199
187 -0.0639333333333333
188 -0.03733333333333371
189 -0.07368888888888875
190 0.03679999999999978
191 0.034812590368146115
192 0.018111111111111168
193 -0.04019999999999991
194 0.004866666666666389
195 0.08466666666666653
196 0.03875555555555581
197 0.05257777777777764
198 0.03514625736847953
199 0.0018888888888887712
200 -0.03819999999999991
201 -0.0599111111111109
202 -0.09690309690309704
203 -0.09537777777777766
204 -0.12438672438672506
205 -0.11924444444444486
206 -0.1645999999999997
207 -0.1418222222222218
208 -0.1273333333333338
