# k values and corresponding S(k) [pure estimator]
0.0 10.80519922248975
0.06981317007977318 1.3503323623836643
0.13962634015954636 1.0726204243212674
0.20943951023931956 1.0113119107536388
0.2792526803190927 0.9737641937935654
0.3490658503988659 0.978382143349019
0.4188790204786391 0.9713084519113497
0.4886921905584123 0.9738802122423551
0.5585053606381855 1.0063421083053865
0.6283185307179586 0.9681974598943012
0.6981317007977318 1.012228901829628
0.767944870877505 0.9716485082205376
0.8377580409572782 0.9874117342095045
0.9075712110370514 0.9960153706961054
0.9773843811168246 0.9887982587146396
1.0471975511965976 0.9728499851882015
1.117010721276371 0.9832968874908771
1.1868238913561442 0.9702242323124071
1.2566370614359172 0.9723004246125938
1.3264502315156905 0.9737585954898831
1.3962634015954636 0.9837665376929603
1.4660765716752369 0.9845519929369739
1.53588974175501 0.9904964749183434
1.6057029118347832 0.9716038908118143
1.6755160819145565 0.9945389677270075
1.7453292519943295 0.9747908898294437
1.8151424220741028 0.9847884435815891
1.8849555921538759 1.0051358096496037
1.9547687622336491 0.9683335564850475
2.0245819323134224 0.9874106460963574
2.0943951023931953 0.9670958363384171
2.1642082724729685 0.9674286885939967
2.234021442552742 0.9845835018574003
2.303834612632515 0.9770999696276969
2.3736477827122884 0.9983978135709624
2.443460952792061 0.9944522571225106
2.5132741228718345 0.9905020109561666
2.5830872929516078 0.9833386623952223
2.652900463031381 0.9867156107370667
2.722713633111154 0.9896847523402749
2.792526803190927 0.9837056314806522
2.8623399732707004 0.9699963422948128
2.9321531433504737 1.0129290678283387
3.001966313430247 0.9904650704911966
3.07177948351002 0.9777879774671763
3.141592653589793 0.993882926027034
3.2114058236695664 0.9942525320783405
3.2812189937493397 0.9924659627639923
3.351032163829113 0.9898147518240735
3.420845333908886 0.9930933692970919
3.490658503988659 0.9875297623900643
3.5604716740684323 0.9680584138511169
3.6302848441482056 0.9869132686176604
3.7000980142279785 0.9797411399885281
3.7699111843077517 0.9827934740930738
3.839724354387525 1.0045982815036085
3.9095375244672983 0.9903833201047303
3.9793506945470716 0.986748211111401
4.049163864626845 0.9833129320978611
4.118977034706618 0.9882897359308213
4.1887902047863905 0.9904868532334135
4.258603374866164 0.9930062375114932
4.328416544945937 0.9885665448736227
4.39822971502571 0.9759532806987425
4.468042885105484 0.983705957489817
4.537856055185257 0.9694359457272763
4.60766922526503 0.9887649376408232
4.6774823953448035 0.9827352651410836
4.747295565424577 0.961271686580528
4.817108735504349 0.9829326213084019
4.886921905584122 0.9927296343758265
4.956735075663896 0.9774400378692467
5.026548245743669 0.992093184981433
5.096361415823442 0.9796532743549607
5.1661745859032155 0.9843033639792851
