# k values and corresponding S(k) [pure estimator]
0.0 0.9783253411274871
0.07853981633974483 0.9735276593055023
0.15707963267948966 0.9678159108376451
0.23561944901923448 0.9680759962458031
0.3141592653589793 0.9690180913789144
0.39269908169872414 0.981277344774277
0.47123889803846897 0.9815347104979962
0.5497787143782138 0.9665626213831113
0.6283185307179586 0.9708502112951126
0.7068583470577035 0.9634634909712193
0.7853981633974483 0.9796941288903706
0.8639379797371931 0.9756722019148101
0.9424777960769379 0.9678044167442562
1.0210176124166828 0.975038704194512
1.0995574287564276 0.9618048473892531
1.1780972450961724 0.9809814117749555
1.2566370614359172 0.9772018426171618
1.335176877775662 0.969451542619384
1.413716694115407 0.9674715055126378
1.4922565104551517 0.9727575420265723
1.5707963267948966 0.9682550661719036
1.6493361431346414 0.9690233689798938
1.7278759594743862 0.9705464452041168
1.806415775814131 0.9708568012397536
1.8849555921538759 0.9585360513551601
1.9634954084936207 0.9653219480684272
2.0420352248333655 0.9716069639386624
2.1205750411731104 0.9593863084020984
2.199114857512855 0.9666390316981269
2.2776546738526 0.9555720933053867
2.356194490192345 0.9673870469099775
2.4347343065320897 0.9655109787841655
2.5132741228718345 0.9687413501668242
2.5918139392115793 0.9599755728829699
2.670353755551324 0.9636091651312834
2.748893571891069 0.9709732192836492
2.827433388230814 0.9761897130260847
2.9059732045705586 0.9777902632031042
2.9845130209103035 0.9676721382015318
3.0630528372500483 0.9590384371846947
3.141592653589793 0.9739087557033073
3.220132469929538 0.9830848250522825
3.2986722862692828 0.9601367495103375
3.3772121026090276 0.9719431213942049
3.4557519189487724 0.9696804183490157
3.5342917352885173 0.9824670552553552
3.612831551628262 0.9717346675628526
3.691371367968007 0.9653633610263035
3.7699111843077517 0.9641704991547981
3.8484510006474966 0.9650057731462276
3.9269908169872414 0.9715381748662346
4.005530633326986 0.9839865618360115
4.084070449666731 0.9738795504969612
4.162610266006476 0.9744913588880867
4.241150082346221 0.9673855824406934
4.319689898685965 0.9688956175886633
4.39822971502571 0.9734993424308553
4.476769531365456 0.9662265176729457
4.5553093477052 0.9636056943687833
4.633849164044944 0.9641524969230851
4.71238898038469 0.9723213740472687
4.790928796724435 0.9587405035047625
4.869468613064179 0.9725245196055455
4.948008429403924 0.9579308625025226
5.026548245743669 0.9771258592549741
5.105088062083414 0.9660232358869385
5.183627878423159 0.9644331659366309
5.262167694762903 0.9522059559468805
5.340707511102648 0.9757643999459709
5.419247327442394 0.9652199349473067
5.497787143782138 0.9712953409467536
5.576326960121882 0.9723165947785134
5.654866776461628 0.9718216051074358
5.733406592801373 0.9597511297845992
5.811946409141117 0.9689928102584777
