# k values and corresponding S(k) [pure estimator]
0.0 3.07416873873351
0.6283185307179586 0.9718586753945743
1.2566370614359172 0.9767922914485586
1.8849555921538759 0.985142367174045
2.5132741228718345 0.9727681203607084
3.141592653589793 0.9846809005840108
3.7699111843077517 0.988053230992875
4.39822971502571 0.9840948105356148
5.026548245743669 0.9705637390345196
5.654866776461628 0.964371622679356
6.283185307179586 0.9652720152573787
6.911503837897545 0.9760675742818479
7.5398223686155035 0.9719706323043905
8.168140899333462 0.9748798660583549
8.79645943005142 0.9794682319893846
9.42477796076938 0.9719638052893278
10.053096491487338 0.9792486599460343
10.681415022205297 0.9742009803105184
11.309733552923255 0.9638673519850025
11.938052083641214 0.9524607857612942
12.566370614359172 0.9829717887106386
13.194689145077131 0.9678436152389183
13.82300767579509 0.9762177403567507
14.451326206513048 0.9825256981546792
15.079644737231007 0.9744109415450496
15.707963267948966 0.980521410682655
16.336281798666924 0.9757306086908689
16.964600329384883 0.9696458618737106
17.59291886010284 0.9711792366550293
18.2212373908208 0.9652686735711655
18.84955592153876 0.9684360501617706
19.477874452256717 0.9704824262339057
20.106192982974676 0.9660296347247204
20.734511513692635 0.9663502667604742
21.362830044410593 0.964289468096884
21.991148575128552 0.9746946996329806
22.61946710584651 0.965019507886071
23.24778563656447 0.981457337027715
23.876104167282428 0.9669507091403186
24.504422698000386 0.9862850768605115
25.132741228718345 0.9755479751019884
25.761059759436304 0.9784107511760994
26.389378290154262 0.9669022536456122
27.01769682087222 0.9781229349134228
27.64601535159018 0.9701512890554314
28.274333882308138 0.976241697477538
28.902652413026097 0.9647725116849992
29.530970943744055 0.9686058333257958
30.159289474462014 0.9756152890225982
30.787608005179973 0.9716090645197523
31.41592653589793 0.9635694983017589
32.044245066615886 0.976162518954914
32.67256359733385 0.9732846328094886
33.30088212805181 0.9768150530599067
33.929200658769766 0.9593672378415823
34.55751918948772 0.9731866337648567
35.18583772020568 0.9672072332230718
35.814156250923645 0.9675912813010985
36.4424747816416 0.957644240095635
37.070793312359555 0.9765803040837157
37.69911184307752 0.9621813462773142
38.32743037379548 0.993929989144083
38.955748904513435 0.9751239647396699
39.58406743523139 0.9580199452541004
40.21238596594935 0.9796608293215247
40.840704496667314 0.978696373596191
41.46902302738527 0.992418045350622
42.097341558103224 0.9724317778590624
42.725660088821186 0.9719433248709123
43.35397861953915 0.9821194560243711
43.982297150257104 0.9684004423512845
44.61061568097506 0.9855065524685038
45.23893421169302 0.9811856309249749
45.86725274241098 0.9732273258818658
46.49557127312894 0.9739707353484549
