# P_value  count
-1.0 0.0
-0.975 0.0
-0.95 0.0
-0.925 330.0
-0.9 175.0
-0.875 1435.0
-0.85 3394.0
-0.825 7122.0
-0.8 10920.0
-0.775 14465.0
-0.75 18732.0
-0.725 19363.0
-0.7 20928.0
-0.675 20916.0
-0.65 18544.0
-0.625 16213.0
-0.6 13439.0
-0.575 9769.0
-0.55 7446.0
-0.525 5628.0
-0.5 4205.0
-0.475 2849.0
-0.45 2091.0
-0.425 1241.0
-0.4 761.0
-0.375 534.0
-0.35 362.0
-0.325 272.0
-0.3 155.0
-0.275 99.0
-0.25 67.0
-0.225 121.0
-0.2 71.0
-0.175 87.0
-0.15 95.0
-0.125 119.0
-0.1 78.0
-0.075 106.0
-0.05 76.0
-0.025 107.0
0.0 1125.0
0.025 141.0
0.05 112.0
0.075 104.0
0.1 77.0
0.125 87.0
0.15 73.0
0.175 45.0
0.2 44.0
0.225 58.0
0.25 66.0
0.275 60.0
0.3 60.0
0.325 33.0
0.35 138.0
0.375 81.0
0.4 95.0
0.425 47.0
0.45 76.0
0.475 31.0
0.5 86.0
0.525 107.0
0.55 31.0
0.575 4.0
0.6 1.0
0.625 0.0
0.65 0.0
0.675 0.0
0.7 0.0
0.725 0.0
0.75 0.0
0.775 0.0
0.8 0.0
0.825 0.0
0.85 0.0
0.875 0.0
0.9 0.0
0.925 0.0
0.95 0.0
0.975 0.0
1.0 0.0
