# k values and corresponding S(k) [pure estimator]
0.0 35.62506695680706
0.07853981633974483 0.8585158607340162
0.15707963267948966 0.8743580387583192
0.23561944901923448 0.9112067715785747
0.3141592653589793 0.9420770118284333
0.39269908169872414 0.939324685414723
0.47123889803846897 0.9513936107383119
0.5497787143782138 0.9704936517587943
0.6283185307179586 0.9617182248255433
0.7068583470577035 0.960016529787333
0.7853981633974483 0.9669379349344747
0.8639379797371931 0.9708913408508218
0.9424777960769379 0.9652207679580532
1.0210176124166828 0.9505832061095788
1.0995574287564276 0.9678036077976352
1.1780972450961724 0.9563118956639228
1.2566370614359172 0.9539458442599816
1.335176877775662 0.9829804381270565
1.413716694115407 0.9658890983552284
1.4922565104551517 0.959429459754026
1.5707963267948966 0.9666809710115462
1.6493361431346414 0.9759835336510917
1.7278759594743862 0.9746695642353258
1.806415775814131 0.9618386987973059
1.8849555921538759 0.9754140490256019
1.9634954084936207 0.9750621249076965
2.0420352248333655 0.958268068729608
2.1205750411731104 0.9727513851746553
2.199114857512855 0.9724943594572601
2.2776546738526 0.9719695584097509
2.356194490192345 0.9774564437425135
2.4347343065320897 0.9551856315441101
2.5132741228718345 0.981404282427475
2.5918139392115793 0.9743034204957361
2.670353755551324 0.9837383147041021
2.748893571891069 0.9569825386006966
2.827433388230814 0.9803259659603616
2.9059732045705586 0.9758732051425762
2.9845130209103035 0.9682153836761631
3.0630528372500483 0.9768381080910147
3.141592653589793 0.9468821544384295
3.220132469929538 0.9871164262843942
3.2986722862692828 0.9623973124167733
3.3772121026090276 0.9910155853065086
3.4557519189487724 0.9823817221356747
3.5342917352885173 0.9512906821409907
3.612831551628262 0.9774461547070948
3.691371367968007 0.9662877511869055
3.7699111843077517 0.9803419040139724
3.8484510006474966 0.95825207245099
3.9269908169872414 0.9684389029291125
4.005530633326986 0.960343267396389
4.084070449666731 0.9727013951080493
4.162610266006476 0.9667230795765467
4.241150082346221 0.964801692502858
4.319689898685965 0.9846169604279957
4.39822971502571 0.9665474093350161
4.476769531365456 0.9514376847466564
4.5553093477052 0.9716244052078707
4.633849164044944 0.9691903875162263
4.71238898038469 0.9500443529337742
4.790928796724435 0.9688865909284315
4.869468613064179 0.9671766847185318
4.948008429403924 0.9878946853164334
5.026548245743669 0.9662169774655559
5.105088062083414 0.977975111496007
5.183627878423159 0.9881942771850892
5.262167694762903 0.9740553714388983
5.340707511102648 0.9770556927853496
5.419247327442394 0.9769252378583004
5.497787143782138 0.97641470065444
5.576326960121882 0.9677581745837001
5.654866776461628 0.9719449111015898
5.733406592801373 0.9800574800962109
5.811946409141117 0.9865517657174957
