# r  Cs(r) [pure estimator]
0.05 0.0007591824989839035
0.15000000000000002 0.0007591337414496361
0.25 0.000792717024107966
0.35000000000000003 0.0007773155825393809
0.45 0.0007893415738889469
0.55 0.0007512294535343339
0.65 0.000766349815967307
0.75 0.0007796657011698701
0.8500000000000001 0.0007582744849070627
0.9500000000000001 0.0007647944374744222
1.05 0.0007650422208066324
1.1500000000000001 0.0007472734166066752
1.25 0.0007592946613949131
1.35 0.0007758656829394383
1.4500000000000002 0.0007843179577917486
1.55 0.0007491880940474824
1.6500000000000001 0.0007592309401129526
1.75 0.0007661961294504044
1.85 0.0007594193148399043
1.9500000000000002 0.0007493813844331382
2.0500000000000003 0.0007721255807923435
2.15 0.0007596443142453794
2.25 0.0007651892833934233
2.35 0.0007622674145552604
2.45 0.0007709668015068775
2.5500000000000003 0.0007764143096064644
2.6500000000000004 0.000752389704956281
2.75 0.0007575824025716441
2.85 0.0007689156674016461
2.95 0.0007700867460137676
3.0500000000000003 0.0007592091532722063
3.1500000000000004 0.0007496669327445964
3.25 0.000761171305980131
3.35 0.0007629335721172209
3.45 0.000752562645951071
3.5500000000000003 0.000771059694037635
3.6500000000000004 0.0007680435846933022
3.75 0.0007521731814476983
3.85 0.0007470351134855646
3.95 0.0007819115056347511
4.05 0.0007672116589539824
4.15 0.0007664993811837972
4.25 0.0007750714784341559
4.3500000000000005 0.0007560126691701569
4.45 0.0007682113513737082
4.55 0.0007617634014709402
4.65 0.0007492336652424097
4.75 0.0007619364926436744
4.8500000000000005 0.0007466498529982115
4.95 0.000762362770331877
5.050000000000001 0.0007594735384010375
5.15 0.0007761735335271877
5.25 0.0007760337581817614
5.3500000000000005 0.0007716606096043155
5.45 0.0007721071722534501
5.550000000000001 0.0007472044098936853
5.65 0.0007547895539147183
5.75 0.0007703622980651342
5.8500000000000005 0.0007659199270692125
5.95 0.0007665454130881567
6.050000000000001 0.0007536111483771212
6.15 0.000753355081649296
6.25 0.0007584172772011059
6.3500000000000005 0.0007669432589491939
6.45 0.0007612000066282308
6.550000000000001 0.0007713882669180275
6.65 0.0007672426318666561
6.75 0.0007683183422441783
6.8500000000000005 0.0007574284466160227
6.95 0.000760586351021918
7.050000000000001 0.0007569435490250102
7.15 0.0007582953704107516
7.25 0.0007696467164242421
7.3500000000000005 0.0007496250553069829
7.45 0.0007543090388166624
7.550000000000001 0.0007699101787128549
7.65 0.000762759912751039
7.75 0.0007786540239827323
7.8500000000000005 0.0007417263514370201
7.95 0.0007486162561787286
8.05 0.0007715819060110916
8.15 0.0007582240863158674
8.25 0.0007572068550624687
8.35 0.0007528083788810604
8.450000000000001 0.0007615960814424512
8.55 0.0007642260178051948
8.65 0.0007662292426421353
8.75 0.0007702606784873322
8.85 0.0007645948041362776
8.950000000000001 0.000756388995255902
9.05 0.0007619994321919893
9.15 0.0007750350234498254
9.25 0.000758277776638115
9.35 0.0007722623079526247
9.450000000000001 0.0007545463441126073
9.55 0.0007532589880045063
9.65 0.0007514132047912587
9.75 0.0007661442620272073
9.850000000000001 0.0007555513818766399
9.950000000000001 0.0007677221744596778
