# k values and corresponding S(k) [pure estimator]
0.0 15.308307478041366
0.3141592653589793 0.8693820890456242
0.6283185307179586 0.9273846223986919
0.9424777960769379 0.9842079529086863
1.2566370614359172 0.9884742686417165
1.5707963267948966 0.9629620374148731
1.8849555921538759 1.0155844383661523
2.199114857512855 1.0085178784067832
2.5132741228718345 0.9810033338961718
2.827433388230814 1.0192434423106103
3.141592653589793 1.0001406344822734
3.4557519189487724 0.9763143635533712
3.7699111843077517 0.9447097508152176
4.084070449666731 0.9554643800532324
4.39822971502571 1.0049194847197762
4.71238898038469 1.02639150906579
5.026548245743669 0.9795707226685227
5.340707511102648 0.9685287872518547
5.654866776461628 0.9754115540706846
5.969026041820607 0.972936811170219
6.283185307179586 0.9718580893586117
6.5973445725385655 0.9572445964993248
6.911503837897545 0.9706430998543191
7.225663103256524 0.9962295772048674
7.5398223686155035 0.998404187481447
7.853981633974483 1.0062569852511525
8.168140899333462 0.9622063416884461
8.482300164692441 0.970888694137472
8.79645943005142 0.9854976786820311
9.1106186954104 0.9734583371023772
9.42477796076938 0.9542750981797654
9.738937226128359 0.9850184455785425
10.053096491487338 0.9318199009224161
10.367255756846317 0.9930050880389956
10.681415022205297 1.004004513963972
10.995574287564276 0.9806466615263802
11.309733552923255 0.9385749267597915
11.623892818282235 0.9687596650468524
11.938052083641214 0.945247200604356
12.252211349000193 0.9894209361140411
12.566370614359172 0.9616419283732772
12.880529879718152 1.0250478638196838
13.194689145077131 0.9861094614940964
13.50884841043611 0.9589549655394827
13.82300767579509 0.9919168318436347
14.137166941154069 0.9934607773912097
14.451326206513048 0.9751084954521635
14.765485471872028 1.001698867501646
15.079644737231007 1.010489175601866
15.393804002589986 0.9966986276731998
15.707963267948966 0.9951415668603829
16.022122533307943 0.9495404009719334
16.336281798666924 0.9806351857853596
16.650441064025905 0.9639139355773492
16.964600329384883 0.9756104425248914
17.27875959474386 1.0016880729766477
17.59291886010284 0.999451914370246
17.907078125461823 1.0274023074967114
18.2212373908208 0.9881582256879072
18.535396656179778 0.9749089593001926
18.84955592153876 0.9955448443154085
19.16371518689774 1.0068491815310616
19.477874452256717 1.0174922256835286
19.792033717615695 0.9650551591750474
20.106192982974676 0.989960473723869
20.420352248333657 0.9991537674695716
20.734511513692635 1.0215301953779354
21.048670779051612 1.023811835795878
21.362830044410593 0.9698637026035106
21.676989309769574 0.9791480296654291
21.991148575128552 0.9636932138207734
22.30530784048753 1.0021532667262398
22.61946710584651 0.9630135793095025
22.93362637120549 0.9415174235286196
23.24778563656447 1.0017848068518533
