# P_value  count
-1.0 4371.0
-0.9333333333333333 19292.0
-0.8666666666666667 35097.0
-0.8 39786.0
-0.7333333333333333 36803.0
-0.6666666666666666 30000.0
-0.6 19235.0
-0.5333333333333333 9760.0
-0.4666666666666667 5576.0
-0.4 2598.0
-0.3333333333333333 1361.0
-0.26666666666666666 785.0
-0.2 504.0
-0.13333333333333333 205.0
-0.06666666666666667 146.0
0.0 1035.0
0.06666666666666667 26.0
0.13333333333333333 24.0
0.2 47.0
0.26666666666666666 45.0
0.3333333333333333 64.0
0.4 10.0
0.4666666666666667 91.0
0.5333333333333333 44.0
0.6 37.0
0.6666666666666666 41.0
0.7333333333333333 43.0
0.8 2.0
0.8666666666666667 3.0
0.9333333333333333 0.0
1.0 0.0
