# block  <P^2>
1 0.0
2 0.31788211788212334
3 0.5158444444444392
4 0.5605505605505673
5 0.6484088888888864
6 0.7371466666666705
7 0.5314247580914234
8 0.5751733333333386
9 0.7718133333333305
10 0.611035555555562
11 0.5942444444444533
12 0.4992815037259432
13 0.5362933333333324
14 0.6107466666666685
15 0.5967333333333379
16 0.6841066666666734
17 0.6255422222222266
18 0.49918807696585094
19 0.504088888888891
20 0.40317777777777947
21 0.6475199999999982
22 0.48507362784471164
23 0.4277244444444495
24 0.6660355555555568
25 0.6117288888888841
26 0.5193473193473247
27 0.5776933333333346
28 0.679240000000013
29 0.5505250305250328
30 0.6647688888888903
31 0.6057777777777796
32 0.5318074961188717
33 0.45549333333333303
34 0.5515990241738705
35 0.5297333333333347
36 0.5412000000000048
37 0.6691377777777762
38 0.5575333333333388
39 0.6178890001112308
40 0.6345688888888847
41 0.4573333333333369
42 0.48311244311243967
43 0.6525688888888966
44 0.5163822222222203
45 0.590328888888891
46 0.5608799999999987
47 0.4883911111111097
48 0.4857453657453666
49 0.3949339549339607
50 0.5355688888888919
51 0.4568711111111107
52 0.5489843489843436
53 0.5648755555555539
54 0.3822222222222276
55 0.5442933333333352
56 0.638226666666668
57 0.7815911111111111
58 0.7830666666666661
59 0.44876
60 0.4233511111111079
61 0.6774266666666666
62 0.6071244444444379
63 0.5940799999999988
64 0.414084444444449
65 0.6290355555555563
66 0.6793200000000046
67 0.5420044444444387
68 0.5666355555555628
69 0.5358152958152901
70 0.5001911111111147
71 0.5231155555555621
72 0.7852133333333297
73 0.6825219225219235
74 0.6346301857413047
75 0.4642488888888872
76 0.5815237459681889
77 0.5667377777777832
78 0.6335155555555566
79 0.49122666666666165
80 0.41080888888889144
81 0.5865066666666745
82 0.43503555555556184
83 0.4707199999999961
84 0.6117377777777693
85 0.6191111111111133
86 0.5687600000000017
87 0.590059880239521
88 0.7638705372038715
89 0.5146257368479586
90 0.49687020353686884
91 0.44119023737880647
92 0.5122133333333345
93 0.41878222222222483
94 0.892738372738364
95 0.5917600000000022
96 0.6792755555555604
97 0.5693955555555469
98 0.6203466666666669
99 0.5372444444444443
100 0.7904666666666709
101 0.5720800000000036
102 0.5147466666666652
103 0.49866222222222184
104 0.4453155555555597
105 0.49945777777778344
106 0.4604088888888851
107 0.6197155555555496
108 0.3845066666666641
109 0.4840217995773561
110 0.674480000000001
111 0.5002755555555551
112 0.6484355555555602
113 0.6388444444444498
114 0.5128622222222242
115 0.718244444444442
116 0.8220711111111095
117 0.4280755555555557
118 0.5119866666666617
119 0.44923555555555444
120 0.4293795093795033
121 0.5982177777777793
122 0.7434666666666647
123 0.5438206238206267
124 0.5640400000000005
125 0.5233377777777753
126 0.6529644444444446
127 0.7141214341214296
128 0.6810266666666682
129 0.4341911111111188
130 0.5301288888888835
131 0.4474977777777763
132 0.562586666666669
133 0.61746190635079
134 0.5650172050172121
135 0.4162177777777806
136 0.46018666666667024
137 0.7223822222222265
138 0.5310488888888851
139 0.4646533333333375
140 0.595293333333336
141 0.580177777777777
142 0.5092399999999933
143 0.589419469419468
144 0.7785333333333324
145 0.6052933333333408
146 0.7015955555555591
147 0.6428399999999999
148 0.6253911111111169
149 0.47561771561771393
150 0.6734711111111086
151 0.6144488888888909
152 0.550800000000007
153 0.575986666666668
154 0.5227288888888953
155 0.7958355555555506
156 0.6620577777777797
157 0.5181511111111158
158 0.530840000000004
159 0.7635644444444443
160 0.6164977777777781
161 0.47948888888889313
162 0.477120000000002
163 0.6055688888888856
164 0.48773333333333213
165 0.764097777777783
166 0.6331333333333358
167 0.6745777777777772
168 0.6839991093297745
169 0.7824755555555551
170 0.5277511111111106
171 0.5814622222222293
172 0.48961777777777565
173 0.6698981850376293
174 0.5760400000000032
175 0.5920834720834797
176 0.42598666666667045
177 0.596995555555548
178 0.7320088888888885
179 0.5809542876209588
180 0.52141919697475
181 0.7045310245310208
182 0.5254543432321298
183 0.6750622222222205
184 0.4884711111111086
185 0.41336888888889184
186 0.6108266666666637
187 0.5367432567432576
188 0.575168888888891
189 0.5988088888888837
190 0.5878577777777714
191 0.5457288888888895
192 0.6469466666666659
193 0.55892888888889
194 0.4916827939050137
195 0.577359999999998
196 0.6432400000000025
197 0.5475235875235851
198 0.6396044444444424
199 0.6232933333333314
200 0.5234799999999965
201 0.4707688888888887
202 0.5285733333333347
203 0.5360461760461748
204 0.49012123234345367
205 0.4969511111111051
206 0.608302222222217
207 0.47241908575242086
208 0.5313066666666699
