block_size         error    difference      rel_diff
-------------------------------------------------------
       2  6.059933e-07  2.510035e-07  4.142018e-01
       4  8.569968e-07  3.549627e-07  4.141938e-01
       8  1.211960e-06  5.019642e-07  4.141757e-01
      16  1.713924e-06  7.098077e-07  4.141420e-01
      32  2.423731e-06  1.003630e-06  4.140849e-01
      64  3.427362e-06  1.418781e-06  4.139571e-01
     128  4.846143e-06  2.005165e-06  4.137651e-01
     256  6.851308e-06  2.832155e-06  4.133743e-01
     512  9.683462e-06  3.995280e-06  4.125879e-01
    1024  1.367874e-05  5.622237e-06  4.110200e-01
    2048  1.930098e-05  7.842448e-06  4.063239e-01
    4096  2.714343e-05  1.067619e-05  3.933251e-01
    8192  3.781962e-05  1.362563e-05  3.602795e-01
   16384  5.144525e-05  1.501074e-05  2.917810e-01
   32768  6.645599e-05  1.249895e-05  1.880786e-01
   65536  7.895495e-05  5.401224e-07  6.840894e-03
  131072  7.949507e-05           ---           ---
