# r  Cs(r) [pure estimator]
0.05 8.986563357543509e-7
0.15000000000000002 3.4862438292808624e-6
0.25 -1.7969687197233683e-6
0.35000000000000003 4.207100599299577e-6
0.45 2.9920130422513447e-6
0.55 3.614961654299277e-6
0.65 3.966962522718991e-7
0.75 6.0640221269433456e-6
0.8500000000000001 4.783121674065699e-6
0.9500000000000001 5.199492459817182e-6
1.05 1.7908618868769318e-6
1.1500000000000001 3.101423788628376e-6
1.25 4.346129936070469e-6
1.35 7.435531092559017e-6
1.4500000000000002 -2.990055370339044e-6
1.55 2.423061743255943e-6
1.6500000000000001 -8.552423676351915e-7
1.75 4.6794212282931e-6
1.85 1.7567539621120156e-6
1.9500000000000002 3.8429538913438835e-6
2.0500000000000003 -2.510887838746736e-6
2.15 -1.9237127524342446e-6
2.25 3.4778980851133355e-6
2.35 8.365996710872279e-8
2.45 1.3805828195459345e-6
2.5500000000000003 8.699433041329529e-7
2.6500000000000004 -2.09527597649011e-6
2.75 -2.639598975496927e-7
2.85 3.996651686562553e-6
2.95 3.2018312835802113e-6
3.0500000000000003 3.3115579050870346e-6
3.1500000000000004 -7.430375624696435e-7
3.25 1.5225128535503735e-8
3.35 6.256540962238944e-6
3.45 5.542938257250983e-6
3.5500000000000003 2.961455167781072e-6
3.6500000000000004 6.095415021284921e-7
3.75 1.7772335737303777e-6
3.85 3.7566254980739063e-6
3.95 1.3375758631514579e-6
4.05 3.2198529824800045e-6
4.15 2.217188541407372e-6
4.25 3.0930189312543373e-6
4.3500000000000005 -2.1034670267445655e-7
4.45 9.42698259117574e-7
4.55 1.6312313999994241e-6
4.65 3.373014949027841e-6
4.75 4.76905638666815e-6
4.8500000000000005 2.4581505552286052e-6
4.95 2.059559692403396e-6
5.050000000000001 2.8080930854899515e-6
5.15 1.9750159176008515e-6
5.25 1.2289991593646875e-6
5.3500000000000005 5.579843016060017e-7
5.45 1.9101037771885146e-6
5.550000000000001 1.2150221340115394e-6
5.65 2.4921974387863814e-6
5.75 9.193865678401559e-7
5.8500000000000005 4.07120535004536e-6
5.95 7.845562337702572e-7
6.050000000000001 1.437360863292261e-6
6.15 3.0413510208715008e-6
6.25 1.4804185052767025e-6
6.3500000000000005 4.985522112938701e-6
6.45 2.84834700304231e-6
6.550000000000001 -3.6446953856812247e-6
6.65 -4.36585099053097e-6
6.75 4.254057855489738e-6
6.8500000000000005 2.646201109706245e-6
6.95 1.2979382252545355e-6
7.050000000000001 2.4643920907831772e-6
7.15 -4.3000599043259697e-7
7.25 -9.726755156295e-7
7.3500000000000005 5.00591142472415e-6
7.45 1.3209364621120595e-6
7.550000000000001 1.527107790832349e-6
7.65 9.168305013714201e-7
7.75 2.728363540611198e-6
7.8500000000000005 8.130385033120708e-7
7.95 1.3079823027014013e-6
8.05 2.234666711113977e-6
8.15 4.274874623442354e-6
8.25 1.2831986248408728e-6
8.35 2.4912304613776346e-6
8.450000000000001 2.223676730570938e-6
8.55 1.7518872986173119e-6
8.65 -1.1648846557161886e-6
8.75 1.395298001162464e-6
8.85 -1.590392898616657e-6
8.950000000000001 -1.1252516229522437e-6
9.05 2.084337347639669e-6
9.15 1.1252020281699807e-6
9.25 5.071820139973231e-7
9.35 1.6803473188298396e-6
9.450000000000001 2.2630732880136293e-6
9.55 3.088802407899592e-6
9.65 6.783207835298223e-7
9.75 1.258096640597942e-6
9.850000000000001 9.489373059197847e-7
9.950000000000001 -1.0831052859819175e-6
