block_size         error    difference      rel_diff
-------------------------------------------------------
       2  1.410176e-08  5.809249e-09  4.119520e-01
       4  1.991101e-08  8.167257e-09  4.101879e-01
       8  2.807827e-08  1.141758e-08  4.066341e-01
      16  3.949585e-08  1.579112e-08  3.998172e-01
      32  5.528697e-08  2.142190e-08  3.874675e-01
      64  7.670887e-08  2.806827e-08  3.659065e-01
     128  1.047771e-07  3.445328e-08  3.288244e-01
     256  1.392304e-07  3.772690e-08  2.709674e-01
     512  1.769573e-07  3.458670e-08  1.954522e-01
    1024  2.115440e-07  2.188140e-08  1.034366e-01
    2048  2.334254e-07  1.446472e-08  6.196719e-02
    4096  2.478901e-07  7.126538e-10  2.874877e-03
    8192  2.486028e-07  -2.236540e-09  8.996438e-03
   16384  2.463663e-07  -1.802702e-09  7.317163e-03
   32768  2.445636e-07  6.423860e-09  2.626663e-02
   65536  2.509874e-07  -8.894641e-09  3.543859e-02
  131072  2.420928e-07           ---           ---
