block_size         error    difference      rel_diff
-------------------------------------------------------
       2  8.039684e-08  3.324453e-08  4.135054e-01
       4  1.136414e-07  4.693039e-08  4.129693e-01
       8  1.605718e-07  6.613324e-08  4.118610e-01
      16  2.267050e-07  9.288282e-08  4.097079e-01
      32  3.195878e-07  1.296291e-07  4.056134e-01
      64  4.492169e-07  1.787822e-07  3.979863e-01
     128  6.279991e-07  2.414804e-07  3.845234e-01
     256  8.694795e-07  3.123547e-07  3.592433e-01
     512  1.181834e-06  3.764161e-07  3.185016e-01
    1024  1.558250e-06  3.963160e-07  2.543340e-01
    2048  1.954566e-06  3.690914e-07  1.888354e-01
    4096  2.323658e-06  2.611947e-07  1.124067e-01
    8192  2.584852e-06  8.313046e-08  3.216062e-02
   16384  2.667983e-06  1.624607e-07  6.089270e-02
   32768  2.830444e-06  -2.460712e-07  8.693731e-02
   65536  2.584372e-06  -2.800941e-07  1.083799e-01
  131072  2.304278e-06           ---           ---
