# k  S_n(k)
0.0 80.0
0.07853981633974483 0.4634560121553562
0.15707963267948966 0.4906413355587446
0.23561944901923448 0.18664795318424254
0.3141592653589793 0.2837619582450217
0.39269908169872414 0.09245510161254843
0.47123889803846897 0.38937575842146543
0.5497787143782138 0.4606944657679367
0.6283185307179586 0.17088628961244307
0.7068583470577035 0.47578226323843265
0.7853981633974483 0.2377293010623957
0.8639379797371931 1.9296147784900552
0.9424777960769379 1.6335728346851306
1.0210176124166828 0.6075419489189741
1.0995574287564276 2.3550965032649764
1.1780972450961724 1.3789707151357278
1.2566370614359172 1.6078490825627407
1.335176877775662 0.5896998547296538
1.413716694115407 0.7583204585198053
1.4922565104551517 1.392259292897557
1.5707963267948966 0.4968852776268499
1.6493361431346414 0.7990990676117545
1.7278759594743862 1.0949447581697493
1.806415775814131 1.0461385343132104
1.8849555921538759 0.91066884325742
1.9634954084936207 1.4965320764032253
2.0420352248333655 0.6842150297696508
2.1205750411731104 0.9936454163662132
2.199114857512855 0.8911054431743071
2.2776546738526 1.1273374994927297
2.356194490192345 0.8129977811353823
2.4347343065320897 0.6370295562924917
2.5132741228718345 0.9493024844627436
2.5918139392115793 1.0795943172690567
2.670353755551324 1.119101059760297
2.748893571891069 0.8404552541633576
2.827433388230814 1.0300472445151314
2.9059732045705586 0.8450038973916318
2.9845130209103035 1.2314010432664235
3.0630528372500483 1.24460453963487
3.141592653589793 0.9192119093738503
3.220132469929538 1.0106140681589788
3.2986722862692828 1.0246971403723948
3.3772121026090276 0.8953319889054956
3.4557519189487724 0.8639351543983891
3.5342917352885173 0.8859981185685805
3.612831551628262 1.061171771952623
3.691371367968007 0.7125075525836662
3.7699111843077517 0.9927315527819714
3.8484510006474966 0.8779518129616094
3.9269908169872414 1.0774170483415106
4.005530633326986 0.9308316829826642
4.084070449666731 0.8927495800501124
4.162610266006476 0.8558755602263304
4.241150082346221 0.9068347233396867
4.319689898685965 0.9948751055149482
4.39822971502571 1.0057833044322415
4.476769531365456 0.943683184932151
4.5553093477052 0.7749502039036716
4.633849164044944 1.1370689296937084
4.71238898038469 0.9572215085482261
4.790928796724435 1.0869920219241545
4.869468613064179 1.1750666589788605
4.948008429403924 1.2363741893323126
5.026548245743669 0.9421531451397928
5.105088062083414 0.9363943057446806
5.183627878423159 1.0624405406853845
5.262167694762903 1.137073338472271
5.340707511102648 1.2094024904382739
5.419247327442394 0.9389456291921154
5.497787143782138 1.0320381990946876
5.576326960121882 0.8299547866076352
5.654866776461628 0.9105040558846963
5.733406592801373 0.9029001015697744
5.811946409141117 0.9107963307273921
5.890486225480862 1.078469406978417
5.969026041820607 0.8708955192170317
6.047565858160352 0.9311775783654423
6.126105674500097 0.8582513752976079
6.204645490839841 1.2324011607606338
6.283185307179586 0.8059111718506565
6.3617251235193315 1.0981303161958391
6.440264939859076 1.1434010599611883
6.51880475619882 0.8842912623095789
6.5973445725385655 1.1700617093825434
6.675884388878311 1.1424497877837172
6.754424205218055 0.8330218246308486
6.8329640215578 1.0092318230190382
6.911503837897545 0.9703155921575937
6.99004365423729 0.8265276154151119
7.0685834705770345 0.9507106094062026
7.147123286916779 0.9126097522557008
7.225663103256524 1.0803125630340535
7.304202919596269 1.0435733018756277
7.382742735936014 1.0857341670876235
7.461282552275758 1.0883980758870908
7.5398223686155035 0.8602937170847936
7.618362184955249 0.9618810664633125
7.696902001294993 0.8794528294177176
7.7754418176347375 0.9450797771784271
