# k  S_n(k)
0.0 60.0
0.10471975511965977 0.5678262583438436
0.20943951023931953 0.2980732979661462
0.3141592653589793 0.28717695188236203
0.41887902047863906 0.22726142766033633
0.5235987755982988 0.4569001471712929
0.6283185307179586 0.36305850199950035
0.7330382858376183 0.8600461194385929
0.8377580409572781 0.5578015459511284
0.9424777960769379 0.8238552082259217
1.0471975511965976 1.099511228053386
1.1519173063162573 0.7229270238681632
1.2566370614359172 1.49576096084446
1.361356816555577 1.3593395868027955
1.4660765716752366 1.2985730384855911
1.5707963267948966 0.41082640887607363
1.6755160819145563 0.5896217769086547
1.780235837034216 0.8712046549949162
1.8849555921538759 0.8966117997901215
1.9896753472735356 0.92669659765458
2.0943951023931953 0.9702150446992753
2.199114857512855 1.2967443457437595
2.3038346126325147 0.8834553070692813
2.4085543677521746 1.0595288020898017
2.5132741228718345 0.883540485059625
2.617993877991494 0.9710625492809376
2.722713633111154 1.2469935059923758
2.827433388230814 1.2503299813057023
2.9321531433504733 1.084864324418879
3.036872898470133 0.9516525653601087
3.141592653589793 0.9074230599734424
3.2463124087094526 1.093516682610971
3.3510321638291125 1.3844213995273562
3.4557519189487724 0.8703989335986347
3.560471674068432 0.8627514912785799
3.665191429188092 1.1103566280526955
3.7699111843077517 1.0444165658823261
3.874630939427411 1.0202067594812816
3.979350694547071 1.0858659418222965
4.084070449666731 1.0024543796271617
4.1887902047863905 1.0340820269752977
4.29350995990605 0.9100615994940553
4.39822971502571 0.8252671234900876
4.50294947014537 0.9495923701921395
4.607669225265029 0.9073442169813548
4.71238898038469 0.9149859612017052
4.817108735504349 1.1588786886123934
4.921828490624009 0.9819902685890763
5.026548245743669 0.9986037052511918
5.1312680008633285 1.0079532202092238
5.235987755982988 1.0117562510928226
5.340707511102648 1.2771015804031751
5.445427266222308 0.8924120057078344
5.550147021341967 0.9500659586825876
5.654866776461628 0.9874662958175844
5.759586531581287 0.9184769143211668
5.864306286700947 0.9517668714683728
5.969026041820607 1.0729332140527383
6.073745796940266 1.234327072874443
6.178465552059926 0.8702337233933254
6.283185307179586 1.1190838053812515
6.387905062299246 0.882801401269424
6.492624817418905 0.8485168551824328
6.5973445725385655 1.0433149246348858
6.702064327658225 1.0146380995215705
6.8067840827778845 1.0427591318121274
6.911503837897545 0.92960366057427
7.016223593017204 0.9112796145062182
7.120943348136864 1.0322633017138005
7.225663103256524 0.8440391396516506
7.330382858376184 0.8686597550270428
7.435102613495843 0.9242685659428703
7.5398223686155035 1.0125245756651482
7.644542123735163 0.9680400612316066
7.749261878854822 1.050777363124024
7.853981633974483 0.9258558097589367
7.958701389094142 0.9119048147900367
8.063421144213802 0.996879475456379
8.168140899333462 0.9420310243283061
8.27286065445312 1.0017504196367355
8.377580409572781 1.0550262889247992
8.482300164692441 1.1106270780788778
8.5870199198121 0.9000163623861218
8.69173967493176 1.0802607751541735
8.79645943005142 0.920386588220915
8.90117918517108 0.9423246460920323
9.00589894029074 1.0246208975219004
9.1106186954104 0.9323946961021358
9.215338450530059 1.0091151225185635
9.320058205649719 1.0130583039235377
9.42477796076938 0.87860820167989
9.529497715889038 1.0163189948615183
9.634217471008698 1.010907697078345
9.738937226128359 0.9449433967711874
9.843656981248017 1.0960690348592652
9.948376736367678 0.9496344661081648
10.053096491487338 0.8970346132260494
10.157816246606997 1.0507438162520972
10.262536001726657 0.9099015970599029
10.367255756846317 1.0235031122514777
