0.075 1.017816091954023
0.22499999999999998 1.021486590038314
0.375 1.0324367816091955
0.525 1.0224597701149425
0.6749999999999999 1.0467739463601533
0.825 1.0164827586206897
0.975 1.0062835249042146
1.125 1.0354942528735631
1.275 1.026015325670498
1.425 0.9853026819923372
1.575 0.9447586206896552
1.7249999999999999 0.9784061302681992
1.875 0.9143908045977012
2.025 0.908007662835249
2.175 0.9484367816091954
2.3249999999999997 0.933816091954023
2.475 0.9355172413793104
2.625 0.9102758620689655
2.775 0.9543218390804598
2.925 0.9686436781609196
3.0749999999999997 0.9680229885057471
3.225 0.9688429118773947
3.375 0.9342222222222222
3.525 0.9416781609195403
3.675 0.9516781609195403
3.8249999999999997 0.9559003831417624
3.9749999999999996 0.9470498084291188
4.125 0.9565900383141762
4.2749999999999995 0.9606436781609196
4.425 0.9473103448275862
4.575 0.9037931034482759
4.725 0.9285670498084291
4.875 0.9314176245210728
5.0249999999999995 0.931455938697318
5.175 0.9588045977011495
5.325 0.9448045977011494
5.475 0.952367816091954
5.625 0.9676475095785441
5.7749999999999995 0.9419157088122605
5.925 0.9463141762452107
6.075 0.9184214559386973
6.225 0.9051187739463602
6.375 0.9015555555555556
6.5249999999999995 0.9799310344827586
6.675 0.9748812260536398
6.825 0.9734329501915708
6.975 0.9541992337164751
7.125 0.9853026819923372
7.2749999999999995 1.045785440613027
7.425 1.0446283524904214
7.574999999999999 1.0573639846743295
7.725 1.076015325670498
7.875 1.0835555555555556
8.025 1.1200842911877396
8.174999999999999 1.1139386973180077
8.325 1.13744061302682
8.475 1.1236091954022989
8.625 1.1077088122605363
8.775 1.0776934865900383
8.924999999999999 1.0969578544061303
9.075 1.0916781609195403
9.225 1.0872413793103448
9.375 1.0959540229885056
9.525 1.1014176245210727
9.674999999999999 1.1229501915708813
9.825 1.1448888888888888
9.975 1.1308505747126436
10.125 1.1046590038314177
10.275 1.0752490421455938
10.424999999999999 1.062919540229885
10.575 1.05727969348659
10.725 1.0921072796934865
10.875 1.0798544061302682
11.025 1.0758773946360154
11.174999999999999 1.061432950191571
11.325 1.0657318007662835
11.475 1.0376781609195402
11.625 1.0291570881226053
11.775 1.0197777777777777
11.924999999999999 1.0119693486590038
12.075 0.9850727969348659
12.225 1.011478927203065
12.375 1.0220996168582375
12.525 0.9969731800766284
12.674999999999999 1.0051417624521073
12.825 1.001103448275862
12.975 0.9898314176245211
13.125 0.9822835249042146
13.275 0.971103448275862
13.424999999999999 0.9431264367816092
13.575 0.9691877394636015
13.725 0.9968965517241379
13.875 0.951287356321839
14.025 0.9053103448275862
14.174999999999999 0.9020766283524905
14.325 0.920007662835249
14.475 0.9236704980842911
14.625 0.9246436781609195
14.774999999999999 0.9058773946360154
14.924999999999999 0.9203754789272031
