block_size         error    difference      rel_diff
-------------------------------------------------------
       2  3.299061e-08  1.363578e-08  4.133231e-01
       4  4.662639e-08  1.924180e-08  4.126806e-01
       8  6.586819e-08  2.709729e-08  4.113865e-01
      16  9.296548e-08  3.801677e-08  4.089343e-01
      32  1.309823e-07  5.299631e-08  4.046068e-01
      64  1.839786e-07  7.305418e-08  3.970799e-01
     128  2.570327e-07  9.901149e-08  3.852096e-01
     256  3.560442e-07  1.314441e-07  3.691791e-01
     512  4.874883e-07  1.712103e-07  3.512091e-01
    1024  6.586986e-07  2.216010e-07  3.364225e-01
    2048  8.802997e-07  2.877027e-07  3.268236e-01
    4096  1.168002e-06  3.425291e-07  2.932606e-01
    8192  1.510531e-06  3.106546e-07  2.056591e-01
   16384  1.821186e-06  2.312696e-07  1.269885e-01
   32768  2.052456e-06  4.764706e-08  2.321466e-02
   65536  2.100103e-06  1.876014e-07  8.932961e-02
  131072  2.287704e-06           ---           ---
