# k  S_s(k)
0.0 0.0
0.07853981633974483 1.1275933000305367
0.15707963267948966 0.3249855517814722
0.23561944901923448 0.9067167358939779
0.3141592653589793 0.8799796575738034
0.39269908169872414 0.36971469008916263
0.47123889803846897 0.6555987900136198
0.5497787143782138 1.8460552819658376
0.6283185307179586 0.5113609969700222
0.7068583470577035 0.2803595715246971
0.7853981633974483 3.1486703097162914
0.8639379797371931 0.6487646309107786
0.9424777960769379 0.2485441666340268
1.0210176124166828 0.23419410860665554
1.0995574287564276 0.71355208477326
1.1780972450961724 1.2052924317417546
1.2566370614359172 0.6815295853533123
1.335176877775662 0.5236960368019239
1.413716694115407 2.2337158769353027
1.4922565104551517 0.7310545421621714
1.5707963267948966 1.2948091537906345
1.6493361431346414 0.7228199596845253
1.7278759594743862 0.5803643244204616
1.806415775814131 1.5910254595966709
1.8849555921538759 0.6338094325557037
1.9634954084936207 0.7257536532364361
2.0420352248333655 0.5561547692862412
2.1205750411731104 1.6109360869834
2.199114857512855 1.0855114691597099
2.2776546738526 0.6371659959031831
2.356194490192345 0.9252025188432147
2.4347343065320897 1.034540765617927
2.5132741228718345 1.069465151919181
2.5918139392115793 1.2953373280306901
2.670353755551324 1.479165715363331
2.748893571891069 1.0845276386513152
2.827433388230814 0.7668578812356512
2.9059732045705586 1.2463417013439195
2.9845130209103035 1.2392918175797876
3.0630528372500483 1.2099698458664478
3.141592653589793 0.8107833444831261
3.220132469929538 0.7502207930975309
3.2986722862692828 1.1536231374080865
3.3772121026090276 1.5349912670195058
3.4557519189487724 0.7186462033494156
3.5342917352885173 0.9753293203233094
3.612831551628262 0.8477706884540146
3.691371367968007 0.9025857287472999
3.7699111843077517 0.9597296413876503
3.8484510006474966 1.070646181455727
3.9269908169872414 0.9180519644665304
4.005530633326986 0.9977770580869045
4.084070449666731 0.9503833441815949
4.162610266006476 1.05601884849016
4.241150082346221 1.2392034177285103
4.319689898685965 1.1249960509073715
4.39822971502571 0.9609059543989061
4.476769531365456 1.2887754075883677
4.5553093477052 1.1524720869190537
4.633849164044944 0.8934025849535663
4.71238898038469 0.996679871310654
4.790928796724435 1.078050461156112
4.869468613064179 1.0480559746817861
4.948008429403924 0.952980339462868
5.026548245743669 1.3601179343202003
5.105088062083414 0.8604432950950028
5.183627878423159 0.9789479387063691
5.262167694762903 0.946706810843385
5.340707511102648 0.9861773780400542
5.419247327442394 1.161230608169459
5.497787143782138 0.9359228043442789
5.576326960121882 0.9514047560597158
5.654866776461628 0.8850984365220582
5.733406592801373 1.0655307607764375
5.811946409141117 1.0794961097652285
5.890486225480862 0.9701751354657924
5.969026041820607 0.9422491995526253
6.047565858160352 1.010062436666647
6.126105674500097 0.8424412354107916
6.204645490839841 0.8195067791781034
6.283185307179586 0.9698247890777937
6.3617251235193315 0.9778847382237459
6.440264939859076 1.0431640931282937
6.51880475619882 0.857898887105814
6.5973445725385655 1.0386720627306063
6.675884388878311 1.1931312860055312
6.754424205218055 1.0647123619101264
6.8329640215578 1.0324460880336503
6.911503837897545 0.9684967764603462
6.99004365423729 1.2171736450426953
7.0685834705770345 1.0560848332778143
7.147123286916779 1.110077710701706
7.225663103256524 0.9868286941624618
7.304202919596269 0.8915674156968137
7.382742735936014 1.065098291145304
7.461282552275758 1.1459839258995967
7.5398223686155035 0.8914436280193683
7.618362184955249 0.9971863262593483
7.696902001294993 1.098041277886006
7.7754418176347375 1.0495885067787225
