# P_value  count
-1.0 0.0
-0.96 0.0
-0.92 0.0
-0.88 0.0
-0.84 0.0
-0.8 0.0
-0.76 0.0
-0.72 0.0
-0.68 0.0
-0.64 1.0
-0.6 13.0
-0.56 22.0
-0.52 28.0
-0.48 55.0
-0.44 136.0
-0.4 115.0
-0.36 221.0
-0.32 221.0
-0.28 357.0
-0.24 423.0
-0.2 511.0
-0.16 553.0
-0.12 882.0
-0.08 878.0
-0.04 1085.0
0.0 2294.0
0.04 1873.0
0.08 2459.0
0.12 2892.0
0.16 4093.0
0.2 5098.0
0.24 6695.0
0.28 8435.0
0.32 11080.0
0.36 12989.0
0.4 15816.0
0.44 17076.0
0.48 18435.0
0.52 18412.0
0.56 17401.0
0.6 15752.0
0.64 12678.0
0.68 9784.0
0.72 6481.0
0.76 3301.0
0.8 2072.0
0.84 898.0
0.88 426.0
0.92 0.0
0.96 0.0
1.0 0.0
