# k values and corresponding S(k) [pure estimator]
0.0 0.93236701792009
0.12566370614359174 0.9620155273166062
0.25132741228718347 0.9779727913989875
0.3769911184307752 0.966117022619831
0.5026548245743669 0.967698897926213
0.6283185307179586 0.9777450134122795
0.7539822368615504 0.9764504696990133
0.8796459430051422 0.9769587012186938
1.0053096491487339 0.9722922232441532
1.1309733552923256 0.9619157575970734
1.2566370614359172 0.9722772821244828
1.3823007675795091 0.9493687653290285
1.5079644737231008 0.9827900475242125
1.6336281798666925 0.9547652595817164
1.7592918860102844 0.9726110163520931
1.884955592153876 0.9567396317660258
2.0106192982974678 0.9679844954256543
2.1362830044410597 0.9493369378565616
2.261946710584651 0.9858448565889197
2.387610416728243 0.9750546328635936
2.5132741228718345 0.9854016755984345
2.6389378290154264 0.9651839370574412
2.7646015351590183 0.9540967046982493
2.8902652413026098 0.9689274892297393
3.0159289474462017 0.9498093713166407
3.1415926535897936 0.9628810009259214
3.267256359733385 0.9707336111717921
3.392920065876977 0.9641103040520117
3.518583772020569 0.9825396016207328
3.6442474781641603 0.9763614226645145
3.769911184307752 0.9764946272467219
3.8955748904513436 0.9549425862791034
4.0212385965949355 0.9598630228751228
4.1469023027385274 0.9766007904408689
4.272566008882119 0.9596805714971883
4.39822971502571 0.9917700910598655
4.523893421169302 0.9964223983819054
4.649557127312894 1.000449250136842
4.775220833456486 0.9638245613104848
4.900884539600078 0.9859845705318151
5.026548245743669 0.991262515467335
5.152211951887261 0.9620942047470996
5.277875658030853 0.9882447814096984
5.403539364174445 0.9550812911556145
5.529203070318037 0.9671536662503638
5.6548667764616285 0.975964885491045
5.7805304826052195 0.9944642875824081
5.906194188748811 0.9918223217171741
6.031857894892403 0.9609451828279824
6.157521601035995 0.9559834951612535
6.283185307179587 0.9497423237324946
6.408849013323178 0.9676361290975087
6.53451271946677 0.9849937212391612
6.660176425610362 0.9753521714872259
6.785840131753954 0.9627268279023654
6.911503837897546 0.9876788998266929
7.037167544041138 0.9822825666465584
7.162831250184729 0.9543717472890938
7.288494956328321 0.9750603901238578
7.4141586624719125 0.9712292858240942
7.539822368615504 0.9717801646191305
7.665486074759096 0.9744432422259005
7.791149780902687 0.9760257694534272
7.916813487046279 0.9352920602963564
8.042477193189871 0.9461799235254014
8.168140899333462 0.985584396489939
8.293804605477055 0.9858313988544313
8.419468311620646 0.9634193467234948
8.545132017764239 0.9830603663088924
8.67079572390783 0.9479983888653557
8.79645943005142 0.9945568515679827
8.922123136195014 0.9420599261066245
9.047786842338605 0.9760730008826258
9.173450548482197 0.9707237538739937
9.299114254625788 0.9573096147120331
