0.125 0.8510666666666666
0.375 0.8605931972789116
0.625 0.8498448979591837
0.875 0.8760027210884354
1.125 0.8827537414965987
1.375 0.9325442176870749
1.625 1.0187401360544217
1.875 1.074239455782313
2.125 1.0448598639455782
2.375 1.0527238095238096
2.625 1.0380625850340135
2.875 1.006995918367347
3.125 0.9839428571428571
3.375 0.97698231292517
3.625 0.9481687074829932
3.875 0.9453251700680272
4.125 0.9769931972789115
4.375 1.0322721088435374
4.625 1.0532027210884354
4.875 1.0248897959183674
5.125 1.0393768707482993
5.375 1.0275755102040816
5.625 0.9977170068027211
5.875 0.9761333333333333
6.125 1.012895238095238
6.375 1.0029551020408163
6.625 1.03636462585034
6.875 1.0520489795918366
7.125 1.0183428571428572
7.375 0.988669387755102
7.625 0.9798476190476191
7.875 0.9778421768707483
8.125 0.9731809523809524
8.375 0.9945034013605443
8.625 1.0032326530612246
8.875 0.9815156462585034
9.125 0.9496761904761905
9.375 0.9361306122448979
9.625 0.9260408163265306
9.875 0.9076163265306122
10.125 0.9253768707482993
10.375 0.9581931972789116
10.625 0.9516054421768707
10.875 0.9330993197278912
11.125 0.9254884353741497
11.375 0.9060244897959183
11.625 0.9228353741496599
11.875 0.9744680272108843
12.125 1.0058176870748299
12.375 1.042209523809524
12.625 1.0507918367346938
12.875 1.0628789115646258
13.125 1.0526938775510204
13.375 1.0744707482993197
13.625 1.0600544217687076
13.875 1.0427972789115647
14.125 1.0164598639455782
14.375 1.0181469387755102
14.625 1.0372244897959184
14.875 1.0916707482993198
15.125 1.0047020408163265
15.375 1.0196707482993197
15.625 1.0297659863945579
15.875 0.9630585034013606
16.125 0.9449632653061224
16.375 0.946865306122449
16.625 0.9615183673469387
16.875 1.0205632653061225
17.125 1.0162503401360545
17.375 0.9891863945578231
17.625 0.9632299319727892
17.875 0.9944136054421768
18.125 1.0542448979591836
18.375 1.0487047619047618
18.625 1.0861224489795918
18.875 1.085148299319728
19.125 1.0618666666666667
19.375 1.0505904761904763
19.625 1.0164843537414967
19.875 1.01541768707483
20.125 0.990604081632653
20.375 0.9704462585034014
20.625 0.9965224489795919
20.875 0.9585034013605442
21.125 0.9918884353741496
21.375 1.0305034013605443
21.625 1.0607374149659865
21.875 1.046117006802721
22.125 1.0362666666666667
22.375 1.061521088435374
22.625 1.0471591836734695
22.875 1.0495074829931972
23.125 1.0893659863945577
23.375 1.0348244897959185
23.625 1.0048408163265306
23.875 1.033069387755102
24.125 1.0229224489795918
24.375 1.0274421768707482
24.625 1.0164761904761905
24.875 0.9943374149659864
