# k values and corresponding S(k) [pure estimator]
0.0 1.047567935495294
0.15707963267948966 0.9740860518259131
0.3141592653589793 0.9712479935229523
0.47123889803846897 0.9658473397421748
0.6283185307179586 0.9723188878375035
0.7853981633974483 0.9599721313136734
0.9424777960769379 0.964160139596103
1.0995574287564276 0.9658194654341055
1.2566370614359172 0.9715363153579498
1.413716694115407 0.9583335721305859
1.5707963267948966 0.9718802032471632
1.7278759594743862 0.9727817479498838
1.8849555921538759 0.971411767382156
2.0420352248333655 0.962702753990831
2.199114857512855 0.9698336856537786
2.356194490192345 0.9659227057857899
2.5132741228718345 0.9740361712984227
2.670353755551324 0.9665221365093677
2.827433388230814 0.9594946412641181
2.9845130209103035 0.964953000083372
3.141592653589793 0.9659949372029332
3.2986722862692828 0.9683342997267201
3.4557519189487724 0.9665340260407745
3.612831551628262 0.9652146817622438
3.7699111843077517 0.9707809957763937
3.9269908169872414 0.9655529460933009
4.084070449666731 0.9675994821591217
4.241150082346221 0.9694496943021963
4.39822971502571 0.9702292462787004
4.5553093477052 0.9698463145965197
4.71238898038469 0.9602611381832128
4.869468613064179 0.9797223755967435
5.026548245743669 0.9635612955709495
5.183627878423159 0.9660373754117364
5.340707511102648 0.9722599540529564
5.497787143782138 0.9703252991972086
5.654866776461628 0.9760546905722018
5.811946409141117 0.9685036346084814
5.969026041820607 0.97122641244183
6.126105674500097 0.9596835529823926
6.283185307179586 0.9618709553034087
6.440264939859076 0.9761662215530487
6.5973445725385655 0.9635270924148964
6.754424205218055 0.9725787154604414
6.911503837897545 0.9698775618681152
7.0685834705770345 0.9668278837280698
7.225663103256524 0.9734630980753531
7.382742735936014 0.9688752659228501
7.5398223686155035 0.967666122238495
7.696902001294993 0.9691181509912716
7.853981633974483 0.9655925142373393
8.011061266653972 0.9756226507863891
8.168140899333462 0.9747313435088143
8.325220532012953 0.97035532453629
8.482300164692441 0.9652923358519182
8.63937979737193 0.9664414403920994
8.79645943005142 0.9843105139701753
8.953539062730911 0.9685745886334912
9.1106186954104 0.9652645775275979
9.267698328089889 0.9703364766144603
9.42477796076938 0.9626216276672408
9.58185759344887 0.9741421515208025
9.738937226128359 0.978928093834165
9.896016858807847 0.9658794270588084
10.053096491487338 0.9567794351280069
10.210176124166829 0.9720931374129367
10.367255756846317 0.9663804346330286
10.524335389525806 0.9587161277029355
10.681415022205297 0.972498199738002
10.838494654884787 0.9737356100044472
10.995574287564276 0.974018295423969
11.152653920243765 0.9648873422263196
11.309733552923255 0.9714977621806964
11.466813185602746 0.9642981292198208
11.623892818282235 0.9778091699423261
