# k  S_s(k)
0.0 0.0
0.3141592653589793 1.395185478980819
0.6283185307179586 0.8484067854409902
0.9424777960769379 2.028522499373468
1.2566370614359172 0.641908749840342
1.5707963267948966 1.2681312778411664
1.8849555921538759 0.9549875655923454
2.199114857512855 1.0456371574454155
2.5132741228718345 0.9461754841609952
2.827433388230814 0.9877488736375658
3.141592653589793 0.8576166412871571
3.4557519189487724 1.0485097097690588
3.7699111843077517 0.9891972643122519
4.084070449666731 0.9766657206718586
4.39822971502571 1.0924284204368182
4.71238898038469 1.07782618359037
5.026548245743669 0.9746756138921204
5.340707511102648 0.9234602545361418
5.654866776461628 0.9740399521700192
5.969026041820607 0.9815109557673898
6.283185307179586 1.0101313408386807
6.5973445725385655 1.087416090319317
6.911503837897545 1.0051237713990486
7.225663103256524 1.0343129608812656
7.5398223686155035 0.9930056297789223
7.853981633974483 0.9714407453937672
8.168140899333462 1.0062872934472682
8.482300164692441 1.008625029828406
8.79645943005142 0.9930731213804471
9.1106186954104 1.032897662850521
9.42477796076938 0.9924100697768546
9.738937226128359 0.925315363046463
10.053096491487338 1.0297423436273276
10.367255756846317 1.0136330002364744
10.681415022205297 0.9800390329606852
10.995574287564276 0.960782985046684
11.309733552923255 1.0201362150392312
11.623892818282235 1.018645873109622
11.938052083641214 0.9881895848932697
12.252211349000193 0.9615596011141384
12.566370614359172 1.0130324464955305
12.880529879718152 0.981645934161034
13.194689145077131 0.9882888220384424
13.50884841043611 1.001262270188179
13.82300767579509 1.0044152677307028
14.137166941154069 1.0179949033982867
14.451326206513048 1.0089064808830974
14.765485471872028 0.9860080153832383
15.079644737231007 0.9951818763372313
15.393804002589986 1.0202576698317267
15.707963267948966 1.028340401966633
16.022122533307943 0.9513462917960089
16.336281798666924 0.9750095199701259
16.650441064025905 0.9886831869803298
16.964600329384883 0.9508074255198897
17.27875959474386 0.9730945691131764
17.59291886010284 1.0005079509138848
17.907078125461823 0.9482745339464256
18.2212373908208 0.944626362187448
18.535396656179778 0.9583205962378052
18.84955592153876 1.0171430975747326
19.16371518689774 0.968160617465733
19.477874452256717 0.9725162351726713
19.792033717615695 1.0072735685441936
20.106192982974676 1.038445845321913
20.420352248333657 0.9903716765505092
20.734511513692635 0.9930102358731241
21.048670779051612 1.0217558454373854
21.362830044410593 1.0249655910076083
21.676989309769574 1.0181822579819655
21.991148575128552 0.996863460371123
22.30530784048753 1.026065676099442
22.61946710584651 1.0200181551026364
22.93362637120549 1.0384278302697139
23.24778563656447 1.00073219318956
23.561944901923447 1.0142449892236134
23.876104167282428 1.0286228467533307
24.19026343264141 1.0410454672776512
24.504422698000386 0.9975811909360529
24.818581963359364 1.043162783335435
25.132741228718345 0.9756543006103233
25.446900494077326 0.983158215861496
25.761059759436304 1.019847691969694
26.07521902479528 1.0209600217556427
26.389378290154262 1.0059992922791177
26.703537555513243 0.9950837143851359
27.01769682087222 1.0139248992289511
27.3318560862312 0.9885605919581615
27.64601535159018 0.9676686146800118
27.96017461694916 1.0273388668572998
28.274333882308138 0.9630629498280836
28.588493147667116 1.0486302129593998
28.902652413026097 0.9858924782773842
29.216811678385078 1.0117567761483988
29.530970943744055 1.0363164744688065
29.845130209103033 0.995013118894798
30.159289474462014 0.98397934174131
30.473448739820995 0.9549024912551712
30.787608005179973 0.9788111459900078
31.10176727053895 1.001947052410073
