# k  S_s(k)
0.0 0.0
0.07853981633974483 1.1026703908872364
0.15707963267948966 0.2755200382182079
0.23561944901923448 0.7469966934148897
0.3141592653589793 1.085164456359247
0.39269908169872414 0.24795572106831826
0.47123889803846897 0.8256581403672562
0.5497787143782138 1.6846739785070146
0.6283185307179586 0.6576548640625461
0.7068583470577035 0.44927407446592843
0.7853981633974483 2.445313610195635
0.8639379797371931 0.4078336668900747
0.9424777960769379 0.2465643411899922
1.0210176124166828 0.27008911221270354
1.0995574287564276 0.6457752762103383
1.1780972450961724 1.2481890427462647
1.2566370614359172 0.6624849905961955
1.335176877775662 0.6792855429848569
1.413716694115407 1.386133709255924
1.4922565104551517 0.9992646298264956
1.5707963267948966 1.4832795111216568
1.6493361431346414 0.6269318960189907
1.7278759594743862 0.6917910632898184
1.806415775814131 1.7258146720820324
1.8849555921538759 0.5553316731734937
1.9634954084936207 0.7037343117988187
2.0420352248333655 0.5782229185949597
2.1205750411731104 1.6066832602513963
2.199114857512855 0.9984722532253548
2.2776546738526 0.9444668021477843
2.356194490192345 0.6769361967167096
2.4347343065320897 1.0922045532181668
2.5132741228718345 0.8575466671163843
2.5918139392115793 0.9882770802684681
2.670353755551324 1.0131719850343022
2.748893571891069 1.3584474304143404
2.827433388230814 0.7159774033441912
2.9059732045705586 0.8687057382133228
2.9845130209103035 1.2836288852697852
3.0630528372500483 0.9469168098029543
3.141592653589793 0.8386842566984357
3.220132469929538 1.1822321004629694
3.2986722862692828 0.7404176412686128
3.3772121026090276 1.327899484721784
3.4557519189487724 1.1990256189161743
3.5342917352885173 1.1779533251668035
3.612831551628262 0.8576628688546143
3.691371367968007 0.7728377219935744
3.7699111843077517 0.8940092039182037
3.8484510006474966 1.0662468457285252
3.9269908169872414 1.060946900305419
4.005530633326986 1.0822880817502303
4.084070449666731 1.1970246181003796
4.162610266006476 0.9736062798537217
4.241150082346221 0.8645932538929507
4.319689898685965 0.9217054520793884
4.39822971502571 0.8893098070754428
4.476769531365456 0.8407778873492959
4.5553093477052 1.1371911773849086
4.633849164044944 0.9229671836746305
4.71238898038469 1.0176262921790438
4.790928796724435 1.1090229860470742
4.869468613064179 1.1354421359809959
4.948008429403924 1.3144070274424504
5.026548245743669 0.9963607054557699
5.105088062083414 0.9277119242922088
5.183627878423159 0.8647548577545797
5.262167694762903 1.0775586857987105
5.340707511102648 0.9953665528949523
5.419247327442394 1.072556210213635
5.497787143782138 1.0387287759579544
5.576326960121882 1.0010712500151344
5.654866776461628 0.8571658733180484
5.733406592801373 0.9316304961374443
5.811946409141117 0.9628853219673895
5.890486225480862 0.9778179296927807
5.969026041820607 0.8020221471099367
6.047565858160352 1.0065620136981484
6.126105674500097 0.9963854006617887
6.204645490839841 0.8388555989912277
6.283185307179586 0.9581063373706215
6.3617251235193315 1.0234797402740383
6.440264939859076 0.8853142974539114
6.51880475619882 1.1802823260503432
6.5973445725385655 1.0801080342104095
6.675884388878311 0.9171197961294325
6.754424205218055 0.9760803239157442
6.8329640215578 0.8678011980629199
6.911503837897545 0.9790071357358695
6.99004365423729 0.9040443198430959
7.0685834705770345 0.9409503778000144
7.147123286916779 0.925674010481829
7.225663103256524 0.944678229387555
7.304202919596269 0.9002721984310225
7.382742735936014 0.9934388862599113
7.461282552275758 1.0462909860923935
7.5398223686155035 1.053964007126848
7.618362184955249 1.0408338556130634
7.696902001294993 0.9136222622572535
7.7754418176347375 1.0948673450982052
