# P_value  count
-1.0 0.0
-0.9666666666666667 0.0
-0.9333333333333333 0.0
-0.9 0.0
-0.8666666666666667 0.0
-0.8333333333333334 0.0
-0.8 0.0
-0.7666666666666667 0.0
-0.7333333333333333 0.0
-0.7 0.0
-0.6666666666666666 0.0
-0.6333333333333333 0.0
-0.6 0.0
-0.5666666666666667 0.0
-0.5333333333333333 1.0
-0.5 68.0
-0.4666666666666667 122.0
-0.43333333333333335 181.0
-0.4 366.0
-0.36666666666666664 640.0
-0.3333333333333333 1334.0
-0.3 2367.0
-0.26666666666666666 3521.0
-0.23333333333333334 5237.0
-0.2 7434.0
-0.16666666666666666 10348.0
-0.13333333333333333 12536.0
-0.1 15190.0
-0.06666666666666667 16158.0
-0.03333333333333333 17912.0
0.0 19534.0
0.03333333333333333 18586.0
0.06666666666666667 17282.0
0.1 14486.0
0.13333333333333333 12353.0
0.16666666666666666 9276.0
0.2 7089.0
0.23333333333333334 5163.0
0.26666666666666666 3364.0
0.3 2345.0
0.3333333333333333 1225.0
0.36666666666666664 902.0
0.4 341.0
0.43333333333333335 263.0
0.4666666666666667 134.0
0.5 25.0
0.5333333333333333 12.0
0.5666666666666667 0.0
0.6 0.0
0.6333333333333333 0.0
0.6666666666666666 0.0
0.7 0.0
0.7333333333333333 0.0
0.7666666666666667 0.0
0.8 0.0
0.8333333333333334 0.0
0.8666666666666667 0.0
0.9 0.0
0.9333333333333333 0.0
0.9666666666666667 0.0
1.0 0.0
