# block  <P^2>
1 0.0
2 0.029321111111111298
3 0.045263333333333246
4 0.04489044600155694
5 0.036995884773662356
6 0.049161111111111044
7 0.045403333333333205
8 0.03374333333333354
9 0.040844177510844126
10 0.042451111111111245
11 0.03335555555555546
12 0.04519444444444455
13 0.05059444444444449
14 0.03409333333333334
15 0.034302222222222456
16 0.044850405961516696
17 0.04425536647758847
18 0.03207763318874434
19 0.03863111111111116
20 0.04836444444444434
21 0.03853222222222243
22 0.04211444444444427
23 0.06653777777777808
24 0.03371816260705154
25 0.04249694138583019
26 0.03223333333333345
27 0.043495393495393594
28 0.04304000000000018
29 0.04044266488710946
30 0.04782999999999972
31 0.04069958847736607
32 0.0390288888888887
33 0.0403511111111111
34 0.05513153513153512
35 0.03868333333333334
36 0.03710666666666676
37 0.045396507618729875
38 0.05599666666666664
39 0.03147444444444452
40 0.05279666666666682
41 0.03199111111111123
42 0.04388333333333331
43 0.04739964515413629
44 0.042953712953713065
45 0.04726837949060178
46 0.041982222222222046
47 0.05038666666666663
48 0.03900999999999992
49 0.043794717485790766
50 0.04070999999999985
51 0.055386666666666654
52 0.03344877344877373
53 0.03741222222222229
54 0.033086666666666716
55 0.03458236013791571
56 0.03497227766688872
57 0.05334444444444454
58 0.04751555555555527
59 0.05775444444444428
60 0.03699999999999991
61 0.03176555555555585
62 0.03695333333333355
63 0.04716666666666646
64 0.04265999999999993
65 0.03812111111111119
66 0.04774447774447786
67 0.058911111111111095
68 0.056352222222222303
69 0.045881111111111365
70 0.03918496340652042
71 0.027522222222222475
72 0.04474444444444423
73 0.029263333333333433
74 0.04866333333333336
75 0.030158730158730294
76 0.04840000000000011
77 0.03812888888888897
78 0.04476222222222205
79 0.02860666666666677
80 0.036425555555555586
81 0.0350460650460652
82 0.042883333333333114
83 0.03851444444444442
84 0.03106555555555569
85 0.04034666666666667
86 0.034888888888888976
87 0.040097777777777815
88 0.03391555555555577
89 0.0268411111111113
90 0.03590777777777788
91 0.04510555555555533
92 0.04140028917806711
93 0.04565333333333294
94 0.027791111111111235
95 0.037980907980908175
96 0.05573777777777767
97 0.03861444444444428
98 0.03638777777777775
99 0.04010777777777771
100 0.0367665667665668
101 0.04145632145632128
102 0.049088888888888724
103 0.046025555555555576
104 0.04021111111111124
105 0.0331944444444444
106 0.032757777777777775
107 0.039365555555555785
108 0.04357888888888874
109 0.04006555555555534
110 0.03921254587921265
111 0.040981240981240855
112 0.047683333333332883
113 0.03886000000000006
114 0.03325444444444458
115 0.0557611111111107
116 0.0324111111111113
117 0.04907666666666633
118 0.0333700000000001
119 0.040018907796685495
120 0.044375555555555536
121 0.04218666666666674
122 0.04521444444444443
123 0.032370000000000176
124 0.03129555555555568
125 0.04743478743478728
126 0.05207333333333335
127 0.0374588888888889
128 0.04661444444444436
129 0.03585222222222214
130 0.04377888888888887
131 0.025578912245578875
132 0.03113333333333348
133 0.04636999999999982
134 0.03651985318651993
135 0.03129777777777806
136 0.039611111111111284
137 0.038374444444444246
138 0.04008111111111112
139 0.02950000000000012
140 0.03923555555555542
141 0.03873317762206657
142 0.027621111111111343
143 0.031370000000000106
144 0.04663888888888871
145 0.05573093573093518
146 0.03965222222222225
147 0.035108888888888856
148 0.028994444444444677
149 0.04326777777777784
150 0.04763666666666701
151 0.03945942945942966
152 0.04036777777777769
153 0.03948555555555556
154 0.03659888888888909
155 0.05354000000000005
156 0.03964111111111109
157 0.07066777777777784
158 0.05742222222222189
159 0.039714444444444566
160 0.050393333333333235
161 0.04523777777777756
162 0.032833333333333596
163 0.03847222222222225
164 0.04555777555777534
165 0.041731111111111184
166 0.04095222222222227
167 0.027499721944166586
168 0.039997777777777764
169 0.043451111111110816
170 0.041424444444444444
171 0.038190000000000106
172 0.05080555555555533
173 0.04278222222222201
174 0.04497777777777767
175 0.03023555555555578
176 0.04487777777777771
177 0.036917777777777744
178 0.04627000000000024
179 0.04900888888888889
180 0.06105999999999982
181 0.03187298409520646
182 0.034810000000000105
183 0.038407777777777874
184 0.046841285730174605
185 0.03483294483294472
186 0.0378955555555554
187 0.03930888888888905
188 0.0418570318570319
189 0.04945831945831915
190 0.03729444444444459
191 0.047663218774329996
192 0.05567555555555604
193 0.05411777777777765
194 0.04149777777777748
195 0.030788888888888977
196 0.042638888888889
197 0.045726837949060156
198 0.034053333333333276
199 0.03873126873126874
200 0.029438888888889066
201 0.03758666666666669
202 0.04957735513291057
203 0.02960222222222226
204 0.028931111111111314
205 0.03037704371037724
206 0.03997886775664553
207 0.04640111111111099
208 0.049853333333333257
