block_size         error    difference      rel_diff
-------------------------------------------------------
       2  1.054266e-07  4.360757e-08  4.136294e-01
       4  1.490342e-07  6.158209e-08  4.132077e-01
       8  2.106163e-07  8.684399e-08  4.123327e-01
      16  2.974603e-07  1.221520e-07  4.106496e-01
      32  4.196123e-07  1.709299e-07  4.073520e-01
      64  5.905422e-07  2.370324e-07  4.013810e-01
     128  8.275746e-07  3.233392e-07  3.907070e-01
     256  1.150914e-06  4.274422e-07  3.713938e-01
     512  1.578356e-06  5.369878e-07  3.402197e-01
    1024  2.115344e-06  6.118067e-07  2.892233e-01
    2048  2.727150e-06  5.855061e-07  2.146952e-01
    4096  3.312657e-06  4.894000e-07  1.477364e-01
    8192  3.802057e-06  2.447446e-07  6.437163e-02
   16384  4.046801e-06  3.151186e-07  7.786857e-02
   32768  4.361920e-06  -8.028523e-08  1.840594e-02
   65536  4.281635e-06  6.501864e-08  1.518547e-02
  131072  4.346653e-06           ---           ---
