block_size         error    difference      rel_diff
-------------------------------------------------------
       2  6.862267e-07  2.842368e-07  4.142024e-01
       4  9.704635e-07  4.019609e-07  4.141947e-01
       8  1.372424e-06  5.684289e-07  4.141787e-01
      16  1.940853e-06  8.037996e-07  4.141476e-01
      32  2.744653e-06  1.136529e-06  4.140884e-01
      64  3.881182e-06  1.606723e-06  4.139777e-01
     128  5.487904e-06  2.270762e-06  4.137759e-01
     256  7.758667e-06  3.207629e-06  4.134252e-01
     512  1.096630e-05  4.526103e-06  4.127285e-01
    1024  1.549240e-05  6.375005e-06  4.114924e-01
    2048  2.186740e-05  8.931314e-06  4.084305e-01
    4096  3.079872e-05  1.225648e-05  3.979544e-01
    8192  4.305520e-05  1.587975e-05  3.688230e-01
   16384  5.893495e-05  1.906228e-05  3.234461e-01
   32768  7.799723e-05  1.338381e-05  1.715934e-01
   65536  9.138104e-05  1.268380e-05  1.388012e-01
  131072  1.040648e-04           ---           ---
