# k values and corresponding S(k) [pure estimator]
0.0 22.456962905087348
0.15707963267948966 0.7803910248137379
0.3141592653589793 0.8937857152718353
0.47123889803846897 0.9360224305811554
0.6283185307179586 0.9771912864429657
0.7853981633974483 0.9356705755511123
0.9424777960769379 0.9673860763258352
1.0995574287564276 0.9409462875150297
1.2566370614359172 0.969827340821736
1.413716694115407 0.9532090753861228
1.5707963267948966 0.9819333086434209
1.7278759594743862 1.0322165247985227
1.8849555921538759 0.9686196572614583
2.0420352248333655 1.0084269557403298
2.199114857512855 0.9747655228914278
2.356194490192345 0.9642523169778067
2.5132741228718345 0.9432019501781204
2.670353755551324 0.9409039181910731
2.827433388230814 0.9834887792719675
2.9845130209103035 1.0119982814705972
3.141592653589793 0.9829627591897279
3.2986722862692828 0.9567727546433967
3.4557519189487724 0.9579949739400383
3.612831551628262 1.0077696208376312
3.7699111843077517 0.9614125511422847
3.9269908169872414 0.9929585743819686
4.084070449666731 0.9690278863427173
4.241150082346221 0.9707374191649356
4.39822971502571 0.952699738667053
4.5553093477052 0.9799124693564933
4.71238898038469 1.0030475291825414
4.869468613064179 0.9615766424854235
5.026548245743669 0.9523057413115338
5.183627878423159 0.992952614018698
5.340707511102648 0.9416567128503411
5.497787143782138 0.9918563143574027
5.654866776461628 0.9269819117506614
5.811946409141117 0.9819587314647625
5.969026041820607 0.962352503964179
6.126105674500097 0.9703230634151823
6.283185307179586 0.9916007666203916
6.440264939859076 1.004676922112977
6.5973445725385655 0.9752071462097048
6.754424205218055 0.9948579914059379
6.911503837897545 0.9366432370622362
7.0685834705770345 0.9827024517266769
7.225663103256524 0.9389887688331329
7.382742735936014 1.0058598772049534
7.5398223686155035 0.9696296066579471
7.696902001294993 0.9961221913964695
7.853981633974483 0.9287606120116224
8.011061266653972 0.9995362356408622
8.168140899333462 0.9947035561607616
8.325220532012953 0.9733215829643262
8.482300164692441 0.9118943306520029
8.63937979737193 0.9602281306555375
8.79645943005142 0.947233582035302
8.953539062730911 0.9872159306284877
9.1106186954104 0.9242008640073089
9.267698328089889 1.0075420644980533
9.42477796076938 0.9796546125078216
9.58185759344887 0.9732924273201488
9.738937226128359 1.0035708925580775
9.896016858807847 0.9367848295760509
10.053096491487338 1.0213951513051036
10.210176124166829 0.9602930062475017
10.367255756846317 0.9602278829881057
10.524335389525806 1.0168231183098244
10.681415022205297 0.9287485047996159
10.838494654884787 0.9925992251980402
10.995574287564276 0.9247339600645842
11.152653920243765 0.9788284575389823
11.309733552923255 0.9954904955661283
11.466813185602746 0.9292524311621735
11.623892818282235 0.9706721056993208
