# k  S_s(k)
0.0 0.0
0.20943951023931953 0.45751156246943064
0.41887902047863906 1.769640981035962
0.6283185307179586 0.4039817349358612
0.8377580409572781 1.3734623635581586
1.0471975511965976 1.604807857052946
1.2566370614359172 0.814991319953241
1.4660765716752366 0.8092595997915648
1.6755160819145563 1.0571613747022142
1.8849555921538759 1.0601133352352878
2.0943951023931953 0.9460355751558278
2.3038346126325147 1.1536976229291096
2.5132741228718345 0.8284691537491067
2.722713633111154 1.0648079842774762
2.9321531433504733 0.9022060856990903
3.141592653589793 0.9108017735130305
3.3510321638291125 1.1342260107343465
3.560471674068432 0.9468862094976681
3.7699111843077517 1.1155361271329542
3.979350694547071 1.0391617144896304
4.1887902047863905 0.830647593629606
4.39822971502571 1.0797366242770225
4.607669225265029 0.8469277649251677
4.817108735504349 0.967830973753259
5.026548245743669 1.0845211720177244
5.235987755982988 0.9662187212460756
5.445427266222308 0.8839604701611136
5.654866776461628 0.9707395310254102
5.864306286700947 0.9553092145873436
6.073745796940266 0.9444317395521659
6.283185307179586 0.9795802212456992
6.492624817418905 1.0002704901419903
6.702064327658225 0.9675693085726477
6.911503837897545 0.9890965281937439
7.120943348136864 1.1387886224606019
7.330382858376184 0.9928317446050381
7.5398223686155035 0.9840686368216988
7.749261878854822 0.8997251027459643
7.958701389094142 0.9811656320780956
8.168140899333462 1.047827344849907
8.377580409572781 0.9616032710111525
8.5870199198121 1.1327853037577664
8.79645943005142 1.0133666357868996
9.00589894029074 0.9393838230834622
9.215338450530059 0.972518552891703
9.42477796076938 1.0173862429533878
9.634217471008698 1.001084900952995
9.843656981248017 0.9483724000908694
10.053096491487338 0.9820584530437113
10.262536001726657 0.9579606766712668
10.471975511965976 0.9680260829189592
10.681415022205297 0.9989492984614641
10.890854532444616 0.9801260566994071
11.100294042683934 1.1189416203043612
11.309733552923255 0.9703394199186728
11.519173063162574 1.09449416000839
11.728612573401893 1.0551309255848724
11.938052083641214 0.9687161641685549
12.147491593880533 1.053072347609041
12.356931104119852 0.9243646288466107
12.566370614359172 0.9865448695253002
12.775810124598491 0.9929352368553616
12.98524963483781 1.0570678297973117
13.194689145077131 1.0125979987352347
13.40412865531645 0.9632412263687186
13.613568165555769 1.0350279590981895
13.82300767579509 1.0062066888797632
14.032447186034409 1.0242485962808932
14.241886696273728 0.9808285316339471
14.451326206513048 1.0477623023625142
14.660765716752367 0.9243455610196424
14.870205226991686 0.9906727543499165
15.079644737231007 1.0276725481733748
15.289084247470326 0.9995678977597016
15.498523757709645 0.9910466013415064
15.707963267948966 1.0002631422494899
15.917402778188285 1.033240887649177
16.126842288427603 0.9745858379615411
16.336281798666924 1.0392549060137197
16.54572130890624 0.9993939795314949
16.755160819145562 0.9235122235999165
16.964600329384883 0.9923440630145862
17.1740398396242 1.0204890878909965
17.38347934986352 0.9482298664295346
17.59291886010284 0.9527609020759542
17.80235837034216 0.9864076434378893
18.01179788058148 0.9607223324821903
18.2212373908208 1.0432135206135704
18.430676901060117 1.0040957639312647
18.640116411299438 0.9660773732516111
18.84955592153876 1.0097720748433219
19.058995431778076 1.012954322496226
19.268434942017397 1.0030540462917916
19.477874452256717 0.9579477694724828
19.687313962496034 1.0536483706862256
19.896753472735355 1.010192276575829
20.106192982974676 0.9499514629223622
20.315632493213993 1.021803996809045
20.525072003453314 1.0037103523424897
20.734511513692635 0.9723296848235535
