# k  S_s(k)
0.0 0.0
0.12566370614359174 0.4442709014637584
0.25132741228718347 1.5707529464387187
0.3769911184307752 0.5041457502127366
0.5026548245743669 0.5783484923749814
0.6283185307179586 1.345571721777701
0.7539822368615504 1.058109709428145
0.8796459430051422 1.2840142392511582
1.0053096491487339 1.3787317456907817
1.1309733552923256 0.8861574505147221
1.2566370614359172 1.969742579060186
1.3823007675795091 1.060910785228198
1.5079644737231008 1.092483453757061
1.6336281798666925 1.2296531662466041
1.7592918860102844 0.9002346837724435
1.884955592153876 1.2183680934352539
2.0106192982974678 0.9603087981620222
2.1362830044410597 0.9001482525336322
2.261946710584651 0.8428215263634536
2.387610416728243 1.1235782835368282
2.5132741228718345 1.0039137150660364
2.6389378290154264 1.0002113563489592
2.7646015351590183 1.006516505878513
2.8902652413026098 0.8910601042695812
3.0159289474462017 1.0665208389005565
3.1415926535897936 1.044764321435499
3.267256359733385 0.9936053076582678
3.392920065876977 0.9586664043693163
3.518583772020569 0.8685511729683907
3.6442474781641603 1.0167620691406607
3.769911184307752 0.8390302100908995
3.8955748904513436 1.0801851130776525
4.0212385965949355 0.9874108104833201
4.1469023027385274 1.234912491413461
4.272566008882119 1.0966977451066136
4.39822971502571 1.0452338174954217
4.523893421169302 1.0557790132433575
4.649557127312894 0.9220535274896606
4.775220833456486 1.0101853661577938
4.900884539600078 1.1454395934528174
5.026548245743669 0.8602626858455883
5.152211951887261 0.9490773077993201
5.277875658030853 0.9757342659754732
5.403539364174445 1.1463240427222119
5.529203070318037 1.0204619097245038
5.6548667764616285 0.9744058964982594
5.7805304826052195 0.9393592538930311
5.906194188748811 1.0472297564206836
6.031857894892403 1.0827880067223978
6.157521601035995 1.1160642312126143
6.283185307179587 1.0013461844059703
6.408849013323178 1.1168155069360088
6.53451271946677 0.8136545443760836
6.660176425610362 1.0180269635134005
6.785840131753954 0.8722341711352758
6.911503837897546 0.958869945290506
7.037167544041138 0.946633939864116
7.162831250184729 0.9934396667113711
7.288494956328321 1.0559961203963848
7.4141586624719125 0.9337387541076247
7.539822368615504 0.9784863351177013
7.665486074759096 1.1524988588474754
7.791149780902687 1.0535726530667637
7.916813487046279 1.0562714145732561
8.042477193189871 1.0697453302878372
8.168140899333462 1.1008236025474516
8.293804605477055 0.9963755559838029
8.419468311620646 1.019336702870329
8.545132017764239 0.9459596819777099
8.67079572390783 0.951834939154412
8.79645943005142 0.9904550520368681
8.922123136195014 0.9033267981728811
9.047786842338605 0.993932350679752
9.173450548482197 1.0383695807276474
9.299114254625788 1.0077430711076036
9.42477796076938 1.0449158189410994
9.550441666912972 0.9908224663503883
9.676105373056563 1.041804578543112
9.801769079200156 1.0081311734066023
9.927432785343747 0.9499421094704855
10.053096491487338 1.0185103269699376
10.17876019763093 0.9824822665774278
10.304423903774522 1.026752535488158
10.430087609918115 1.0317714953761554
10.555751316061706 0.9544091100178597
10.681415022205298 1.0053177020396984
10.80707872834889 1.143359676302615
10.93274243449248 1.0421269215988
11.058406140636073 0.9199947341845252
11.184069846779664 1.071876820190487
11.309733552923257 0.9096594074843906
11.435397259066848 1.0630526642544469
11.561060965210439 0.9564084546104517
11.686724671354032 1.0143819597777983
11.812388377497623 1.0668271724660876
11.938052083641216 1.0486792337255435
12.063715789784807 1.0371644180462296
12.189379495928398 1.0394759235435982
12.31504320207199 1.1500899936778697
12.440706908215581 0.9568392476734316
