# r  Cs(r) [pure estimator]
0.15 0.0006872180243547852
0.44999999999999996 0.0006823329705084475
0.75 0.0006804595684648699
1.05 0.0006829761578042604
1.3499999999999999 0.000687030879537718
1.65 0.0006866202881931609
1.95 0.0006855453375239203
2.25 0.0006757894405966641
2.55 0.0006819302146902459
2.85 0.0006780954126015949
3.15 0.0006845478136398836
3.4499999999999997 0.0006771816940593174
3.75 0.0006851999944371775
4.05 0.0006844637728621102
4.35 0.0006790471433476688
4.6499999999999995 0.0006763313380577912
4.95 0.0006732890267191097
5.25 0.0006812091162000954
5.55 0.00068494343017206
5.85 0.0006790809459719344
6.1499999999999995 0.0006728828570590444
6.45 0.0006780581066997976
6.75 0.0006751805832845905
7.05 0.0006738804823433821
7.35 0.0006754817801743817
7.6499999999999995 0.0006729125830452282
7.949999999999999 0.0006788141912048885
8.25 0.0006781110887015958
8.549999999999999 0.0006753466975009443
8.85 0.0006780728177813129
9.15 0.0006758764363761483
9.45 0.0006763398611854191
9.75 0.0006762901662087942
10.049999999999999 0.0006845768390995544
10.35 0.0006815422262132406
10.65 0.0006736861885657157
10.95 0.0006757278848987474
11.25 0.0006778737516207216
11.549999999999999 0.0006762849238843916
11.85 0.0006737000351749521
12.15 0.000671110627243742
12.45 0.0006721756250475078
12.75 0.0006746908619542679
13.049999999999999 0.0006793018892368695
13.35 0.0006822997960726533
13.65 0.0006746734403299414
13.95 0.0006745242281572348
14.25 0.0006711884919037573
14.549999999999999 0.0006757169490239644
14.85 0.0006762519697724766
15.149999999999999 0.0006758358381217069
15.45 0.0006739248209662636
15.75 0.0006733926072431739
16.05 0.0006792749290714862
16.349999999999998 0.0006781418032921039
16.65 0.000674666091766057
16.95 0.000679666583698581
17.25 0.0006789751192775731
17.55 0.000673783417338001
17.849999999999998 0.000676656470401589
18.15 0.0006772122723874607
18.45 0.0006768256521172964
18.75 0.0006748770341646419
19.05 0.0006790077526493915
19.349999999999998 0.0006747335608936096
19.65 0.0006800957064171382
19.95 0.0006749337064594441
20.25 0.0006772871655592309
20.55 0.0006749103056590412
20.849999999999998 0.0006763855840744426
21.15 0.0006710758375526513
21.45 0.000678158444198254
21.75 0.0006770621087667527
22.05 0.0006805886911466528
22.349999999999998 0.0006761524102257753
22.65 0.0006715118944231359
22.95 0.0006715802651625027
23.25 0.0006778471967896175
23.55 0.0006747017451842045
23.849999999999998 0.000671549829858744
24.15 0.0006760339514503612
24.45 0.0006758652443462792
24.75 0.000677478478065701
25.05 0.0006747429924779561
25.349999999999998 0.0006748464735134919
25.65 0.000675639974877854
25.95 0.0006734786900596722
26.25 0.0006788349350460622
26.55 0.000677097056052209
26.849999999999998 0.0006757577918953627
27.15 0.0006784167975148808
27.45 0.0006813494880163273
27.75 0.0006731079132267248
28.05 0.0006756560371676176
28.349999999999998 0.0006794442567828151
28.65 0.0006773920235522057
28.95 0.0006776189195605313
29.25 0.0006757005370553962
29.549999999999997 0.0006771588941205243
29.849999999999998 0.0006764724561265423
