# r  Cs(r) [pure estimator]
0.125 -3.964130829076795e-7
0.375 -3.627551061945185e-7
0.625 -1.1354463646531899e-6
0.875 -2.108307832394487e-6
1.125 -1.1044147742448817e-6
1.375 -6.892554809578558e-7
1.625 -6.399509898329927e-7
1.875 -8.269549833168366e-7
2.125 -2.81149500956602e-6
2.375 -2.973831286119812e-6
2.625 -1.271023282368733e-6
2.875 -1.051159373326055e-6
3.125 -1.7227528944568115e-6
3.375 -8.931375856736916e-7
3.625 -1.8161676375798327e-6
3.875 -2.2285236097345905e-6
4.125 -1.5617458495753541e-6
4.375 1.6769641091160674e-6
4.625 -2.918291221821847e-7
4.875 -1.5680288621633812e-6
5.125 -1.4441240564668357e-6
5.375 -1.4111317968370556e-6
5.625 4.79848415409787e-7
5.875 -1.9454707939322484e-6
6.125 -1.991358712292319e-6
6.375 -1.395052383727446e-6
6.625 -1.5260666862722078e-6
6.875 -1.3101191362647157e-6
7.125 -4.783913306621326e-7
7.375 -2.4814204845042085e-7
7.625 -9.707419524790698e-7
7.875 2.212491486448466e-7
8.125 -1.9415461134698994e-6
8.375 5.015622929746675e-7
8.625 -1.2796305210337027e-6
8.875 -3.614753697490185e-6
9.125 3.1887392525184417e-7
9.375 -1.3414551579463633e-6
9.625 -1.3337815971499086e-6
9.875 -1.0347129767649886e-6
10.125 4.486230148118987e-7
10.375 2.7295444138030788e-8
10.625 -8.387802192692632e-7
10.875 -1.8074582813177301e-6
11.125 -8.702749703293494e-7
11.375 3.5458487643641846e-8
11.625 1.0702061047115969e-6
11.875 -1.9333014631428194e-7
12.125 -1.399803960456698e-6
12.375 -7.986194005590619e-7
12.625 -8.488947666999434e-7
12.875 -1.0675574031545944e-6
13.125 -5.693632055435387e-7
13.375 -1.4049963292547664e-6
13.625 -2.4284963856104956e-6
13.875 -1.1734019990872698e-6
14.125 -4.098595449246904e-7
14.375 -3.8078405583131577e-7
14.625 5.388252510439122e-7
14.875 6.511120345267888e-7
15.125 -7.175908347926488e-7
15.375 -3.399927518575835e-6
15.625 -4.5322148947428634e-7
15.875 -9.616345925627735e-7
16.125 -9.770761771680785e-7
16.375 6.11858721300563e-8
16.625 -1.048974484679581e-6
16.875 -1.335148721356725e-6
17.125 -1.962524316077722e-7
17.375 -5.946778734326334e-7
17.625 3.2803218298675456e-7
17.875 -1.0001206159773675e-6
18.125 -7.12646157151431e-7
18.375 -4.433508434471906e-7
18.625 -2.4338229511069403e-6
18.875 1.82044974883619e-7
19.125 -3.4388960160890745e-7
19.375 -2.163954954954938e-6
19.625 -1.7476318960349068e-7
19.875 -1.3152048524459245e-6
20.125 -2.716742731083192e-7
20.375 -1.1060714740957375e-6
20.625 1.777729013647468e-7
20.875 9.050361565545422e-7
21.125 1.6447573712775811e-6
21.375 2.3765689740797542e-7
21.625 4.1458427346198377e-7
21.875 -2.191510705706035e-6
22.125 -2.3308044540982484e-7
22.375 -5.623360293810305e-7
22.625 1.24929908468267e-6
22.875 -1.796276619104765e-7
23.125 2.881787819678624e-7
23.375 -2.6818321971145067e-6
23.625 -1.5850521322303054e-6
23.875 -1.8327734890230222e-7
24.125 5.025240267326026e-8
24.375 -1.4191832216754394e-6
24.625 -4.55951398182776e-7
24.875 -6.359495870774131e-7
