block_size         error    difference      rel_diff
-------------------------------------------------------
       2  1.880694e-08  7.780804e-09  4.137197e-01
       4  2.658775e-08  1.098932e-08  4.133226e-01
       8  3.757707e-08  1.550057e-08  4.125007e-01
      16  5.307763e-08  2.180931e-08  4.108946e-01
      32  7.488695e-08  3.054015e-08  4.078168e-01
      64  1.054271e-07  4.238258e-08  4.020084e-01
     128  1.478097e-07  5.778790e-08  3.909616e-01
     256  2.055976e-07  7.669396e-08  3.730295e-01
     512  2.822915e-07  9.585946e-08  3.395761e-01
    1024  3.781510e-07  1.078792e-07  2.852807e-01
    2048  4.860302e-07  1.079056e-07  2.220141e-01
    4096  5.939357e-07  8.106407e-08  1.364863e-01
    8192  6.749998e-07  4.130439e-08  6.119171e-02
   16384  7.163042e-07  2.956417e-08  4.127320e-02
   32768  7.458684e-07  1.691396e-08  2.267687e-02
   65536  7.627823e-07  -1.823260e-08  2.390275e-02
  131072  7.445497e-07           ---           ---
