block_size         error    difference      rel_diff
-------------------------------------------------------
       2  2.117575e-07  8.771219e-08  4.142106e-01
       4  2.994697e-07  1.240431e-07  4.142091e-01
       8  4.235127e-07  1.754212e-07  4.142053e-01
      16  5.989340e-07  2.480773e-07  4.141981e-01
      32  8.470112e-07  3.508189e-07  4.141845e-01
      64  1.197830e-06  4.960809e-07  4.141496e-01
     128  1.693911e-06  7.014474e-07  4.140993e-01
     256  2.395359e-06  9.918212e-07  4.140596e-01
     512  3.387180e-06  1.401919e-06  4.138898e-01
    1024  4.789099e-06  1.982173e-06  4.138928e-01
    2048  6.771272e-06  2.799150e-06  4.133861e-01
    4096  9.570422e-06  3.955413e-06  4.132955e-01
    8192  1.352584e-05  5.532213e-06  4.090108e-01
   16384  1.905805e-05  7.620997e-06  3.998834e-01
   32768  2.667904e-05  1.003314e-05  3.760680e-01
   65536  3.671218e-05  1.280218e-05  3.487176e-01
  131072  4.951436e-05           ---           ---
