0.2 -0.12437612392153714
0.6000000000000001 -0.07726511274473119
1.0 -0.07304317663329879
1.4000000000000001 -0.02879218438647053
1.8 -0.034351763915591485
2.2 -0.014307554193289084
2.6 -0.02116475868728315
3.0 -0.02250605053095514
3.4000000000000004 -0.0067838073168372025
3.8000000000000003 0.03284376715238108
4.2 -0.0012014504138055425
4.6000000000000005 -0.035674472672356405
5.0 -0.02441471058718827
5.4 -0.06901061732200081
5.800000000000001 -0.05055013772625085
6.2 -0.0591256815335261
6.6000000000000005 -0.03658681731982322
7.0 -0.054979167012499795
7.4 -0.005726662245067153
7.800000000000001 0.03599102372982063
8.200000000000001 0.040058643714925915
8.6 0.023800786259026794
9.0 0.08483723150158153
9.4 0.06158930162943957
9.8 0.0007950322593553184
10.200000000000001 -0.016279585252321257
10.600000000000001 0.0190873941116054
11.0 -0.002481817985627037
11.4 0.008864345460573131
11.8 -0.04098334209334881
12.200000000000001 -0.031835579236155
12.600000000000001 -0.008350047114438075
13.0 -0.04178936618932071
13.4 -0.05916792911740741
13.8 -0.021318522675428546
14.200000000000001 0.034209113550038146
14.600000000000001 0.019206272545564826
15.0 -0.0004472633198760273
15.4 -0.0017449539272734352
15.8 0.0002857200091514748
16.2 0.027941300591936204
16.6 0.06260932606670629
17.0 0.05143450977945266
17.400000000000002 0.04326249747916762
17.8 0.008752551474564751
18.2 -0.020696533200358126
18.6 -0.09996517365681126
19.0 -0.14761082550068375
19.400000000000002 -0.10719184333081071
19.8 -0.08310821683221388
20.200000000000003 0.015223002750926064
20.6 0.019031592502085193
21.0 0.044025601361945124
21.400000000000002 0.06536142942486287
21.8 0.013870638352683807
22.200000000000003 -0.012125413907284768
22.6 0.03482466670945355
23.0 0.1028707366679459
23.400000000000002 0.11848703529503316
23.8 0.09585006940803378
24.200000000000003 0.06424285129790426
24.6 0.05467929552487995
25.0 0.05543735827579343
25.400000000000002 0.011813009213337873
25.8 0.012165378452257517
26.200000000000003 -0.03318216613468338
26.6 -0.05842390064052175
27.0 -0.03996497224246266
27.400000000000002 -0.0359331888659982
27.8 -0.015150348030432428
28.200000000000003 -0.07510129578368838
28.6 -0.12943421665923172
29.0 -0.09071264284404021
29.400000000000002 -0.09488338888678653
29.8 -0.07159386048516792
30.200000000000003 -0.07376891291515209
30.6 -0.049906935554860296
31.0 0.003220094101779091
31.400000000000002 0.047582397839429254
31.8 0.09432469369650179
32.2 0.03638096096379928
32.6 0.005921090108264913
33.0 -0.0058107976601105065
33.4 -0.04780910308068688
33.800000000000004 -0.02786305258847112
34.2 -0.048111487655585226
34.6 -0.04360456654499304
35.0 -0.022168501440547016
35.4 -0.004689870274227281
35.800000000000004 -0.024090794335201136
36.2 -0.0691411397184016
36.6 -0.08852067598256763
37.0 -0.07160440695472542
37.4 -0.056904939586462554
37.800000000000004 -0.056432769668063786
38.2 0.007309290364305282
38.6 0.052780324023599993
39.0 0.05322037806705941
39.400000000000006 0.02534455537221477
39.800000000000004 -0.05283791624712591
