0.125 0.8509088435374149
0.375 0.8600625850340136
0.625 0.8514258503401361
0.875 0.8747591836734694
1.125 0.890508843537415
1.375 0.9268680272108843
1.625 1.0127102040816327
1.875 1.0745850340136054
2.125 1.044312925170068
2.375 1.0535482993197278
2.625 1.047613605442177
2.875 1.0032925170068028
3.125 0.9791156462585034
3.375 0.9733768707482994
3.625 0.9427591836734693
3.875 0.9384027210884354
4.125 0.9775510204081632
4.375 1.0438340136054423
4.625 1.0594204081632652
4.875 1.029034013605442
5.125 1.0413850340136055
5.375 1.0174829931972789
5.625 0.9967074829931972
5.875 0.9716326530612245
6.125 1.0043401360544217
6.375 1.0141414965986395
6.625 1.0364680272108844
6.875 1.0495074829931972
7.125 1.0108897959183674
7.375 1.0076326530612245
7.625 0.9796816326530612
7.875 0.9702013605442177
8.125 0.9640816326530612
8.375 1.0067292517006803
8.625 1.002843537414966
8.875 0.9862639455782313
9.125 0.9475455782312925
9.375 0.9358231292517006
9.625 0.9283074829931973
9.875 0.9093931972789115
10.125 0.9350503401360544
10.375 0.9528380952380953
10.625 0.9470530612244898
10.875 0.9344027210884354
11.125 0.9145469387755102
11.375 0.9169578231292517
11.625 0.9305904761904762
11.875 0.9670013605442177
12.125 0.9978503401360544
12.375 1.046843537414966
12.625 1.0486149659863946
12.875 1.06498231292517
13.125 1.0544380952380952
13.375 1.0801632653061224
13.625 1.0487428571428572
13.875 1.0327646258503402
14.125 1.0239891156462586
14.375 1.0269551020408163
14.625 1.0376489795918367
14.875 1.0886204081632653
15.125 1.0080326530612245
15.375 1.020538775510204
15.625 1.0221850340136054
15.875 0.9646911564625851
16.125 0.941265306122449
16.375 0.9427292517006802
16.625 0.9675537414965987
16.875 1.031491156462585
17.125 1.0098857142857143
17.375 0.9890965986394558
17.625 0.9668952380952381
17.875 0.9855319727891156
18.125 1.0408489795918368
18.375 1.0535374149659864
18.625 1.0924190476190476
18.875 1.0748598639455782
19.125 1.0612462585034013
19.375 1.0573877551020407
19.625 1.0174448979591837
19.875 1.0045414965986394
20.125 0.992508843537415
20.375 0.9705061224489796
20.625 1.0075102040816326
20.875 0.9581061224489796
21.125 0.9893360544217688
21.375 1.026560544217687
21.625 1.0551673469387755
21.875 1.0572136054421768
22.125 1.0317115646258503
22.375 1.0634448979591837
22.625 1.0505795918367347
22.875 1.055904761904762
23.125 1.0888489795918368
23.375 1.0331482993197278
23.625 1.0075074829931974
23.875 1.027360544217687
24.125 1.0320761904761904
24.375 1.0278013605442178
24.625 1.0135809523809525
24.875 0.9937414965986394
