# P_value  count
-1.0 285.0
-0.9666666666666667 2205.0
-0.9333333333333333 5607.0
-0.9 11656.0
-0.8666666666666667 20190.0
-0.8333333333333334 27152.0
-0.8 26904.0
-0.7666666666666667 29390.0
-0.7333333333333333 24581.0
-0.7 20382.0
-0.6666666666666666 13780.0
-0.6333333333333333 10583.0
-0.6 5414.0
-0.5666666666666667 3818.0
-0.5333333333333333 1806.0
-0.5 732.0
-0.4666666666666667 525.0
-0.43333333333333335 291.0
-0.4 136.0
-0.36666666666666664 48.0
-0.3333333333333333 57.0
-0.3 7.0
-0.26666666666666666 2.0
-0.23333333333333334 0.0
-0.2 2.0
-0.16666666666666666 11.0
-0.13333333333333333 0.0
-0.1 0.0
-0.06666666666666667 0.0
-0.03333333333333333 0.0
0.0 986.0
0.03333333333333333 0.0
0.06666666666666667 2.0
0.1 0.0
0.13333333333333333 0.0
0.16666666666666666 1.0
0.2 0.0
0.23333333333333334 0.0
0.26666666666666666 1.0
0.3 7.0
0.3333333333333333 5.0
0.36666666666666664 0.0
0.4 0.0
0.43333333333333335 18.0
0.4666666666666667 31.0
0.5 77.0
0.5333333333333333 86.0
0.5666666666666667 37.0
0.6 96.0
0.6333333333333333 47.0
0.6666666666666666 44.0
0.7 67.0
0.7333333333333333 149.0
0.7666666666666667 82.0
0.8 41.0
0.8333333333333334 0.0
0.8666666666666667 6.0
0.9 0.0
0.9333333333333333 0.0
0.9666666666666667 0.0
1.0 0.0
