# r  Cs(r) [pure estimator]
0.025 0.000552248146194713
0.07500000000000001 0.0005541109243207539
0.125 0.0005441147990998595
0.17500000000000002 0.0005573830326115268
0.225 0.0005591853897399393
0.275 0.0005363729531416317
0.325 0.0005603991078553804
0.375 0.0005557140120302555
0.42500000000000004 0.0005507948667565688
0.47500000000000003 0.0005456355172834691
0.525 0.0005547535470690451
0.5750000000000001 0.0005463513152958313
0.625 0.0005437367655596008
0.675 0.000550209879925574
0.7250000000000001 0.000562337655953487
0.775 0.0005508813578751654
0.8250000000000001 0.0005443753987285116
0.875 0.0005428571198744725
0.925 0.0005454919655082516
0.9750000000000001 0.0005507690831953734
1.0250000000000001 0.0005546483439233549
1.075 0.0005602243778606315
1.125 0.000549655670153763
1.175 0.0005469553913510935
1.225 0.000534977199152469
1.2750000000000001 0.0005429911174053856
1.3250000000000002 0.0005416852368218768
1.375 0.0005466724519095464
1.425 0.0005450264912389919
1.475 0.0005556804359484727
1.5250000000000001 0.0005320780252649849
1.5750000000000002 0.0005686089190892557
1.625 0.0005395671658473018
1.675 0.0005423440398923612
1.725 0.0005485833722137748
1.7750000000000001 0.0005640765550129667
1.8250000000000002 0.0005498087324263557
1.875 0.0005408200701059555
1.925 0.0005454632712788916
1.975 0.0005494246818917982
2.025 0.0005477191964653127
2.075 0.0005414561652188965
2.125 0.0005539635110673932
2.1750000000000003 0.0005459455254367168
2.225 0.0005493538844344916
2.275 0.0005447107968496129
2.325 0.0005508058683435047
2.375 0.0005452008233530787
2.4250000000000003 0.0005482252166870057
2.475 0.0005560649002064664
2.5250000000000004 0.0005508377755372431
2.575 0.0005443423381337941
2.625 0.0005529737222893174
2.6750000000000003 0.0005503609692232375
2.725 0.0005456972507864736
2.7750000000000004 0.0005443177654420458
2.825 0.0005475357457928243
2.875 0.000550900057449404
2.9250000000000003 0.000540236839152756
2.975 0.0005501893488733684
3.0250000000000004 0.0005486840045922807
3.075 0.0005536208963281119
3.125 0.0005335184591489155
3.1750000000000003 0.0005448580378751372
3.225 0.0005434153357985214
3.2750000000000004 0.0005477617639499024
3.325 0.0005409795259465131
3.375 0.0005554213990136661
3.4250000000000003 0.0005348962222239676
3.475 0.0005497243793795177
3.5250000000000004 0.0005466123810696343
3.575 0.0005617646154752633
3.625 0.000552422656436748
3.6750000000000003 0.0005505351802545383
3.725 0.0005446406840948572
3.7750000000000004 0.0005610025825190241
3.825 0.0005394314619903222
3.875 0.0005504136952375348
3.9250000000000003 0.000551356966399717
3.975 0.0005366854203962721
4.025 0.0005495409549001627
4.075 0.0005450474854741707
4.125 0.0005462391902290439
4.175 0.000531090433759517
4.2250000000000005 0.0005560373120485705
4.275 0.0005418474620625908
4.325 0.0005403837712427218
4.375 0.0005549802876600922
4.425 0.0005463988414234588
4.4750000000000005 0.0005434863365127351
4.525 0.0005461700582208237
4.575 0.0005530844326465485
4.625 0.0005584409237763392
4.675 0.0005396664917656064
4.7250000000000005 0.0005442865131084638
4.775 0.0005200911423033409
4.825 0.0005491685320603508
4.875 0.0005485208659868446
4.925000000000001 0.0005504682169783365
4.9750000000000005 0.0005543876484011307
