# k values and corresponding S(k) [pure estimator]
0.0 5.931857805127675
0.6283185307179586 0.9929542464014576
1.2566370614359172 0.9934540011943759
1.8849555921538759 1.0014048950692
2.5132741228718345 1.0018822661483169
3.141592653589793 1.006331909838708
3.7699111843077517 0.9999102135698522
4.39822971502571 0.9911126033591241
5.026548245743669 1.0082851016064303
5.654866776461628 1.0026917599336815
6.283185307179586 0.9984803379892099
6.911503837897545 1.0101891459794585
7.5398223686155035 0.9985477578074712
8.168140899333462 0.9994294082397136
8.79645943005142 0.9997855580806562
9.42477796076938 0.9934306024361662
10.053096491487338 1.0047266644017978
10.681415022205297 0.9936698707175653
11.309733552923255 1.0008529503055434
11.938052083641214 0.9992036299343071
12.566370614359172 1.010140263557881
13.194689145077131 0.9963549471702272
13.82300767579509 0.9976223984696867
14.451326206513048 0.9900280827124424
15.079644737231007 0.9957635665880205
15.707963267948966 0.9929827617419994
16.336281798666924 1.0102471935890698
16.964600329384883 1.0047227862791286
17.59291886010284 1.0074777365309153
18.2212373908208 1.0015082629742673
18.84955592153876 1.001654116832545
19.477874452256717 0.9939162780200729
20.106192982974676 0.9878919226385064
20.734511513692635 1.0097775128944153
21.362830044410593 1.0003138679891497
21.991148575128552 0.9944788306336728
22.61946710584651 0.9972219706998654
23.24778563656447 1.0020817496630716
23.876104167282428 0.9921088532882589
24.504422698000386 1.0120103305132946
25.132741228718345 0.9945325430021862
25.761059759436304 0.9976612855984821
26.389378290154262 1.0015827715095875
27.01769682087222 0.9995319163984703
27.64601535159018 0.9980186629648167
28.274333882308138 1.0050027721158126
28.902652413026097 0.9979614553552186
29.530970943744055 0.9990945431079031
30.159289474462014 0.990463937226861
30.787608005179973 1.0005049801091679
31.41592653589793 0.9990527029004355
32.044245066615886 1.0010404267096458
32.67256359733385 1.0016796748561947
33.30088212805181 1.0112193645736218
33.929200658769766 1.0003786369855372
34.55751918948772 1.000911520262994
35.18583772020568 1.023405754902936
35.814156250923645 1.0068440297299597
36.4424747816416 1.0007591274249947
37.070793312359555 0.9891029446071097
37.69911184307752 0.9959791355939084
38.32743037379548 0.9953729967404127
38.955748904513435 1.0009851648953056
39.58406743523139 0.9968482455853899
40.21238596594935 1.012696186691335
40.840704496667314 0.9933822667976596
41.46902302738527 1.0084313498360882
42.097341558103224 0.9899869791310986
42.725660088821186 1.0083933911313678
43.35397861953915 1.0008772739333027
43.982297150257104 0.9902576380524765
44.61061568097506 0.9955007008791831
45.23893421169302 0.9875859675870703
45.86725274241098 0.986543368750458
46.49557127312894 1.0061364600352445
