# k  S_n(k)
0.0 60.0
0.10471975511965977 0.5941121930013693
0.20943951023931953 0.3125185242078886
0.3141592653589793 0.2741769015221
0.41887902047863906 0.21210816430306
0.5235987755982988 0.46390485564989503
0.6283185307179586 0.3528516931939063
0.7330382858376183 0.8416187625611483
0.8377580409572781 0.5436099317578954
0.9424777960769379 0.8630197269353429
1.0471975511965976 1.12172022337039
1.1519173063162573 0.690918480067534
1.2566370614359172 1.563531314275071
1.361356816555577 1.4092613786740804
1.4660765716752366 1.2851767049334535
1.5707963267948966 0.4012204139295953
1.6755160819145563 0.6609753900148942
1.780235837034216 0.8282476584997202
1.8849555921538759 0.8637694710861532
1.9896753472735356 0.8271281619944538
2.0943951023931953 1.0005407670515836
2.199114857512855 1.2901325627297604
2.3038346126325147 0.8580475989911928
2.4085543677521746 1.1292268082055261
2.5132741228718345 0.9819159755159365
2.617993877991494 0.9458748089363004
2.722713633111154 1.2137462539725496
2.827433388230814 1.2784928405093472
2.9321531433504733 1.084218960439435
3.036872898470133 1.0165011839132518
3.141592653589793 0.8277461872228196
3.2463124087094526 1.0469141211363993
3.3510321638291125 1.3440013524109449
3.4557519189487724 0.973762410060105
3.560471674068432 0.8710684830077781
3.665191429188092 1.2226963864137534
3.7699111843077517 0.9701648777255053
3.874630939427411 1.006644925749403
3.979350694547071 1.1508433936756006
4.084070449666731 0.9536184703990864
4.1887902047863905 1.070172888232597
4.29350995990605 0.9245797135260962
4.39822971502571 0.9175928455254764
4.50294947014537 1.0859699914645404
4.607669225265029 0.9169548929014356
4.71238898038469 0.9675125370202105
4.817108735504349 1.0963956628741114
4.921828490624009 1.0283316626300016
5.026548245743669 0.9548923654293405
5.1312680008633285 1.1513341916873676
5.235987755982988 1.051550563872233
5.340707511102648 1.2239047608155733
5.445427266222308 0.8328390657714092
5.550147021341967 1.033329616453332
5.654866776461628 0.9494021933901545
5.759586531581287 0.9736694981922027
5.864306286700947 0.9371309087234028
5.969026041820607 1.025612016084815
6.073745796940266 1.0767764852941633
6.178465552059926 0.9209441292308415
6.283185307179586 1.133086666925904
6.387905062299246 1.0064989445116213
6.492624817418905 0.9757820179912746
6.5973445725385655 0.907120404120957
6.702064327658225 1.1032348320229564
6.8067840827778845 1.0844873294675124
6.911503837897545 0.9056368141141176
7.016223593017204 0.9290370537852478
7.120943348136864 1.0623603363627878
7.225663103256524 0.8813161011150489
7.330382858376184 0.9194785142668519
7.435102613495843 0.880605240212976
7.5398223686155035 1.0795650484507568
7.644542123735163 0.9517171630587326
7.749261878854822 0.9031965155107959
7.853981633974483 0.9960306299174513
7.958701389094142 0.9811112260402951
8.063421144213802 1.0512792832500732
8.168140899333462 1.030837991583188
8.27286065445312 0.9176492711390433
8.377580409572781 0.9879167353001714
8.482300164692441 1.0964876883924635
8.5870199198121 0.9170731329398427
8.69173967493176 1.057579265003562
8.79645943005142 0.9989453993013876
8.90117918517108 0.9381751430212997
9.00589894029074 1.0125077183684217
9.1106186954104 0.8865355770893858
9.215338450530059 1.0292875910923789
9.320058205649719 0.9969333931195293
9.42477796076938 0.9847563983077737
9.529497715889038 1.0398493033404628
9.634217471008698 0.9176797380858643
9.738937226128359 0.9816068209990165
9.843656981248017 1.0722169448727892
9.948376736367678 0.9792443044539012
10.053096491487338 0.8795591468613438
10.157816246606997 1.0110632245635067
10.262536001726657 0.9952831882428848
10.367255756846317 0.9349280097605461
