# k values and corresponding S(k) [pure estimator]
0.0 25.097711287778267
0.15707963267948966 0.8200670155700971
0.3141592653589793 0.9047692754400419
0.47123889803846897 0.935758851714196
0.6283185307179586 0.9685672031021022
0.7853981633974483 1.0013822019882763
0.9424777960769379 0.9668798694131091
1.0995574287564276 0.9765357483031529
1.2566370614359172 0.9523391164304543
1.413716694115407 0.9872511865538957
1.5707963267948966 0.9527096810408463
1.7278759594743862 1.004009153419303
1.8849555921538759 0.9620564174662779
2.0420352248333655 1.019064826741098
2.199114857512855 0.9576332922418387
2.356194490192345 0.9598299868086181
2.5132741228718345 1.0860143476379427
2.670353755551324 0.9675143349974828
2.827433388230814 0.9970026886275666
2.9845130209103035 1.0032771621783143
3.141592653589793 0.9553927569730766
3.2986722862692828 0.9776673878997134
3.4557519189487724 1.0072416419393615
3.612831551628262 1.0072600385473849
3.7699111843077517 1.0124892001430972
3.9269908169872414 1.0138174968998854
4.084070449666731 0.9784979148644409
4.241150082346221 0.9856998609522388
4.39822971502571 0.960700441186892
4.5553093477052 1.00143159493198
4.71238898038469 1.0215760313185969
4.869468613064179 0.9883325553583835
5.026548245743669 0.9724968121311633
5.183627878423159 0.9984678234069878
5.340707511102648 1.0061116035838142
5.497787143782138 0.9851717689256684
5.654866776461628 0.9372368826684927
5.811946409141117 1.0310894340415393
5.969026041820607 0.9523560388820246
6.126105674500097 1.0002728082155867
6.283185307179586 0.9877949050849072
6.440264939859076 0.9859611415350564
6.5973445725385655 0.9331337372964483
6.754424205218055 0.9391998962915289
6.911503837897545 1.002879395234527
7.0685834705770345 0.9702884208971112
7.225663103256524 0.9669564592362159
7.382742735936014 1.008153428026646
7.5398223686155035 0.9689840353559344
7.696902001294993 0.976845057661437
7.853981633974483 1.0203512574862281
8.011061266653972 0.9837140408532331
8.168140899333462 0.9393902770170999
8.325220532012953 1.0252361143353064
8.482300164692441 0.9865205552633737
8.63937979737193 0.91606170124008
8.79645943005142 0.9635400510923211
8.953539062730911 0.9959572390156579
9.1106186954104 0.9704512107985864
9.267698328089889 0.9389631385362038
9.42477796076938 1.004674410023417
9.58185759344887 0.9509976219264482
9.738937226128359 0.9823877174527145
9.896016858807847 1.0250130458426086
10.053096491487338 0.9576373872337044
10.210176124166829 0.9993705894450862
10.367255756846317 1.0075388729733172
10.524335389525806 1.0042543718076922
10.681415022205297 0.960777914940005
10.838494654884787 0.9819519943963941
10.995574287564276 0.9782334472727666
11.152653920243765 1.0004172903893884
11.309733552923255 1.0175211898141783
11.466813185602746 0.9590749332494444
11.623892818282235 0.9970395516400008
