# k  S_n(k)
0.0 80.0
0.07853981633974483 0.6534563842818585
0.15707963267948966 0.6125744168979164
0.23561944901923448 0.34960238242150327
0.3141592653589793 0.3487547354579656
0.39269908169872414 0.19264738902588824
0.47123889803846897 0.41272428705106246
0.5497787143782138 0.4371616971428876
0.6283185307179586 0.2012350883458693
0.7068583470577035 0.656817931450186
0.7853981633974483 0.2940712195809432
0.8639379797371931 1.78836159463656
0.9424777960769379 1.8240270286268547
1.0210176124166828 0.8072273769957931
1.0995574287564276 1.3809252997930468
1.1780972450961724 1.780269989181336
1.2566370614359172 2.1108241612802874
1.335176877775662 0.7269403188109902
1.413716694115407 0.9154324318728352
1.4922565104551517 1.8624256303157551
1.5707963267948966 0.506568591330938
1.6493361431346414 0.8636021254881752
1.7278759594743862 1.1268573459833306
1.806415775814131 0.748406924244187
1.8849555921538759 0.6504727687139418
1.9634954084936207 1.2587273015491196
2.0420352248333655 0.686598148518006
2.1205750411731104 0.7785938618785416
2.199114857512855 1.0977353511117374
2.2776546738526 0.5286342271440262
2.356194490192345 0.7932425311231043
2.4347343065320897 0.7902658123520536
2.5132741228718345 0.7729685751115355
2.5918139392115793 0.6037608698596562
2.670353755551324 1.1207312574330692
2.748893571891069 0.8419385026314826
2.827433388230814 0.9229715865025119
2.9059732045705586 1.083802066294435
2.9845130209103035 1.111968478245554
3.0630528372500483 1.0135243437690562
3.141592653589793 0.9734640851936595
3.220132469929538 0.6433228275017239
3.2986722862692828 1.4912448757426493
3.3772121026090276 0.8439783622562165
3.4557519189487724 0.9719966683645446
3.5342917352885173 0.8988580234959234
3.612831551628262 0.8932643132303
3.691371367968007 0.8921578886860339
3.7699111843077517 1.0810079342701822
3.8484510006474966 1.0222289905510644
3.9269908169872414 1.2037033644109683
4.005530633326986 1.018238277596092
4.084070449666731 0.8609819273879558
4.162610266006476 1.2153589968070917
4.241150082346221 1.1788604827743678
4.319689898685965 1.0749350502632509
4.39822971502571 0.8542390074229502
4.476769531365456 1.0503745901761306
4.5553093477052 0.9518744810307909
4.633849164044944 0.8558186579741729
4.71238898038469 1.0498365922192974
4.790928796724435 0.9410718485577662
4.869468613064179 0.9847517966134302
4.948008429403924 1.1285574735479793
5.026548245743669 1.0586041290187704
5.105088062083414 0.9873438273820514
5.183627878423159 0.9067210485628098
5.262167694762903 1.0532181606850468
5.340707511102648 1.132944095765926
5.419247327442394 0.7960737648395138
5.497787143782138 0.8700054248474649
5.576326960121882 0.9145860335093682
5.654866776461628 0.8068579541861222
5.733406592801373 0.9880130334447373
5.811946409141117 1.0823220459902556
5.890486225480862 0.976982628273106
5.969026041820607 1.1179494640656886
6.047565858160352 1.0242566920315905
6.126105674500097 1.0984160234868827
6.204645490839841 1.2534447125463755
6.283185307179586 1.0918516081391587
6.3617251235193315 0.8481665332405384
6.440264939859076 0.9933238663393782
6.51880475619882 1.1422942810535481
6.5973445725385655 1.0856604366939555
6.675884388878311 1.0288762659248623
6.754424205218055 0.9210161683248314
6.8329640215578 0.9673831323019156
6.911503837897545 0.9651822464857449
6.99004365423729 0.9722728251258347
7.0685834705770345 1.209591713815783
7.147123286916779 1.0473175987143486
7.225663103256524 0.8953002123700484
7.304202919596269 0.9989002549852919
7.382742735936014 0.9451837292667351
7.461282552275758 0.938940030938203
7.5398223686155035 1.1058302157747613
7.618362184955249 1.0256680451600466
7.696902001294993 1.0199319303574392
7.7754418176347375 1.1833198270781384
