0.125 0.933621768707483
0.375 0.9097224489795919
0.625 0.9281605442176871
0.875 0.9601687074829932
1.125 0.9746802721088436
1.375 1.013738775510204
1.625 1.0643591836734694
1.875 1.0822993197278912
2.125 1.0661850340136054
2.375 1.046487074829932
2.625 1.0685687074829933
2.875 1.0312163265306122
3.125 0.9971945578231293
3.375 1.0334503401360544
3.625 1.0400816326530613
3.875 1.0126965986394558
4.125 1.0302965986394559
4.375 1.0355074829931972
4.625 1.0286965986394558
4.875 0.9904789115646259
5.125 0.9922258503401361
5.375 0.9898204081632653
5.625 0.9590530612244897
5.875 1.0024380952380951
6.125 1.0048380952380953
6.375 1.0306530612244897
6.625 0.990930612244898
6.875 0.9679482993197279
7.125 0.9446530612244898
7.375 0.9161034013605442
7.625 0.9564925170068027
7.875 0.9960462585034013
8.125 1.0004544217687075
8.375 1.0039945578231293
8.625 0.9673741496598639
8.875 0.9607809523809524
9.125 0.9378775510204082
9.375 0.9078013605442177
9.625 0.9271727891156463
9.875 0.8986340136054422
10.125 0.8904027210884353
10.375 0.909934693877551
10.625 0.9024027210884353
10.875 0.8929197278911565
11.125 0.913156462585034
11.375 0.9339210884353741
11.625 0.9215401360544218
11.875 0.9535319727891156
12.125 0.9567238095238095
12.375 0.9597360544217687
12.625 0.9924571428571428
12.875 1.0166040816326531
13.125 1.0151455782312926
13.375 1.041869387755102
13.625 1.066821768707483
13.875 1.0993224489795919
14.125 1.0905659863945578
14.375 1.0470666666666666
14.625 1.06338231292517
14.875 0.9948571428571429
15.125 0.9921115646258504
15.375 0.9862802721088435
15.625 1.0083891156462585
15.875 1.0336027210884353
16.125 1.0889006802721088
16.375 1.0267510204081634
16.625 1.027330612244898
16.875 0.9871210884353742
17.125 0.9794639455782312
17.375 1.023330612244898
17.625 1.0231972789115646
17.875 0.999221768707483
18.125 0.9828544217687075
18.375 0.9857768707482993
18.625 1.0024625850340136
18.875 1.0090068027210883
19.125 1.0238095238095237
19.375 1.0604326530612245
19.625 1.049708843537415
19.875 1.0523292517006804
20.125 1.0667918367346938
20.375 1.0780734693877552
20.625 1.015491156462585
20.875 1.0058176870748299
21.125 0.9468027210884353
21.375 0.9964952380952381
21.625 1.0196108843537415
21.875 1.0439918367346939
22.125 1.0804163265306121
22.375 1.132604081632653
22.625 1.0923727891156463
22.875 1.0410204081632652
23.125 1.0058503401360543
23.375 0.9823727891156463
23.625 0.9904326530612245
23.875 1.0038149659863946
24.125 0.9844462585034014
24.375 0.9669006802721088
24.625 0.9758476190476191
24.875 0.9634993197278912
