# r  Cs(r) [pure estimator]
0.225 0.000755276341805409
0.675 0.0007546013570049006
1.125 0.0007523134364279727
1.575 0.0007558391127143797
2.025 0.0007575482806393315
2.475 0.0007559280259354654
2.9250000000000003 0.0007560206072577509
3.375 0.0007536621007337856
3.825 0.0007474374470475866
4.275 0.0007491558164173826
4.7250000000000005 0.0007520551283402858
5.175 0.0007478081665823624
5.625 0.0007484957497496686
6.075 0.0007520553477546146
6.525 0.0007503719711223074
6.9750000000000005 0.0007506480555423747
7.425 0.0007454154866967889
7.875 0.0007483087416520657
8.325000000000001 0.0007496528485219767
8.775 0.0007513426443222946
9.225 0.0007490389593798698
9.675 0.0007498561295845958
10.125 0.0007483360421036891
10.575000000000001 0.0007506025512451471
11.025 0.0007450647169380176
11.475 0.0007476948041731555
11.925 0.0007481838505669173
12.375 0.0007479068258633961
12.825000000000001 0.0007485642511512555
13.275 0.0007468246871322973
13.725 0.0007490248008517288
14.175 0.0007506629242730094
14.625 0.0007474899100092468
15.075000000000001 0.0007455980874555377
15.525 0.0007478190286321063
15.975 0.0007468908218469525
16.425 0.0007499964948411443
16.875 0.0007517462973297207
17.325 0.0007473748830281578
17.775000000000002 0.0007466116499742602
18.225 0.0007517512883055551
18.675 0.0007475845763122189
19.125 0.0007444100513920161
19.575 0.0007506791281750008
20.025000000000002 0.0007481081733251739
20.475 0.0007486302467227806
20.925 0.0007507768062566715
21.375 0.0007448799153598185
21.825 0.0007468025821377326
22.275000000000002 0.0007490377862774846
22.725 0.0007482168802745265
23.175 0.000746028879412378
23.625 0.0007493532317608705
24.075 0.0007502330239533562
24.525000000000002 0.0007458887999120541
24.975 0.0007478717346700959
25.425 0.0007505850462708349
25.875 0.0007460052569897529
26.325 0.0007501350057689854
26.775000000000002 0.0007469763321031538
27.225 0.0007462874210609262
27.675 0.0007472957998469747
28.125 0.0007458988163200116
28.575 0.0007503676469075125
29.025000000000002 0.0007480131016730995
29.475 0.0007469907228209596
29.925 0.0007462769836487491
30.375 0.0007466683658288741
30.825 0.0007486026626512326
31.275000000000002 0.0007474417200566797
31.725 0.0007465717003549278
32.175000000000004 0.000747138147105449
32.625 0.0007456862475172932
33.075 0.0007455211432281098
33.525 0.0007493554769234882
33.975 0.00074965830825153
34.425000000000004 0.0007481444700950435
34.875 0.0007475449316376862
35.325 0.0007494918070858958
35.775 0.0007514271563108993
36.225 0.0007497364142001483
36.675000000000004 0.0007503030729703306
37.125 0.0007498132251870758
37.575 0.0007481109331552555
38.025 0.0007485754186595186
38.475 0.0007479310421313661
38.925000000000004 0.0007491664827031778
39.375 0.0007492774200295811
39.825 0.0007499059364959212
40.275 0.000747262794212588
40.725 0.0007496564104852515
41.175000000000004 0.0007483987662589682
41.625 0.0007465790701309532
42.075 0.0007425370509836665
42.525 0.0007481965987943064
42.975 0.0007484564167748402
43.425000000000004 0.0007480943185892424
43.875 0.0007433990604334406
44.325 0.0007480616474503339
44.775 0.0007490166041885482
