# k values and corresponding S(k) [pure estimator]
0.0 66.71639213833349
0.06981317007977318 0.5689528679878548
0.13962634015954636 0.7220142222764534
0.20943951023931956 0.8189186834352842
0.2792526803190927 0.8761209836948106
0.3490658503988659 0.9306698471374302
0.4188790204786391 0.8960831221591017
0.4886921905584123 0.9616427315520836
0.5585053606381855 0.9480057609956549
0.6283185307179586 0.9429947890350138
0.6981317007977318 0.9756959622453958
0.767944870877505 0.9664166858108756
0.8377580409572782 0.9808688490448836
0.9075712110370514 0.9682604506323271
0.9773843811168246 0.9649084252484893
1.0471975511965976 0.9632160634549274
1.117010721276371 0.9605996825436706
1.1868238913561442 0.9568984077405425
1.2566370614359172 0.983684722604511
1.3264502315156905 0.9596273448145988
1.3962634015954636 0.950242126577897
1.4660765716752369 0.9682326555585903
1.53588974175501 0.964778943390699
1.6057029118347832 0.9462651766379319
1.6755160819145565 0.9552950024038513
1.7453292519943295 0.9571805019524461
1.8151424220741028 0.9937328814661661
1.8849555921538759 0.981201529971953
1.9547687622336491 0.9966318042804988
2.0245819323134224 0.9846203819540549
2.0943951023931953 0.978854557326504
2.1642082724729685 1.0189201909295436
2.234021442552742 1.0106644115195669
2.303834612632515 0.9851538049126712
2.3736477827122884 0.9742578654268514
2.443460952792061 0.9916735048815482
2.5132741228718345 0.9568192075568127
2.5830872929516078 0.9704318509502324
2.652900463031381 0.9835222962963186
2.722713633111154 0.9826145324435804
2.792526803190927 1.0080946238774344
2.8623399732707004 0.9889568642543385
2.9321531433504737 0.9837576807382988
3.001966313430247 0.9960362916920213
3.07177948351002 0.9927155195141102
3.141592653589793 0.9750478094491363
3.2114058236695664 0.985578030526612
3.2812189937493397 0.9671781623883867
3.351032163829113 0.9835800915882333
3.420845333908886 0.9808628443686769
3.490658503988659 0.9901186792644553
3.5604716740684323 0.9810114031985072
3.6302848441482056 0.9988168611220292
3.7000980142279785 0.984091867683261
3.7699111843077517 1.0024563781293403
3.839724354387525 0.9829898423700657
3.9095375244672983 1.003542547921141
3.9793506945470716 0.9856976749183388
4.049163864626845 1.0045797967033918
4.118977034706618 0.9814121720775326
4.1887902047863905 0.9748161695382548
4.258603374866164 0.9960188827582349
4.328416544945937 0.9786540446378158
4.39822971502571 0.9690845242889586
4.468042885105484 1.010050785760544
4.537856055185257 0.9997386087614829
4.60766922526503 0.9576851269169787
4.6774823953448035 0.9924945284877865
4.747295565424577 0.968537931627633
4.817108735504349 0.9976638633820974
4.886921905584122 0.9686770166402721
4.956735075663896 0.9932996700792315
5.026548245743669 0.9933260086563117
5.096361415823442 0.9769142090182711
5.1661745859032155 0.9998883869507815
