# r  Cs(r) [pure estimator]
0.075 1.881407212290592e-6
0.22499999999999998 -3.885077382803561e-7
0.375 -1.1406112636996802e-6
0.525 -9.540028506935921e-7
0.6749999999999999 1.2938538446735016e-6
0.825 4.161259201476012e-6
0.975 1.226943297551937e-6
1.125 6.283191802184668e-7
1.275 -1.1932832176841357e-6
1.425 -5.328334810463731e-7
1.575 1.463491461610926e-6
1.7249999999999999 -9.707241263862313e-7
1.875 -2.7210551265686502e-6
2.025 -1.945624491638637e-6
2.175 3.389266835603114e-7
2.3249999999999997 3.4803219453052124e-7
2.475 -5.221778979492171e-7
2.625 1.8374550882098872e-7
2.775 -7.28244305444886e-8
2.925 -4.4957008826118554e-7
3.0749999999999997 1.3595408367960659e-6
3.225 1.522411352355816e-7
3.375 1.841295799926608e-6
3.525 4.6671532870732125e-7
3.675 6.389855869868648e-7
3.8249999999999997 2.0752139518928455e-7
3.9749999999999996 3.449824436968542e-7
4.125 -1.0640927923678933e-6
4.2749999999999995 1.2612506534198716e-6
4.425 8.244587942269259e-7
4.575 7.858960525449095e-7
4.725 1.5626733772730004e-6
4.875 1.7854343597359464e-6
5.0249999999999995 2.195570715420597e-7
5.175 -8.631516305265325e-7
5.325 -1.750477115022498e-6
5.475 1.4915755708883512e-6
5.625 4.2660740395006586e-7
5.7749999999999995 -3.0170085666044563e-6
5.925 -7.209889883288465e-7
6.075 -4.611790003975987e-7
6.225 8.795718514642118e-8
6.375 -1.6561412239683313e-6
6.5249999999999995 -2.0534353386216e-7
6.675 -3.2332020644510323e-7
6.825 -1.0322745097711725e-6
6.975 -1.1047322140318357e-6
7.125 -5.338232858449287e-7
7.2749999999999995 -3.4971394516209176e-7
7.425 1.9052999283339387e-6
7.574999999999999 5.0365760573347614e-8
7.725 1.1608583415916796e-7
7.875 2.6255719007237453e-7
8.025 6.776562469347724e-7
8.174999999999999 1.6327257542910042e-6
8.325 6.262245083032931e-7
8.475 7.470006039934366e-7
8.625 2.3494917710366124e-7
8.775 -2.267701593698516e-6
8.924999999999999 -3.8889159074341544e-7
9.075 -5.266968835074323e-7
9.225 -3.365796555675139e-6
9.375 6.92823103446303e-7
9.525 1.6661579135360648e-6
9.674999999999999 2.2647001348707282e-6
9.825 -2.162985182381458e-6
9.975 -1.0807922079043895e-6
10.125 1.0242425066127728e-6
10.275 -2.9295954116846006e-7
10.424999999999999 2.1985030198038684e-6
10.575 7.302908884839732e-7
10.725 1.795266587024948e-6
10.875 -4.272049468979105e-7
11.025 -9.604903688812743e-8
11.174999999999999 2.7931818019395664e-6
11.325 1.3292262725903276e-7
11.475 5.84033727775628e-7
11.625 1.2166896271518344e-6
11.775 -2.956172261262005e-7
11.924999999999999 1.6362588372172601e-6
12.075 -1.2213735732649178e-6
12.225 -2.3760841840245367e-6
12.375 2.9473366278993603e-7
12.525 -1.9604568423965843e-6
12.674999999999999 2.012077664150106e-6
12.825 1.4927891146019815e-6
12.975 -6.449819974323234e-7
13.125 -3.5259055639339584e-7
13.275 1.986253143621459e-6
13.424999999999999 9.447006656610325e-7
13.575 -1.2587473434082608e-6
13.725 1.469821693147433e-6
13.875 2.86140519598305e-7
14.025 3.5685039133846363e-7
14.174999999999999 1.1061583421324874e-6
14.325 7.558588425933458e-7
14.475 -2.556808777515405e-6
14.625 -1.0458281003768777e-6
14.774999999999999 3.3070069745205455e-7
14.924999999999999 -2.2792299797231758e-7
