# k values and corresponding S(k) [pure estimator]
0.0 0.9734900564956086
0.20943951023931953 0.9696903660881324
0.41887902047863906 0.9717839546076157
0.6283185307179586 0.9719605719587295
0.8377580409572781 0.9667218476908571
1.0471975511965976 0.9701798881014284
1.2566370614359172 0.9716248183258499
1.4660765716752366 0.9738011850194032
1.6755160819145563 0.975182954745929
1.8849555921538759 0.9713243810839669
2.0943951023931953 0.9647713613131423
2.3038346126325147 0.974041302248848
2.5132741228718345 0.9693669765553568
2.722713633111154 0.9675120012343245
2.9321531433504733 0.9667894937856195
3.141592653589793 0.9676761780947195
3.3510321638291125 0.9681450225624689
3.560471674068432 0.9648554146729815
3.7699111843077517 0.9704536942561385
3.979350694547071 0.9716805088388886
4.1887902047863905 0.9681821667662682
4.39822971502571 0.9695668634539644
4.607669225265029 0.9691510231367355
4.817108735504349 0.9677304669874263
5.026548245743669 0.9688110918279853
5.235987755982988 0.972200215831307
5.445427266222308 0.9733144643690912
5.654866776461628 0.9666779630698814
5.864306286700947 0.9758525477494082
6.073745796940266 0.9687998705548011
6.283185307179586 0.9682232667921808
6.492624817418905 0.9705744897440926
6.702064327658225 0.9732683958361152
6.911503837897545 0.9702114327590905
7.120943348136864 0.971538688659646
7.330382858376184 0.9704962918436579
7.5398223686155035 0.9731696029452714
7.749261878854822 0.9730335113985285
7.958701389094142 0.9762455719594614
8.168140899333462 0.9701082061097508
8.377580409572781 0.9752332152296426
8.5870199198121 0.9720391705698319
8.79645943005142 0.9696310385417115
9.00589894029074 0.9725714684885143
9.215338450530059 0.9730845419670393
9.42477796076938 0.9700176721768078
9.634217471008698 0.9677604686932184
9.843656981248017 0.9678494798164424
10.053096491487338 0.9683371822429472
10.262536001726657 0.970729377002928
10.471975511965976 0.9697394596466419
10.681415022205297 0.967501777961719
10.890854532444616 0.9653320334441011
11.100294042683934 0.9706636166205035
11.309733552923255 0.9726651512881695
11.519173063162574 0.9706715130470102
11.728612573401893 0.9718186335650567
11.938052083641214 0.9730139367036941
12.147491593880533 0.9632044673115288
12.356931104119852 0.9723076748468147
12.566370614359172 0.9711507770105202
12.775810124598491 0.9720082342425789
12.98524963483781 0.9685017179438916
13.194689145077131 0.9713734156529914
13.40412865531645 0.9687212598164431
13.613568165555769 0.9698765251503849
13.82300767579509 0.9685482816724389
14.032447186034409 0.9681425073158165
14.241886696273728 0.970284198362794
14.451326206513048 0.9705576841585362
14.660765716752367 0.9725564941455676
14.870205226991686 0.9712175787918859
15.079644737231007 0.9715999299500754
15.289084247470326 0.9716726790715606
15.498523757709645 0.9710127086170971
