block_size         error    difference      rel_diff
-------------------------------------------------------
       2  9.898325e-07  4.093489e-07  4.135538e-01
       4  1.399181e-06  5.779060e-07  4.130315e-01
       8  1.977087e-06  8.144890e-07  4.119641e-01
      16  2.791576e-06  1.144275e-06  4.099029e-01
      32  3.935852e-06  1.597989e-06  4.060086e-01
      64  5.533841e-06  2.207828e-06  3.989685e-01
     128  7.741669e-06  2.990521e-06  3.862889e-01
     256  1.073219e-05  3.910675e-06  3.643874e-01
     512  1.464286e-05  4.702850e-06  3.211700e-01
    1024  1.934571e-05  4.927818e-06  2.547240e-01
    2048  2.427353e-05  4.107615e-06  1.692220e-01
    4096  2.838115e-05  1.832422e-06  6.456476e-02
    8192  3.021357e-05  1.425979e-06  4.719664e-02
   16384  3.163955e-05  -8.164782e-07  2.580562e-02
   32768  3.082307e-05  5.901213e-07  1.914544e-02
   65536  3.141319e-05  -4.985136e-06  1.586956e-01
  131072  2.642806e-05           ---           ---
