# k values and corresponding S(k) [pure estimator]
0.0 1.7006153150330803
0.07853981633974483 1.0456016117780549
0.15707963267948966 0.9878400188806461
0.23561944901923448 0.9861427226018425
0.3141592653589793 0.9624628898980334
0.39269908169872414 0.9849634280313672
0.47123889803846897 0.9728918894733553
0.5497787143782138 0.9748475249281023
0.6283185307179586 0.9712776135320604
0.7068583470577035 0.9762215714582425
0.7853981633974483 0.970576270936238
0.8639379797371931 0.9709908518897479
0.9424777960769379 0.9694790988560013
1.0210176124166828 0.970346047119375
1.0995574287564276 0.9615939378173815
1.1780972450961724 0.9763748217092767
1.2566370614359172 0.9756427007375995
1.335176877775662 0.9759899783422962
1.413716694115407 0.9753574654852789
1.4922565104551517 0.9710421012522952
1.5707963267948966 0.979613861809244
1.6493361431346414 0.9683813113111962
1.7278759594743862 0.9776351368835065
1.806415775814131 0.9754462985702703
1.8849555921538759 0.9740310646973576
1.9634954084936207 0.9796098845517055
2.0420352248333655 0.9787292472711931
2.1205750411731104 0.9857414195818021
2.199114857512855 0.9726307087839274
2.2776546738526 0.9796746804618893
2.356194490192345 0.9800770967651224
2.4347343065320897 0.9768175481494333
2.5132741228718345 0.9711430386567452
2.5918139392115793 0.9744046645844643
2.670353755551324 0.9839632302216154
2.748893571891069 0.9726629789042933
2.827433388230814 0.9701011911001323
2.9059732045705586 0.9737028851713371
2.9845130209103035 0.9710710570334574
3.0630528372500483 0.964501701270482
3.141592653589793 0.981764350225957
3.220132469929538 0.9728157430589875
3.2986722862692828 0.9761515580364704
3.3772121026090276 0.9722677921358525
3.4557519189487724 0.9864265457056823
3.5342917352885173 0.9657886481346141
3.612831551628262 0.96631188512633
3.691371367968007 0.9709429248706402
3.7699111843077517 0.9664542978209546
3.8484510006474966 0.9721470150051691
3.9269908169872414 0.9774432226131433
4.005530633326986 0.9867348975449958
4.084070449666731 0.9655955777813084
4.162610266006476 0.9725841526973809
4.241150082346221 0.9827698776128728
4.319689898685965 0.9763723869243821
4.39822971502571 0.9709198190671244
4.476769531365456 0.9717573609184897
4.5553093477052 0.9720568452394216
4.633849164044944 0.9784399049665765
4.71238898038469 0.977854736653918
4.790928796724435 0.9691247710950542
4.869468613064179 0.963165278564304
4.948008429403924 0.9668386848100873
5.026548245743669 0.9689546788794074
5.105088062083414 0.9700930122056372
5.183627878423159 0.9753177060545105
5.262167694762903 0.9748147430894819
5.340707511102648 0.9724678158654995
5.419247327442394 0.985243582086242
5.497787143782138 0.983494407838725
5.576326960121882 0.983807325085616
5.654866776461628 0.9747043661453566
5.733406592801373 0.9721700207012928
5.811946409141117 0.9722576153201108
