# block  <P^4>
1 0.0
2 0.4275639950617268
3 0.5799175654320947
4 0.6324355592592629
5 0.5519157990157969
6 0.5668327987654285
7 0.6026648049382733
8 0.5160703555703574
9 0.5926710777777775
10 0.7402302444444476
11 0.6310558975308695
12 0.5640010779344107
13 0.6311149603482867
14 0.610696090123456
15 0.6431749382716038
16 0.5791731543209889
17 0.6033490456790084
18 0.5317205913580219
19 0.5608350395061733
20 0.5830353123456801
21 0.6067740049382686
22 0.5920814345678983
23 0.5676731086419705
24 0.6065311345679016
25 0.6163604493382239
26 0.6484180419753003
27 0.5633344123456775
28 0.5827815630445272
29 0.7743707370370315
30 0.5384271098765382
31 0.5860842975308681
32 0.5706662407407408
33 0.6551383641975297
34 0.5783991271604928
35 0.6150957024691353
36 0.5743863592592597
37 0.6491050703703694
38 0.6673521592592552
39 0.52064887901234
40 0.6234341283950606
41 0.5947647283950563
42 0.7430712654320986
43 0.6826005537672225
44 0.672746498765434
45 0.5402847313180605
46 0.6216424049382726
47 0.5597064694323926
48 0.5663015876543187
49 0.6944882746944538
50 0.6486511111111098
51 0.5842168621501912
52 0.5638719687719711
53 0.616823608490273
54 0.6306503299169969
55 0.5616241938271589
56 0.5832215031881673
57 0.5707041160493805
58 0.5872866567901183
59 0.5464587345678977
60 0.6270329962962934
61 0.5672604432098739
62 0.5256309962962991
63 0.617320335802471
64 0.6547020135802449
65 0.5952715246913591
66 0.6404228493827098
67 0.5018571740740763
68 0.610834685185182
69 0.5952438654321031
70 0.5634206037037022
71 0.6063072481481422
72 0.5840302512388903
73 0.6997188851851861
74 0.6145358395061694
75 0.629604039278327
76 0.7300726728395102
77 0.6561949444444406
78 0.5797585382716013
79 0.5633099135802456
80 0.5976418307196067
81 0.5618223961223919
82 0.589699409876545
83 0.5425015703703704
84 0.6040786185185151
85 0.64622683209877
86 0.6180880962962916
87 0.5920608999999946
88 0.5728152740740731
89 0.5123643418310064
90 0.6855528126194816
91 0.5642123555260118
92 0.6589857375894457
93 0.6395591024691327
94 0.5901974022118276
95 0.5269884074074036
96 0.6473130698599836
97 0.5876179185185142
98 0.587379695061726
99 0.5802402612489059
100 0.6989723580246875
101 0.6358553518518549
102 0.5960375148148094
103 0.5749387432098773
104 0.6190481802469093
105 0.5958698024691422
106 0.5255478024691345
107 0.6289939260247933
108 0.6618477399144115
109 0.6254594419753042
110 0.6069068666666679
111 0.5613217971057425
112 0.5495244938271552
113 0.604866581481482
114 0.7164089530864135
115 0.5943828604938312
116 0.5706460419753043
117 0.618087235802473
118 0.572579462512795
119 0.5800534160493832
120 0.6051386456790131
121 0.6879573395061747
122 0.5771669086419713
123 0.519795324691355
124 0.5266914061728416
125 0.6059508839506251
126 0.5818406234567847
127 0.5615645234567869
128 0.5239215345678974
129 0.5952713163379799
130 0.6667415530864182
131 0.5608931202807729
132 0.6071561759228395
133 0.5734643615643579
134 0.5891589135802485
135 0.5745159345678991
136 0.5663768901234558
137 0.6641415037037052
138 0.5846995407407425
139 0.5078341818675096
140 0.5614697518518496
141 0.5737823703703693
142 0.7113690987654312
143 0.5957038320987521
144 0.626217455899459
145 0.5855967975308614
146 0.6396197604938204
147 0.6039607111111116
148 0.6206637448970809
149 0.6391054506172819
150 0.6497868259259242
151 0.5901167191883258
152 0.5920335602668945
153 0.6284071817071867
154 0.5785812061728371
155 0.5566829780397663
156 0.5661491674707397
157 0.6502167333333354
158 0.5816869543209804
159 0.5496888654320999
160 0.5800542147085332
161 0.6227557493827169
162 0.567247714814812
163 0.5845840506172809
164 0.5980715320987655
165 0.752637990123459
166 0.5724630333333288
167 0.4708913419753053
168 0.6148259555259505
169 0.6048598629629661
170 0.5755540997787878
171 0.5263179123456767
172 0.5999884538859825
173 0.5566406319900137
174 0.6510731592592569
175 0.5413777703703682
176 0.48204491604938576
177 0.6199584201485416
178 0.6501641864197494
179 0.635879379747147
180 0.5960661908822333
181 0.591975628395059
182 0.5680087000580788
183 0.5834710278179411
184 0.590342113580248
185 0.5941055105388467
186 0.6419732218398883
187 0.565368522222221
188 0.5455679889766323
189 0.7097441567901214
190 0.6803883425216742
191 0.6407087962963057
192 0.5749136148148103
193 0.6178551604938298
194 0.5668090358024669
195 0.6184274456790121
196 0.6343699407407352
197 0.536213099999995
198 0.5208424666666617
199 0.6065930735930698
200 0.6791797239797203
201 0.555470703703701
202 0.5721309938271545
203 0.6452398814814716
204 0.6021570962962939
205 0.5759169419753043
206 0.547017065213364
207 0.5288747061728348
208 0.5593159197530889
