block_size         error    difference      rel_diff
-------------------------------------------------------
       2  7.751205e-07  3.210513e-07  4.141954e-01
       4  1.096172e-06  4.540167e-07  4.141839e-01
       8  1.550188e-06  6.420227e-07  4.141578e-01
      16  2.192211e-06  9.078138e-07  4.141087e-01
      32  3.100025e-06  1.283480e-06  4.140225e-01
      64  4.383505e-06  1.814062e-06  4.138383e-01
     128  6.197568e-06  2.562982e-06  4.135465e-01
     256  8.760550e-06  3.618206e-06  4.130113e-01
     512  1.237876e-05  5.099610e-06  4.119646e-01
    1024  1.747837e-05  7.174305e-06  4.104677e-01
    2048  2.465267e-05  1.002768e-05  4.067583e-01
    4096  3.468035e-05  1.387217e-05  4.000009e-01
    8192  4.855252e-05  1.846734e-05  3.803580e-01
   16384  6.701986e-05  2.153537e-05  3.213282e-01
   32768  8.855523e-05  3.495293e-06  3.947021e-02
   65536  9.205052e-05  -4.276247e-06  4.645543e-02
  131072  8.777428e-05           ---           ---
