# r  Cs(r) [pure estimator]
0.125 0.000222696668276335
0.375 0.00021094639033285138
0.625 0.0002160808734831993
0.875 0.00021790078619871644
1.125 0.00020686041794506146
1.375 0.00021976251493338952
1.625 0.00021284871159663873
1.875 0.00021528971699895908
2.125 0.00021523978000872676
2.375 0.0002141936199788357
2.625 0.00020299144618151203
2.875 0.00021518282708859332
3.125 0.00021285856951392188
3.375 0.00020945975845150218
3.625 0.0002001878777432068
3.875 0.0002079559113887507
4.125 0.00020372596194971927
4.375 0.00020565279753935922
4.625 0.00020752346195740986
4.875 0.00020332856959002677
5.125 0.00020247743284425591
5.375 0.0002035234501460214
5.625 0.00020934401239872902
5.875 0.00020209368728732138
6.125 0.00019574934843761703
6.375 0.00020369034157703483
6.625 0.00021252712327515257
6.875 0.00020192781188659576
7.125 0.00020058308893603809
7.375 0.00020472771518383054
7.625 0.00020189199942010106
7.875 0.0002056129120947887
8.125 0.00020466346796937525
8.375 0.00020154793525881546
8.625 0.0002087092159257013
8.875 0.00020553349077817424
9.125 0.000183097975612898
9.375 0.00019605433644954962
9.625 0.00020503291407876018
9.875 0.00020043168962940013
10.125 0.00020127960342404772
10.375 0.00020478394149278623
10.625 0.00021160800188437946
10.875 0.00019667944557404926
11.125 0.0001966738553076655
11.375 0.00018955814157426183
11.625 0.0002038541999237278
11.875 0.00020227547132698783
12.125 0.00020558396146190582
12.375 0.00017649811711540833
12.625 0.00020917821660048144
12.875 0.00019716781459388908
13.125 0.00019118465844987365
13.375 0.00019937343878481832
13.625 0.00019563417770904052
13.875 0.0002007395683121842
14.125 0.00020145915270130505
14.375 0.000201497530514695
14.625 0.00019276972224056523
14.875 0.00018246929233807754
15.125 0.0002015529207679326
15.375 0.0001922087084507895
15.625 0.00019681416081305365
15.875 0.00019598452827306888
16.125 0.00020617543981807861
16.375 0.00020391866915775734
16.625 0.00019737021759825535
16.875 0.0001854336093503955
17.125 0.00018173288054234473
17.375 0.00020108767985043029
17.625 0.00019536635210942716
17.875 0.000203458604162662
18.125 0.00019410499195402837
18.375 0.00020454848585398487
18.625 0.00018751320180201842
18.875 0.0001889523781336647
19.125 0.0002038767898570139
19.375 0.00019656684832552955
19.625 0.00019489321401932084
19.875 0.00020014108962246725
20.125 0.0001919162533409061
20.375 0.00019837807491068923
20.625 0.00020908728286196036
20.875 0.0002086093949095787
21.125 0.0001846622152695752
21.375 0.0002016527356593127
21.625 0.00020015979264893457
21.875 0.00020171377366828814
22.125 0.00019471742362504814
22.375 0.00020003907470781193
22.625 0.0001961080470654191
22.875 0.0001968970116761918
23.125 0.0001956715136392937
23.375 0.00019550343363524327
23.625 0.0001898876327913682
23.875 0.00019029846380850705
24.125 0.00020358161926908885
24.375 0.00020237655647066977
24.625 0.0002051354741095033
24.875 0.00019352417993542603
