0.2 0.9146898734177216
0.6000000000000001 0.9275179324894515
1.0 0.948636075949367
1.4000000000000001 0.9440833333333334
1.8 0.9088597046413502
2.2 0.8296181434599156
2.6 0.8333966244725738
3.0 0.8842869198312237
3.4000000000000004 0.8999388185654008
3.8000000000000003 1.0012668776371307
4.2 1.0503533755274261
4.6000000000000005 1.071509493670886
5.0 1.1065242616033755
5.4 1.0599852320675105
5.800000000000001 1.0879345991561182
6.2 1.1290548523206752
6.6000000000000005 1.0695917721518988
7.0 1.0437647679324895
7.4 1.0320654008438819
7.800000000000001 0.9966360759493671
8.200000000000001 0.9955886075949367
8.6 1.0057637130801689
9.0 0.9891740506329114
9.4 1.0122848101265822
9.8 0.9984841772151899
10.200000000000001 0.9785295358649789
10.600000000000001 0.9799651898734177
11.0 0.9727637130801687
11.4 1.0173111814345992
11.8 1.0120443037974685
12.200000000000001 0.9756012658227848
12.600000000000001 1.0239862869198313
13.0 1.0658428270042195
13.4 1.0275949367088608
13.8 1.0052573839662446
14.200000000000001 1.0334314345991562
14.600000000000001 1.027097046413502
15.0 1.0475369198312237
15.4 1.0510601265822785
15.8 1.0064725738396625
16.2 1.0125337552742617
16.6 1.0039588607594936
17.0 0.9527763713080168
17.400000000000002 0.9228132911392405
17.8 0.9426128691983122
18.2 0.9369103375527427
18.6 0.9529767932489451
19.0 0.9847362869198312
19.400000000000002 1.0072310126582278
19.8 1.0152267932489452
20.200000000000003 1.0434641350210971
20.6 1.072629746835443
21.0 1.1118449367088608
21.400000000000002 1.0816086497890296
21.8 1.000032700421941
22.200000000000003 1.0304535864978903
22.6 0.9935643459915612
23.0 0.9131002109704641
23.400000000000002 0.9018248945147679
23.8 0.9339430379746836
24.200000000000003 0.9285801687763713
24.6 0.9532900843881856
25.0 1.053545358649789
25.400000000000002 1.0650791139240505
25.8 1.0866308016877637
26.200000000000003 1.0794746835443039
26.6 1.0614725738396624
27.0 0.9605770042194093
27.400000000000002 0.9389071729957806
27.8 0.9597521097046413
28.200000000000003 1.0261002109704642
28.6 1.0348122362869199
29.0 1.0326402953586498
29.400000000000002 1.0275305907172996
29.8 0.9954335443037975
30.200000000000003 1.0071761603375526
30.6 0.9999989451476793
31.0 0.9488006329113924
31.400000000000002 0.9282932489451476
31.8 0.9495274261603376
32.2 0.9549873417721519
32.6 0.9823080168776371
33.0 0.9915084388185654
33.4 0.9956318565400843
33.800000000000004 1.0458786919831224
34.2 1.0712911392405062
34.6 1.0702879746835443
35.0 1.0512753164556963
35.4 1.038701476793249
35.800000000000004 1.0059894514767933
36.2 0.9664894514767932
36.6 0.9702194092827005
37.0 0.9633681434599156
37.4 1.0127310126582278
37.800000000000004 1.0524303797468355
38.2 1.0299082278481013
38.6 1.008190928270042
39.0 0.9471455696202532
39.400000000000006 0.9823881856540084
39.800000000000004 1.0418997890295358
