# r  Cs(r) [pure estimator]
0.2 -2.6027483470054064e-6
0.6000000000000001 -2.798183850278939e-6
1.0 -2.822717305353234e-6
1.4000000000000001 -3.1379763444843953e-6
1.8 -1.6497248876788287e-6
2.2 -3.2586329893691464e-6
2.6 -3.661142596978598e-6
3.0 -2.1633361175679684e-6
3.4000000000000004 -3.4801039273375036e-6
3.8000000000000003 -4.092957131252909e-6
4.2 -3.0904141960190272e-6
4.6000000000000005 -1.6697069286432735e-6
5.0 -2.0385787775955313e-6
5.4 -2.6561074129710022e-6
5.800000000000001 -2.5206420301528592e-6
6.2 -5.105402982254589e-6
6.6000000000000005 -1.6958921649140657e-6
7.0 -1.8887344040428655e-6
7.4 -3.610433508073743e-6
7.800000000000001 -3.380410513793434e-6
8.200000000000001 -2.695298455139999e-6
8.6 -2.835728586373783e-6
9.0 -1.8679739550349416e-6
9.4 -2.267601512708581e-6
9.8 -1.8692744143955788e-6
10.200000000000001 -2.566433630811939e-6
10.600000000000001 -8.968910173678654e-7
11.0 -2.8263480335937566e-6
11.4 -9.550936815975799e-7
11.8 -2.628794227848815e-6
12.200000000000001 -1.624799471543956e-6
12.600000000000001 -1.6199164987098846e-6
13.0 -2.1233621314665024e-6
13.4 -1.1742933497785514e-6
13.8 -1.429184288733254e-6
14.200000000000001 -2.40992599876733e-6
14.600000000000001 -2.5819092114789474e-6
15.0 -2.804410920819723e-6
15.4 -1.8356640644394637e-6
15.8 -8.949467118238302e-7
16.2 -1.0634109661290527e-6
16.6 -1.522388243109475e-6
17.0 -1.4742184908204583e-6
17.400000000000002 -2.458987617685694e-6
17.8 -1.9006949914985626e-8
18.2 -3.195758839453891e-6
18.6 -8.927548251999821e-8
19.0 -1.872608255488831e-6
19.400000000000002 -1.828769640399731e-6
19.8 -3.069276430058505e-6
20.200000000000003 -3.5895823361873237e-6
20.6 -2.1781445614942693e-6
21.0 -2.395956244320158e-6
21.400000000000002 -1.7492213134052515e-6
21.8 -1.3606478508116247e-6
22.200000000000003 -1.7968828982560533e-6
22.6 -2.138306267747167e-6
23.0 -8.56522978146498e-7
23.400000000000002 -2.97587012973123e-6
23.8 -1.8537588794322229e-6
24.200000000000003 -1.790432196031306e-6
24.6 -5.615267106893749e-7
25.0 -1.8980890015163296e-6
25.400000000000002 -3.5497353041281305e-6
25.8 -2.771078509023717e-7
26.200000000000003 -1.2269263425629996e-7
26.6 -2.776912382110304e-7
27.0 -2.3625595170103673e-6
27.400000000000002 -1.4431222325804168e-6
27.8 -2.738271287627625e-6
28.200000000000003 -2.2658967215112962e-6
28.6 -5.337813339920531e-7
29.0 -2.509207071575344e-6
29.400000000000002 -1.0739075135812955e-6
29.8 -1.5396112264818052e-6
30.200000000000003 -1.8006524991236483e-6
30.6 -1.802160876865188e-6
31.0 -1.5888955983000973e-6
31.400000000000002 -1.0067585584277953e-6
31.8 -1.784402407307517e-6
32.2 -2.1511067326582597e-6
32.6 -5.852179578597818e-7
33.0 -1.0401464641489346e-6
33.4 -1.9354885571649104e-6
33.800000000000004 -1.4100392523589663e-6
34.2 -1.6829883488330608e-6
34.6 -1.4014498418137474e-6
35.0 -1.0565760971913405e-6
35.4 -4.3881501785065903e-7
35.800000000000004 -1.1063431575516747e-6
36.2 -8.740557231917223e-7
36.6 -2.9610245825936953e-6
37.0 3.7165499904302805e-7
37.4 -2.457415162877994e-6
37.800000000000004 -2.8523204327069453e-6
38.2 1.6643876665245283e-7
38.6 -3.32513244742328e-7
39.0 -1.1982457146557456e-6
39.400000000000006 -8.608341850379183e-7
39.800000000000004 -2.2547440906540363e-6
