block_size         error    difference      rel_diff
-------------------------------------------------------
       2  1.422614e-07  5.892460e-08  4.141996e-01
       4  2.011860e-07  8.332915e-08  4.141896e-01
       8  2.845151e-07  1.178371e-07  4.141682e-01
      16  4.023523e-07  1.666249e-07  4.141268e-01
      32  5.689771e-07  2.355833e-07  4.140471e-01
      64  8.045605e-07  3.330015e-07  4.138924e-01
     128  1.137562e-06  4.705193e-07  4.136208e-01
     256  1.608081e-06  6.644519e-07  4.131955e-01
     512  2.272533e-06  9.374023e-07  4.124923e-01
    1024  3.209935e-06  1.321978e-06  4.118393e-01
    2048  4.531913e-06  1.861998e-06  4.108636e-01
    4096  6.393911e-06  2.629827e-06  4.113017e-01
    8192  9.023738e-06  3.694376e-06  4.094064e-01
   16384  1.271811e-05  5.155344e-06  4.053544e-01
   32768  1.787346e-05  6.812169e-06  3.811332e-01
   65536  2.468563e-05  8.877642e-06  3.596280e-01
  131072  3.356327e-05           ---           ---
