block_size         error    difference      rel_diff
-------------------------------------------------------
       2  6.422864e-08  2.656057e-08  4.135315e-01
       4  9.078920e-08  3.750161e-08  4.130625e-01
       8  1.282908e-07  5.286893e-08  4.121022e-01
      16  1.811597e-07  7.432901e-08  4.102954e-01
      32  2.554888e-07  1.039510e-07  4.068713e-01
      64  3.594398e-07  1.441436e-07  4.010228e-01
     128  5.035834e-07  1.966211e-07  3.904440e-01
     256  7.002045e-07  2.626993e-07  3.751752e-01
     512  9.629038e-07  3.401052e-07  3.532078e-01
    1024  1.303009e-06  4.272855e-07  3.279222e-01
    2048  1.730295e-06  5.419803e-07  3.132301e-01
    4096  2.272275e-06  6.904094e-07  3.038406e-01
    8192  2.962684e-06  8.056016e-07  2.719161e-01
   16384  3.768286e-06  6.164081e-07  1.635779e-01
   32768  4.384694e-06  5.508996e-07  1.256415e-01
   65536  4.935594e-06  -4.817461e-07  9.760652e-02
  131072  4.453847e-06           ---           ---
