# r  Cs(r) [pure estimator]
0.1 0.0005039624463196855
0.30000000000000004 0.0005079265621492794
0.5 0.0005017541975086555
0.7000000000000001 0.0004935320734668458
0.9 0.000501145682062643
1.1 0.0004930957322440235
1.3 0.0005030682104029933
1.5 0.0005115779895043018
1.7000000000000002 0.0005056117496210113
1.9000000000000001 0.0005010581240846245
2.1 0.0005012973486152892
2.3000000000000003 0.0004934136539765876
2.5 0.0004991643945156094
2.7 0.0005030956652873085
2.9000000000000004 0.0005051750706106564
3.1 0.0004996322429835906
3.3000000000000003 0.0005049030574963662
3.5 0.0005018927230258434
3.7 0.0005081871029091834
3.9000000000000004 0.0004928615508954787
4.1000000000000005 0.00048488012903590905
4.3 0.0005007327155174798
4.5 0.000495313964782256
4.7 0.0004968307163632724
4.9 0.0004875598471869867
5.1000000000000005 0.0004925378469081801
5.300000000000001 0.0004938929907965231
5.5 0.0004985922733855589
5.7 0.0004931686038651555
5.9 0.0004903443262860789
6.1000000000000005 0.0004962401068005127
6.300000000000001 0.0004903494716014658
6.5 0.0004960594571169481
6.7 0.0004841325376928919
6.9 0.0004905970518990628
7.1000000000000005 0.000487396902388003
7.300000000000001 0.0004949925811041602
7.5 0.0004915630336536747
7.7 0.0004964979732870513
7.9 0.0004986766602420252
8.1 0.0005004972068649998
8.3 0.0004949179347428232
8.5 0.0004926627325352082
8.700000000000001 0.00048191832401749856
8.9 0.0004997525978311457
9.1 0.0004954181132773758
9.3 0.0004893661922999119
9.5 0.0004951067115738548
9.700000000000001 0.0004918667982078368
9.9 0.0004892870049330273
10.100000000000001 0.000494868884536006
10.3 0.0005077665492742345
10.5 0.0005058143717989438
10.700000000000001 0.0004944593966981177
10.9 0.000499834643458248
11.100000000000001 0.0004898990254608395
11.3 0.0005015492817382875
11.5 0.0005014876492066508
11.700000000000001 0.0004867408340543635
11.9 0.0004943575920184852
12.100000000000001 0.0005034985783871868
12.3 0.0004993634401501154
12.5 0.0004925546233807112
12.700000000000001 0.0004873860254154579
12.9 0.0004897616786943057
13.100000000000001 0.0004865906821536826
13.3 0.0004930119722546849
13.5 0.0004982632510414668
13.700000000000001 0.0005089258175693206
13.9 0.0004863044124569362
14.100000000000001 0.00048756787223607384
14.3 0.0004938901563577221
14.5 0.0004979082735238506
14.700000000000001 0.0004927473454444554
14.9 0.0004865903319877131
15.100000000000001 0.0004897661356855748
15.3 0.0004922275352468093
15.5 0.0004865162905770506
15.700000000000001 0.0004949856783739649
15.9 0.0004944901912018445
16.1 0.0004866628295119166
16.3 0.0004829710611328183
16.5 0.0004909566546195765
16.7 0.0004969176467773903
16.900000000000002 0.0005019321798220857
17.1 0.0004911120772242923
17.3 0.0004931664980454473
17.5 0.0004893695196349993
17.7 0.00048724343003917576
17.900000000000002 0.0004894987275823813
18.1 0.0004939772700984107
18.3 0.0005020167594136442
18.5 0.0004940884158001768
18.7 0.0004765307785307199
18.900000000000002 0.00048784210682989426
19.1 0.0004980617808553151
19.3 0.000493091850917861
19.5 0.0004903424673888936
19.700000000000003 0.00048762179507039996
19.900000000000002 0.0005015086346502099
