block_size         error    difference      rel_diff
-------------------------------------------------------
       2  5.395091e-07  2.234630e-07  4.141968e-01
       4  7.629721e-07  3.160118e-07  4.141852e-01
       8  1.078984e-06  4.468735e-07  4.141615e-01
      16  1.525857e-06  6.318803e-07  4.141149e-01
      32  2.157738e-06  8.933627e-07  4.140275e-01
      64  3.051100e-06  1.262736e-06  4.138626e-01
     128  4.313837e-06  1.784091e-06  4.135740e-01
     256  6.097927e-06  2.518635e-06  4.130313e-01
     512  8.616562e-06  3.551621e-06  4.121854e-01
    1024  1.216818e-05  4.996048e-06  4.105829e-01
    2048  1.716423e-05  6.989869e-06  4.072346e-01
    4096  2.415410e-05  9.610464e-06  3.978813e-01
    8192  3.376456e-05  1.270083e-05  3.761586e-01
   16384  4.646540e-05  1.457349e-05  3.136418e-01
   32768  6.103888e-05  1.287105e-05  2.108664e-01
   65536  7.390993e-05  5.777336e-06  7.816725e-02
  131072  7.968727e-05           ---           ---
