# k values and corresponding S(k) [pure estimator]
0.0 16.181574417809127
0.20943951023931953 0.9093179897100542
0.41887902047863906 0.9338549566196727
0.6283185307179586 0.9635539412996089
0.8377580409572781 0.9600272106698526
1.0471975511965976 0.9618071422142603
1.2566370614359172 0.9637718095148969
1.4660765716752366 0.9517995712644919
1.6755160819145563 0.9794502698180393
1.8849555921538759 0.9749063884884732
2.0943951023931953 0.9555523976360553
2.3038346126325147 0.9702659770552563
2.5132741228718345 0.9658334494314249
2.722713633111154 0.9753348255098595
2.9321531433504733 0.9645579343780121
3.141592653589793 0.9699806584153984
3.3510321638291125 0.9599760080441255
3.560471674068432 0.9716061204522449
3.7699111843077517 0.9653511229017928
3.979350694547071 0.9896625841214197
4.1887902047863905 0.9677260324844533
4.39822971502571 0.969325700748338
4.607669225265029 0.9629297531680431
4.817108735504349 0.9766748803078561
5.026548245743669 0.9556312389123869
5.235987755982988 0.9769841915763848
5.445427266222308 0.9680094416355358
5.654866776461628 0.9632111781181343
5.864306286700947 0.9717658298946115
6.073745796940266 0.9663192597082699
6.283185307179586 0.9770421424252178
6.492624817418905 0.9472504219835327
6.702064327658225 0.9773913802894888
6.911503837897545 0.9580594309743835
7.120943348136864 0.975182164001256
7.330382858376184 0.9638069019764665
7.5398223686155035 0.9649944561382665
7.749261878854822 0.9753712253321395
7.958701389094142 0.9538642894808538
8.168140899333462 0.9757227427513347
8.377580409572781 0.9719705159537064
8.5870199198121 0.9607649136806915
8.79645943005142 0.9596392118829123
9.00589894029074 0.9681530210555905
9.215338450530059 0.9656771352045334
9.42477796076938 0.972528957831035
9.634217471008698 0.9658902596163145
9.843656981248017 0.9676511179423535
10.053096491487338 0.9754045544487856
10.262536001726657 0.9676303626406978
10.471975511965976 0.9679345687539459
10.681415022205297 0.9762398439725288
10.890854532444616 0.9845280085318643
11.100294042683934 0.958866089632974
11.309733552923255 0.9664161581698961
11.519173063162574 0.9682032145491271
11.728612573401893 0.9689342661005556
11.938052083641214 0.9724833893910996
12.147491593880533 0.972444582136656
12.356931104119852 0.9806227385416919
12.566370614359172 0.9680799782951076
12.775810124598491 0.9764906178080637
12.98524963483781 0.9776277678930714
13.194689145077131 0.9679368455557176
13.40412865531645 0.9762538324537512
13.613568165555769 0.9703715751559793
13.82300767579509 0.9777830105649338
14.032447186034409 0.9722118789138322
14.241886696273728 0.9677193860126505
14.451326206513048 0.9552277403038081
14.660765716752367 0.9701820152201938
14.870205226991686 0.9792498212750304
15.079644737231007 0.974744024419254
15.289084247470326 0.9761935195848755
15.498523757709645 0.9766818695500291
