block_size         error    difference      rel_diff
-------------------------------------------------------
       2  2.501886e-08  1.035293e-08  4.138050e-01
       4  3.537178e-08  1.462574e-08  4.134861e-01
       8  4.999753e-08  2.064028e-08  4.128259e-01
      16  7.063780e-08  2.907097e-08  4.115498e-01
      32  9.970877e-08  4.078984e-08  4.090897e-01
      64  1.404986e-07  5.682373e-08  4.044434e-01
     128  1.973223e-07  7.812343e-08  3.959178e-01
     256  2.754458e-07  1.049646e-07  3.810718e-01
     512  3.804104e-07  1.346956e-07  3.540797e-01
    1024  5.151060e-07  1.645614e-07  3.194710e-01
    2048  6.796674e-07  1.879570e-07  2.765427e-01
    4096  8.676244e-07  2.035977e-07  2.346611e-01
    8192  1.071222e-06  2.369885e-07  2.212319e-01
   16384  1.308211e-06  3.503169e-07  2.677833e-01
   32768  1.658528e-06  3.146029e-07  1.896881e-01
   65536  1.973130e-06  3.328457e-07  1.686891e-01
  131072  2.305976e-06           ---           ---
