0.15 0.8686949152542373
0.44999999999999996 0.8639227871939736
0.75 0.8232693032015066
1.05 0.8602297551789078
1.3499999999999999 0.8874783427495292
1.65 0.9118173258003767
1.95 0.9321977401129944
2.25 0.9627664783427495
2.55 0.9222429378531073
2.85 0.9489529190207157
3.15 0.925864406779661
3.4499999999999997 0.9387815442561205
3.75 0.9957118644067796
4.05 1.0067532956685499
4.35 1.020418079096045
4.6499999999999995 1.082461393596987
4.95 1.105126177024482
5.25 1.0936252354048963
5.55 1.0638549905838042
5.85 1.0654538606403012
6.1499999999999995 1.0581770244821092
6.45 1.0162598870056496
6.75 0.9883841807909605
7.05 0.9915028248587571
7.35 0.968804143126177
7.6499999999999995 0.9725235404896422
7.949999999999999 0.9782937853107344
8.25 1.0156516007532956
8.549999999999999 1.0510696798493409
8.85 1.0570470809792845
9.15 1.0914331450094161
9.45 1.0853596986817327
9.75 1.0487476459510359
10.049999999999999 1.0149359698681732
10.35 1.0036497175141244
10.65 1.0022674199623351
10.95 1.0284199623352166
11.25 1.0061525423728814
11.549999999999999 0.9921864406779661
11.85 0.9718983050847457
12.15 0.9637457627118644
12.45 0.9610677966101695
12.75 0.9994444444444445
13.049999999999999 1.049532956685499
13.35 1.0691374764595103
13.65 1.0336252354048965
13.95 1.0505725047080978
14.25 1.034864406779661
14.549999999999999 1.003442561205273
14.85 1.0269774011299435
15.149999999999999 1.0022787193973635
15.45 1.001156308851224
15.75 0.97875329566855
16.05 0.9355800376647835
16.349999999999998 0.9298116760828625
16.65 1.0150640301318268
16.95 1.0235461393596987
17.25 1.0253427495291902
17.55 1.032005649717514
17.849999999999998 1.054180790960452
18.15 1.007382297551789
18.45 1.046386064030132
18.75 1.0391242937853107
19.05 1.0052052730696799
19.349999999999998 1.003497175141243
19.65 0.9829868173258004
19.95 0.9884237288135593
20.25 1.0095291902071564
20.55 1.0330809792843691
20.849999999999998 1.0267476459510358
21.15 0.9877627118644068
21.45 0.9329152542372882
21.75 0.9476139359698682
22.05 0.9697024482109228
22.349999999999998 1.0341996233521658
22.65 0.9981111111111111
22.95 0.9987608286252354
23.25 0.9911676082862524
23.55 1.0056459510357816
23.849999999999998 1.0313653483992467
24.15 1.0117231638418078
24.45 1.005009416195857
24.75 1.0430414312617702
25.05 1.0427099811676084
25.349999999999998 1.0481996233521658
25.65 1.0570546139359698
25.95 1.0770320150659134
26.25 1.0094708097928438
26.55 1.0065649717514125
26.849999999999998 0.9980018832391714
27.15 0.9847401129943503
27.45 0.9471619585687382
27.75 0.9305725047080979
28.05 0.9860433145009416
28.349999999999998 0.9905800376647834
28.65 0.9790112994350283
28.95 0.9977212806026365
29.25 1.0286723163841809
29.549999999999997 1.0031016949152542
29.849999999999998 1.0014613935969867
