block_size         error    difference      rel_diff
-------------------------------------------------------
       2  4.515674e-08  1.869219e-08  4.139402e-01
       4  6.384893e-08  2.641590e-08  4.137251e-01
       8  9.026483e-08  3.730451e-08  4.132785e-01
      16  1.275693e-07  5.260967e-08  4.124006e-01
      32  1.801790e-07  7.399803e-08  4.106918e-01
      64  2.541770e-07  1.035480e-07  4.073854e-01
     128  3.577251e-07  1.435517e-07  4.012905e-01
     256  5.012767e-07  1.956001e-07  3.902039e-01
     512  6.968768e-07  2.576678e-07  3.697466e-01
    1024  9.545447e-07  3.221698e-07  3.375115e-01
    2048  1.276714e-06  3.735102e-07  2.925558e-01
    4096  1.650225e-06  3.682475e-07  2.231499e-01
    8192  2.018472e-06  2.512733e-07  1.244869e-01
   16384  2.269746e-06  2.485702e-07  1.095146e-01
   32768  2.518316e-06  2.970229e-07  1.179451e-01
   65536  2.815339e-06  2.580092e-07  9.164411e-02
  131072  3.073348e-06           ---           ---
