# k values and corresponding S(k) [pure estimator]
0.0 1.6459876718578474
0.07853981633974483 1.0577257056453189
0.15707963267948966 0.9942485432394895
0.23561944901923448 0.9700631084932211
0.3141592653589793 0.9803768423551601
0.39269908169872414 0.9812544786587857
0.47123889803846897 0.979074163417205
0.5497787143782138 0.9719368283789189
0.6283185307179586 0.9756245148945296
0.7068583470577035 0.9747337576762389
0.7853981633974483 0.9740247233897135
0.8639379797371931 0.972193107316888
0.9424777960769379 0.9650630819778885
1.0210176124166828 0.9673035386914118
1.0995574287564276 0.9763491333617074
1.1780972450961724 0.9684151417106063
1.2566370614359172 0.9741443694185795
1.335176877775662 0.9720049318028927
1.413716694115407 0.9656279087475111
1.4922565104551517 0.9755367499613199
1.5707963267948966 0.9767005990254956
1.6493361431346414 0.9735950167720978
1.7278759594743862 0.9807513287458683
1.806415775814131 0.9690109348229252
1.8849555921538759 0.971348629393203
1.9634954084936207 0.9720958742663742
2.0420352248333655 0.9700248892719959
2.1205750411731104 0.9723771230696504
2.199114857512855 0.9724096000472294
2.2776546738526 0.9708036019214948
2.356194490192345 0.9726622132130612
2.4347343065320897 0.9666639143367936
2.5132741228718345 0.976706597793981
2.5918139392115793 0.9778063013348688
2.670353755551324 0.9751026829121847
2.748893571891069 0.9733545904465272
2.827433388230814 0.9651719642243
2.9059732045705586 0.9674261957217128
2.9845130209103035 0.9700900859905358
3.0630528372500483 0.9698592742568473
3.141592653589793 0.9720576972140721
3.220132469929538 0.9639547608383865
3.2986722862692828 0.9713960880716513
3.3772121026090276 0.966950163520517
3.4557519189487724 0.9672371236512646
3.5342917352885173 0.9713114089759172
3.612831551628262 0.9711992723564985
3.691371367968007 0.9787455401985584
3.7699111843077517 0.9649556539825576
3.8484510006474966 0.9700038914170508
3.9269908169872414 0.9775186448311217
4.005530633326986 0.971646363093964
4.084070449666731 0.9746222721130077
4.162610266006476 0.9639455724638455
4.241150082346221 0.9777311307209262
4.319689898685965 0.9677602078044819
4.39822971502571 0.9678717525072941
4.476769531365456 0.9674070030967225
4.5553093477052 0.9788203994049672
4.633849164044944 0.965347408481614
4.71238898038469 0.9682718833479022
4.790928796724435 0.9785770115807947
4.869468613064179 0.9736963591268372
4.948008429403924 0.9776545220878229
5.026548245743669 0.9745755269187286
5.105088062083414 0.9574849999307693
5.183627878423159 0.9713726688395588
5.262167694762903 0.9777894184693335
5.340707511102648 0.9739217876911614
5.419247327442394 0.9665535757747471
5.497787143782138 0.971441841440234
5.576326960121882 0.9693172755245244
5.654866776461628 0.9740308791265456
5.733406592801373 0.9721450662096355
5.811946409141117 0.9668152189755829
