0.15 0.8440414312617702
0.44999999999999996 0.8739510357815442
0.75 0.8308323917137477
1.05 0.861713747645951
1.3499999999999999 0.8751412429378531
1.65 0.9071186440677966
1.95 0.933563088512241
2.25 0.9801167608286252
2.55 0.9196610169491526
2.85 0.9242033898305084
3.15 0.9308210922787193
3.4499999999999997 0.9643220338983051
3.75 1.0050395480225989
4.05 1.0065348399246705
4.35 1.0212372881355931
4.6499999999999995 1.0641148775894538
4.95 1.099005649717514
5.25 1.0890188323917138
5.55 1.0452372881355931
5.85 1.0629359698681733
6.1499999999999995 1.0650696798493409
6.45 1.0480527306967984
6.75 0.9936685499058381
7.05 0.9509604519774011
7.35 0.9817608286252354
7.6499999999999995 0.9706101694915255
7.949999999999999 0.973984934086629
8.25 1.0301977401129943
8.549999999999999 1.0368154425612053
8.85 1.0417005649717515
9.15 1.092487758945386
9.45 1.0925762711864406
9.75 1.0412542372881355
10.049999999999999 1.013758945386064
10.35 1.012442561205273
10.65 0.9908964218455744
10.95 0.991527306967985
11.25 1.0220075329566856
11.549999999999999 1.020723163841808
11.85 0.9851694915254238
12.15 0.963789077212806
12.45 0.9666497175141243
12.75 0.9791713747645951
13.049999999999999 1.0395913370998118
13.35 1.090156308851224
13.65 1.0639717514124294
13.95 1.029713747645951
14.25 1.036005649717514
14.549999999999999 0.9916290018832392
14.85 1.0126459510357815
15.149999999999999 1.0027476459510358
15.45 1.0045743879472693
15.75 0.9532391713747645
16.05 0.9513785310734463
16.349999999999998 0.9628455743879473
16.65 1.023478342749529
16.95 1.0205988700564972
17.25 1.0331694915254237
17.55 1.0287306967984935
17.849999999999998 1.0555009416195857
18.15 1.0156064030131826
18.45 1.0204726930320152
18.75 1.043578154425612
19.05 1.0126497175141242
19.349999999999998 0.981653483992467
19.65 0.9774105461393597
19.95 1.009873822975518
20.25 1.0016308851224105
20.55 0.9930583804143126
20.849999999999998 1.040758945386064
21.15 1.0241337099811676
21.45 0.9331977401129944
21.75 0.9707024482109228
22.05 0.9918587570621469
22.349999999999998 1.014310734463277
22.65 0.9895574387947269
22.95 1.0164143126177025
23.25 0.9882316384180792
23.55 1.020337099811676
23.849999999999998 0.9997890772128061
24.15 0.991713747645951
24.45 1.0146271186440678
24.75 1.061084745762712
25.05 1.0374595103578155
25.349999999999998 1.0278116760828626
25.65 1.045804143126177
25.95 1.0791111111111111
26.25 1.0144218455743879
26.55 1.0190414312617702
26.849999999999998 0.9940677966101695
27.15 0.9542937853107345
27.45 0.9551167608286253
27.75 0.9643446327683616
28.05 0.9988229755178908
28.349999999999998 0.9964293785310735
28.65 0.9933728813559322
28.95 1.0163879472693031
29.25 0.9974934086629001
29.549999999999997 0.9923935969868173
29.849999999999998 0.9971129943502824
