# r  Cs(r) [pure estimator]
0.05 0.0003673879483276896
0.15000000000000002 0.000365195399009486
0.25 0.0003771494512925539
0.35000000000000003 0.0003695411506282984
0.45 0.00037390928821752516
0.55 0.00035720375225914636
0.65 0.0003611467501858859
0.75 0.00037741204274227124
0.8500000000000001 0.00035560388029323
0.9500000000000001 0.0003789653349678562
1.05 0.000357470536026687
1.1500000000000001 0.0003891909694561699
1.25 0.0003611784031580559
1.35 0.0003732635556271213
1.4500000000000002 0.000385690932300689
1.55 0.0003508654753602973
1.6500000000000001 0.0003563889258492936
1.75 0.0003705181933973362
1.85 0.0003615583561424083
1.9500000000000002 0.0003724173003620123
2.0500000000000003 0.0003794532283152778
2.15 0.0003789556021559326
2.25 0.000369674253416821
2.35 0.00037326290039690365
2.45 0.0003591177984022671
2.5500000000000003 0.00036173329213111654
2.6500000000000004 0.00035514190983890404
2.75 0.0003574598616251842
2.85 0.000370540869749428
2.95 0.0003838557321270028
3.0500000000000003 0.00035386274885076133
3.1500000000000004 0.00035307878829431464
3.25 0.0003698728307750781
3.35 0.0003545193865107772
3.45 0.0003764710647666574
3.5500000000000003 0.0003636520677305526
3.6500000000000004 0.0003657148979371822
3.75 0.0003627549024970435
3.85 0.0003695025255384507
3.95 0.0003717815044548492
4.05 0.00036469599106644045
4.15 0.0003713677689977008
4.25 0.0003680535996628217
4.3500000000000005 0.0003551456343019962
4.45 0.00036503521140024837
4.55 0.00036460610495512295
4.65 0.000360381917514561
4.75 0.00037345779071251917
4.8500000000000005 0.0003718690125879697
4.95 0.00036893895946206966
5.050000000000001 0.0003743386383050533
5.15 0.00037748591704150474
5.25 0.0003653476107570575
5.3500000000000005 0.00037066675796470816
5.45 0.0003578642486319019
5.550000000000001 0.0003647292757567105
5.65 0.0003711074331358498
5.75 0.0003684668401777258
5.8500000000000005 0.0003560190485306391
5.95 0.0003706959219480024
6.050000000000001 0.0003457675283888311
6.15 0.000340641238585687
6.25 0.00037065547581998704
6.3500000000000005 0.00035553974902668127
6.45 0.00037079469890386607
6.550000000000001 0.0003604787376023091
6.65 0.00035617829260332033
6.75 0.00036909764695500246
6.8500000000000005 0.0003524728016267221
6.95 0.00036901010694003833
7.050000000000001 0.00037846302948060686
7.15 0.0003616852602750576
7.25 0.0003553356896742794
7.3500000000000005 0.00035669428132475
7.45 0.000353273653676487
7.550000000000001 0.0003675588045279506
7.65 0.0003711564237969751
7.75 0.00035855846587154943
7.8500000000000005 0.00036366230300856236
7.95 0.0003712101310526637
8.05 0.00034634431006041555
8.15 0.0003541716532904147
8.25 0.00035275453966574074
8.35 0.00034315980518438737
8.450000000000001 0.0003542938738530205
8.55 0.0003595030925738259
8.65 0.00037873186104353014
8.75 0.0003818546208942218
8.85 0.00036284935137657854
8.950000000000001 0.000359449427772053
9.05 0.00037133765174562065
9.15 0.00036493007354979697
9.25 0.00035491047893775567
9.35 0.00036398809070314344
9.450000000000001 0.0003690204080638869
9.55 0.0003646682103710998
9.65 0.000376145888863755
9.75 0.0003627358474551752
9.850000000000001 0.0003689922429829763
9.950000000000001 0.0003585415213479729
