# k values and corresponding S(k) [pure estimator]
0.0 7.726706101353803
0.3141592653589793 0.934295593851467
0.6283185307179586 0.9670113130988052
0.9424777960769379 0.9557908365689775
1.2566370614359172 0.9900399354010168
1.5707963267948966 0.9649596918853723
1.8849555921538759 0.9686542891776576
2.199114857512855 0.9619789688044382
2.5132741228718345 0.9877891124497185
2.827433388230814 0.978777723933754
3.141592653589793 0.9556318224513984
3.4557519189487724 0.9972592020659656
3.7699111843077517 0.9734723925046407
4.084070449666731 0.9663872556241943
4.39822971502571 0.9616039789975358
4.71238898038469 0.9869441576357776
5.026548245743669 0.9904639998475587
5.340707511102648 0.9584234203364504
5.654866776461628 0.9983126249454574
5.969026041820607 0.9717035243200747
6.283185307179586 0.9881017026645035
6.5973445725385655 1.0051517712620819
6.911503837897545 0.9447738381155315
7.225663103256524 0.971924639920792
7.5398223686155035 0.9346587285000226
7.853981633974483 0.96693795706509
8.168140899333462 0.9596878739880169
8.482300164692441 0.9651522921060465
8.79645943005142 0.9989032442011129
9.1106186954104 0.980084873739381
9.42477796076938 0.9702468361999043
9.738937226128359 0.9748627122662202
10.053096491487338 0.9647471317911236
10.367255756846317 0.9518715783069145
10.681415022205297 0.9847333801114986
10.995574287564276 0.9856225375776501
11.309733552923255 0.9501728209588661
11.623892818282235 0.9785798644352627
11.938052083641214 0.9512236290969948
12.252211349000193 0.9750648584002367
12.566370614359172 0.9674614013457243
12.880529879718152 0.9803771360457358
13.194689145077131 0.9837701508105373
13.50884841043611 0.9703585124631332
13.82300767579509 0.9559510868624893
14.137166941154069 0.9655060313183174
14.451326206513048 0.9888897950633571
14.765485471872028 0.9657078553117149
15.079644737231007 0.9943073669188589
15.393804002589986 0.9739222918142285
15.707963267948966 0.9736081256742998
16.022122533307943 0.9794927371101688
16.336281798666924 0.9545661140166548
16.650441064025905 0.9768317964572825
16.964600329384883 0.9757269048919964
17.27875959474386 0.983143713741548
17.59291886010284 0.9815440074372612
17.907078125461823 0.9846493323365706
18.2212373908208 0.9690001126339174
18.535396656179778 0.9587526033280405
18.84955592153876 0.9870423380476157
19.16371518689774 0.9580315236532185
19.477874452256717 0.9703470246844236
19.792033717615695 0.9617151372038365
20.106192982974676 0.9575044943119284
20.420352248333657 0.9539312618612575
20.734511513692635 0.9740348315549883
21.048670779051612 0.986414717994214
21.362830044410593 1.0113854948977836
21.676989309769574 0.9839775423764074
21.991148575128552 0.9815848412627902
22.30530784048753 0.9798399989839766
22.61946710584651 0.9587409463002167
22.93362637120549 0.9576851836090724
23.24778563656447 0.9921689987481095
