# P_value  count
-1.0 0.0
-0.9666666666666667 298.0
-0.9333333333333333 2562.0
-0.9 4503.0
-0.8666666666666667 9759.0
-0.8333333333333334 15399.0
-0.8 23734.0
-0.7666666666666667 26702.0
-0.7333333333333333 26731.0
-0.7 24980.0
-0.6666666666666666 19500.0
-0.6333333333333333 15806.0
-0.6 12482.0
-0.5666666666666667 8475.0
-0.5333333333333333 5104.0
-0.5 3360.0
-0.4666666666666667 2181.0
-0.43333333333333335 1272.0
-0.4 833.0
-0.36666666666666664 362.0
-0.3333333333333333 309.0
-0.3 177.0
-0.26666666666666666 94.0
-0.23333333333333334 29.0
-0.2 39.0
-0.16666666666666666 34.0
-0.13333333333333333 8.0
-0.1 2.0
-0.06666666666666667 4.0
-0.03333333333333333 8.0
0.0 986.0
0.03333333333333333 11.0
0.06666666666666667 2.0
0.1 0.0
0.13333333333333333 2.0
0.16666666666666666 3.0
0.2 2.0
0.23333333333333334 6.0
0.26666666666666666 36.0
0.3 6.0
0.3333333333333333 2.0
0.36666666666666664 23.0
0.4 83.0
0.43333333333333335 102.0
0.4666666666666667 87.0
0.5 35.0
0.5333333333333333 62.0
0.5666666666666667 266.0
0.6 110.0
0.6333333333333333 136.0
0.6666666666666666 187.0
0.7 149.0
0.7333333333333333 237.0
0.7666666666666667 235.0
0.8 24.0
0.8333333333333334 4.0
0.8666666666666667 88.0
0.9 0.0
0.9333333333333333 0.0
0.9666666666666667 0.0
1.0 0.0
