# block  <P^4>
1 0.0
2 0.13231245679012418
3 0.20736529135802514
4 0.2856109888888875
5 0.304535054807893
6 0.2989786728395088
7 0.34539567037036994
8 0.2795362987654346
9 0.30614440864197456
10 0.3305195777777802
11 0.3203818827160503
12 0.2412660123456815
13 0.26802149506173123
14 0.30595072098765536
15 0.3183439030105719
16 0.2589677851851879
17 0.2972779148148163
18 0.31399025679012266
19 0.2789747345679039
20 0.23907532716049698
21 0.3657961419753093
22 0.31273372345679223
23 0.33270083333332867
24 0.2689130617283967
25 0.2734363530864196
26 0.32206759259259526
27 0.25709388271604955
28 0.26096237959571067
29 0.30227915432099084
30 0.3340357666308268
31 0.22659729876543305
32 0.2596322074074087
33 0.2719037160617412
34 0.27918174074074037
35 0.3091427074074057
36 0.26028510123457177
37 0.20244939382716287
38 0.29783774885997377
39 0.2696756552089902
40 0.2601238975308647
41 0.27192942819362587
42 0.27194585943968735
43 0.3267935444444399
44 0.4412656987654365
45 0.28021426913580233
46 0.2511994160493848
47 0.3052799358024716
48 0.3321575888888847
49 0.29297410620497294
50 0.2866358839506178
51 0.2540735481481489
52 0.37184357530864165
53 0.3987167209876534
54 0.3413984308642004
55 0.3491858382716058
56 0.37318591234567705
57 0.28236239135802665
58 0.2736613444444476
59 0.2407592864197561
60 0.40220085061728333
61 0.3470803308641978
62 0.2625718516051864
63 0.28383195323195587
64 0.29576292469135823
65 0.45789499876542994
66 0.2633349040398438
67 0.23756777160493875
68 0.30933268829935273
69 0.32888186334482783
70 0.35103404444444425
71 0.2705149913580285
72 0.2728047887393596
73 0.2670131592592583
74 0.23962969382715846
75 0.2546117691358051
76 0.3130827209778004
77 0.3344820444444449
78 0.3596955703703708
79 0.48924091234568373
80 0.36673209999876366
81 0.22594369135802608
82 0.26696971728395297
83 0.31024021481481445
84 0.21931135185185502
85 0.3160199518518522
86 0.30927780370370533
87 0.30247415308641795
88 0.2809557259259289
89 0.3635414432098748
90 0.34995456765456995
91 0.24935409629629932
92 0.25413197283950884
93 0.3056760333333334
94 0.27745025061728634
95 0.23868472098765509
96 0.2987683238794361
97 0.3501544234567898
98 0.3978370567703926
99 0.31503542469135676
100 0.3551292768959413
101 0.33312973209876684
102 0.30630608518518615
103 0.30933832716049464
104 0.23140283456790356
105 0.26225312218645863
106 0.25863390123456664
107 0.2696009024691394
108 0.28899856172839883
109 0.24062902098765676
110 0.2550131135802504
111 0.26031554938271567
112 0.3010716037049352
113 0.2725203543209885
114 0.2890780901234608
115 0.252214243780914
116 0.3104368320987659
117 0.3065499012345717
118 0.2763450931784296
119 0.27106257777777776
120 0.3546690432098732
121 0.33627492422562666
122 0.350053311111112
123 0.31479134813826204
124 0.3792667234567878
125 0.3106034862022541
126 0.4033272802469151
127 0.34703134444444655
128 0.3001781320987684
129 0.37629766790123625
130 0.3004216839506164
131 0.2709513370370402
132 0.25204044873216713
133 0.38223155308642026
134 0.2645855052583464
135 0.22327886790123716
136 0.2890404916071547
137 0.3018949481481483
138 0.19974650823663384
139 0.23765882919957426
140 0.37720053827160815
141 0.2701071728395095
142 0.25204730578064033
143 0.26157053703703886
144 0.23789796296296467
145 0.24005940246913898
146 0.2963697197530855
147 0.33750066666666584
148 0.3352809513216926
149 0.21137941111111302
150 0.32440863580247153
151 0.3446012259259252
152 0.36360973580246764
153 0.30303444938271784
154 0.3188451629629629
155 0.3237797950617298
156 0.2501477604938294
157 0.224554493654495
158 0.2349008448341801
159 0.3035933061728443
160 0.279792928395058
161 0.23691924567901496
162 0.26494305432098897
163 0.27455682222222133
164 0.2281800520467203
165 0.3659919654321013
166 0.3540276567901213
167 0.32583178148148545
168 0.2809629185185221
169 0.24630149506173085
170 0.37752054074074143
171 0.2742314419753118
172 0.24821129506173126
173 0.27549738395062184
174 0.24411138395062082
175 0.248604928395065
176 0.2488362592592597
177 0.5155146074074088
178 0.27994982592592643
179 0.2771477469135829
180 0.24417600000000256
181 0.30484171578986213
182 0.33811344444444436
183 0.28740622968647905
184 0.29627954744868623
185 0.21115362045362254
186 0.3174101320987657
187 0.2772504078263208
188 0.23815909012345948
189 0.35557703086419445
190 0.3378443814184535
191 0.31629190864197937
192 0.25956639163305856
193 0.2140794629629619
194 0.23814376049382963
195 0.24935744567901186
196 0.2869312304978989
197 0.4124453663540071
198 0.3395906148148158
199 0.2834719185185217
200 0.22634351017684456
201 0.2486754123456813
202 0.26117191943858864
203 0.23757581111111337
204 0.20983621234567845
205 0.31293916049382675
206 0.3326725456790113
207 0.23353439012345867
208 0.2754072209876534
