# P_value  count
-1.0 881.0
-0.975 4810.0
-0.95 10311.0
-0.925 18825.0
-0.9 24653.0
-0.875 30959.0
-0.85 28418.0
-0.825 24385.0
-0.8 18057.0
-0.775 11840.0
-0.75 7897.0
-0.725 3567.0
-0.7 2533.0
-0.675 1106.0
-0.65 587.0
-0.625 264.0
-0.6 91.0
-0.575 37.0
-0.55 30.0
-0.525 21.0
-0.5 2.0
-0.475 0.0
-0.45 2.0
-0.425 1.0
-0.4 0.0
-0.375 0.0
-0.35 0.0
-0.325 0.0
-0.3 0.0
-0.275 0.0
-0.25 0.0
-0.225 0.0
-0.2 0.0
-0.175 0.0
-0.15 0.0
-0.125 0.0
-0.1 0.0
-0.075 0.0
-0.05 0.0
-0.025 0.0
0.0 982.0
0.025 0.0
0.05 0.0
0.075 0.0
0.1 0.0
0.125 0.0
0.15 0.0
0.175 0.0
0.2 0.0
0.225 0.0
0.25 0.0
0.275 0.0
0.3 0.0
0.325 0.0
0.35 0.0
0.375 0.0
0.4 0.0
0.425 0.0
0.45 2.0
0.475 1.0
0.5 0.0
0.525 0.0
0.55 0.0
0.575 0.0
0.6 33.0
0.625 9.0
0.65 16.0
0.675 16.0
0.7 55.0
0.725 178.0
0.75 294.0
0.775 604.0
0.8 736.0
0.825 1172.0
0.85 1103.0
0.875 1234.0
0.9 956.0
0.925 885.0
0.95 356.0
0.975 123.0
1.0 1.0
