block_size         error    difference      rel_diff
-------------------------------------------------------
       2  7.420032e-07  3.073334e-07  4.141941e-01
       4  1.049337e-06  4.346147e-07  4.141805e-01
       8  1.483951e-06  6.145819e-07  4.141524e-01
      16  2.098533e-06  8.690052e-07  4.141012e-01
      32  2.967538e-06  1.228543e-06  4.139939e-01
      64  4.196081e-06  1.736332e-06  4.137985e-01
     128  5.932413e-06  2.452779e-06  4.134538e-01
     256  8.385192e-06  3.461683e-06  4.128329e-01
     512  1.184687e-05  4.881097e-06  4.120156e-01
    1024  1.672797e-05  6.867812e-06  4.105585e-01
    2048  2.359578e-05  9.628989e-06  4.080809e-01
    4096  3.322477e-05  1.344465e-05  4.046573e-01
    8192  4.666942e-05  1.833783e-05  3.929303e-01
   16384  6.500725e-05  2.370809e-05  3.646992e-01
   32768  8.871535e-05  5.431539e-06  6.122434e-02
   65536  9.414688e-05  4.254581e-07  4.519088e-03
  131072  9.457234e-05           ---           ---
