0.05 0.09608874316009113
0.15000000000000002 0.09535002991708694
0.25 0.09721503261207164
0.35000000000000003 0.060464332364218595
0.45 0.06868938705656151
0.55 0.0839810746873944
0.65 0.036864153201675645
0.75 0.05700753580947633
0.8500000000000001 0.06962305986696231
0.9500000000000001 0.024327502572394532
1.05 0.03327970498382111
1.1500000000000001 0.042
1.25 0.005771953388753766
1.35 0.014447958596894767
1.4500000000000002 0.02273016797393947
1.55 -0.005181158761612159
1.6500000000000001 -0.007812071205108033
1.75 -0.006079411181065431
1.85 -0.04445392794907358
1.9500000000000002 -0.06332837067431642
2.0500000000000003 -0.07800105284176514
2.15 -0.08515797982638035
2.25 -0.11222426963879993
2.35 -0.12603792291485935
2.45 -0.10444964871194379
2.5500000000000003 -0.09509564960484526
2.6500000000000004 -0.08491981703458625
2.75 -0.07606271657460459
2.85 -0.024485625704622323
2.95 -0.07383083889253741
3.0500000000000003 -0.051183554817275746
3.1500000000000004 -0.07418744139139051
3.25 -0.11109581734657009
3.35 -0.11604016706656003
3.45 -0.1284784965666787
3.5500000000000003 -0.13216424294268606
3.6500000000000004 -0.110536546007995
3.75 -0.06742572495997154
3.85 -0.1178008993584075
3.95 -0.10799721581126132
4.05 -0.08333491416105474
4.15 -0.06859941374133123
4.25 -0.156510086048808
4.3500000000000005 -0.08807624350805804
4.45 -0.14739894613997243
4.55 -0.1342690859294762
4.65 -0.11107227125753735
4.75 -0.09601211173407423
4.8500000000000005 -0.07425792386382693
4.95 -0.053599840891010345
5.050000000000001 -0.08880203908241291
5.15 -0.05090604378338745
5.25 -0.03507265049030134
5.3500000000000005 -0.021971705634769065
5.45 -0.005021044081813483
5.550000000000001 -0.024972503200447162
5.65 -0.011388053287494627
5.75 -0.03665590291331039
5.8500000000000005 -0.025118138858596872
5.95 -0.008829554284099738
6.050000000000001 -0.03394591418972259
6.15 0.02141957160856783
6.25 -0.0005948423667728052
6.3500000000000005 -0.008687569268170605
6.45 0.04250946824952022
6.550000000000001 0.055792672516816334
6.65 0.02607011039297226
6.75 0.07355528488293409
6.8500000000000005 0.0542902911268979
6.95 0.10239673294503582
7.050000000000001 0.08198523899171985
7.15 0.07089683376465702
7.25 0.09189581511967405
7.3500000000000005 0.021898290584228625
7.45 0.03345967847340217
7.550000000000001 0.04480146507949721
7.65 0.05490787269681742
7.75 0.03200896319917263
7.8500000000000005 0.02334002055096149
7.95 -0.008195128271572946
8.05 -0.01969572627990657
8.15 -0.04380475594493116
8.25 -0.07465349689342042
8.35 -0.05061250805931657
8.450000000000001 -0.10131846168724412
8.55 -0.07129260258553623
8.65 -0.05475430349894919
8.75 -0.1263606084537994
8.85 -0.13937203523831038
8.950000000000001 -0.16819937614145103
9.05 -0.20228437925887469
9.15 -0.20195109176023832
9.25 -0.20605942269517394
9.35 -0.15628901239846088
9.450000000000001 -0.24890247860473855
9.55 -0.23089679391298693
9.65 -0.27191184869150403
9.75 -0.288835550002466
9.850000000000001 -0.3196483935811386
9.950000000000001 -0.33378043747420555
