0.125 0.8822394557823129
0.375 0.9199047619047619
0.625 0.9173578231292517
0.875 0.9138748299319728
1.125 0.9437142857142857
1.375 1.0034149659863945
1.625 1.0338149659863947
1.875 1.1087918367346938
2.125 1.0875945578231292
2.375 1.0626585034013605
2.625 1.0325931972789115
2.875 1.0495183673469388
3.125 1.0281551020408164
3.375 1.021034013605442
3.625 0.9958802721088436
3.875 1.0370557823129252
4.125 1.0416190476190477
4.375 1.0404027210884355
4.625 1.0324925170068027
4.875 1.0454448979591837
5.125 0.9967945578231292
5.375 0.9636299319727891
5.625 0.9785115646258503
5.875 0.9937170068027211
6.125 0.9895047619047619
6.375 0.9863755102040817
6.625 0.9897442176870749
6.875 0.9911945578231293
7.125 0.9738884353741497
7.375 0.9135972789115646
7.625 0.9547918367346939
7.875 0.9832517006802721
8.125 1.0017278911564627
8.375 0.9820353741496599
8.625 0.9420353741496599
8.875 0.9355700680272109
9.125 0.9436544217687075
9.375 0.9342231292517007
9.625 0.9355265306122449
9.875 0.9403455782312925
10.125 0.938952380952381
10.375 0.9089115646258503
10.625 0.9046639455782313
10.875 0.9026585034013606
11.125 0.886043537414966
11.375 0.9098993197278912
11.625 0.9372489795918367
11.875 0.9586448979591837
12.125 0.9678367346938775
12.375 0.9943918367346939
12.625 0.9927836734693878
12.875 1.025839455782313
13.125 1.030190476190476
13.375 1.0514503401360544
13.625 1.0728843537414965
13.875 1.0795455782312926
14.125 1.0624380952380952
14.375 1.0264761904761905
14.625 1.02501768707483
14.875 1.0267455782312924
15.125 0.9955891156462585
15.375 1.0248027210884354
15.625 1.006487074829932
15.875 0.9920462585034013
16.125 1.0367836734693878
16.375 1.004073469387755
16.625 1.0236462585034014
16.875 1.0153197278911565
17.125 0.9915401360544218
17.375 1.0363183673469387
17.625 1.0057115646258503
17.875 0.9802122448979592
18.125 0.9927374149659864
18.375 1.0497659863945579
18.625 1.033469387755102
18.875 1.01196462585034
19.125 1.0445931972789115
19.375 1.057308843537415
19.625 1.0619619047619047
19.875 1.0562204081632653
20.125 1.0436707482993197
20.375 1.0450721088435375
20.625 1.0285414965986395
20.875 0.9784734693877551
21.125 0.9573823129251701
21.375 0.9675755102040816
21.625 1.0296380952380952
21.875 1.0582204081632653
22.125 1.0745469387755102
22.375 1.1150585034013605
22.625 1.090413605442177
22.875 1.0522149659863946
23.125 0.9919972789115646
23.375 0.9925360544217687
23.625 0.9768244897959184
23.875 1.0132462585034014
24.125 0.9897768707482993
24.375 0.9861632653061224
24.625 0.9912571428571428
24.875 0.9665333333333334
