# P_value  count
-1.0 0.0
-0.9333333333333333 0.0
-0.8666666666666667 6.0
-0.8 209.0
-0.7333333333333333 545.0
-0.6666666666666666 801.0
-0.6 1864.0
-0.5333333333333333 3410.0
-0.4666666666666667 4885.0
-0.4 7503.0
-0.3333333333333333 10124.0
-0.26666666666666666 12915.0
-0.2 14945.0
-0.13333333333333333 16742.0
-0.06666666666666667 17952.0
0.0 19203.0
0.06666666666666667 17912.0
0.13333333333333333 16190.0
0.2 14437.0
0.26666666666666666 11905.0
0.3333333333333333 9209.0
0.4 6975.0
0.4666666666666667 4757.0
0.5333333333333333 2771.0
0.6 1482.0
0.6666666666666666 709.0
0.7333333333333333 218.0
0.8 82.0
0.8666666666666667 15.0
0.9333333333333333 0.0
1.0 0.0
