# k  S_s(k)
0.0 0.0
0.07853981633974483 1.1185522384575781
0.15707963267948966 0.31704534492651965
0.23561944901923448 0.873802634742361
0.3141592653589793 0.8869713632176034
0.39269908169872414 0.36854155830809643
0.47123889803846897 0.6538268904237248
0.5497787143782138 1.8277305884444506
0.6283185307179586 0.5060668157604556
0.7068583470577035 0.2839408105138551
0.7853981633974483 3.1126724194245443
0.8639379797371931 0.6543854116899539
0.9424777960769379 0.24138284196305304
1.0210176124166828 0.24486233941632463
1.0995574287564276 0.7202067430187997
1.1780972450961724 1.1481039796819272
1.2566370614359172 0.6527202402336681
1.335176877775662 0.5218519361232276
1.413716694115407 2.310156019507223
1.4922565104551517 0.7100220504322213
1.5707963267948966 1.2979212038739243
1.6493361431346414 0.6854978895530858
1.7278759594743862 0.5946798607080611
1.806415775814131 1.5564829851773858
1.8849555921538759 0.6479958500116147
1.9634954084936207 0.7114163945359437
2.0420352248333655 0.5351316360093842
2.1205750411731104 1.6899223387699602
2.199114857512855 1.0450246981017435
2.2776546738526 0.6107989377426144
2.356194490192345 0.9237325465470609
2.4347343065320897 0.9933183871233258
2.5132741228718345 1.037247010714324
2.5918139392115793 1.264285741770828
2.670353755551324 1.4875137632690696
2.748893571891069 1.0578851501433335
2.827433388230814 0.7703965795355653
2.9059732045705586 1.298215745450253
2.9845130209103035 1.2532745481324288
3.0630528372500483 1.2387461494799847
3.141592653589793 0.8392344434490674
3.220132469929538 0.7565907996041785
3.2986722862692828 1.1002418733467059
3.3772121026090276 1.5011418419997071
3.4557519189487724 0.7404825231169191
3.5342917352885173 0.9410304306071154
3.612831551628262 0.8480275190269283
3.691371367968007 0.9563260443465131
3.7699111843077517 0.9260675263663607
3.8484510006474966 1.0215082677811274
3.9269908169872414 0.8564438647227994
4.005530633326986 1.0052771074980604
4.084070449666731 0.9495253380408845
4.162610266006476 1.0364438421872466
4.241150082346221 1.2766114048637445
4.319689898685965 1.0624098921098952
4.39822971502571 0.9970755548462034
4.476769531365456 1.2870470971783532
4.5553093477052 1.1090501417650982
4.633849164044944 0.9099519098236164
4.71238898038469 0.9610737884320788
4.790928796724435 1.0418229918462363
4.869468613064179 1.0568941858388117
4.948008429403924 0.9516224768701814
5.026548245743669 1.3369309880471894
5.105088062083414 0.8532742701263754
5.183627878423159 0.93380901632431
5.262167694762903 0.9508041003776552
5.340707511102648 0.9203228750789477
5.419247327442394 1.1541853999149088
5.497787143782138 0.9471125382551376
5.576326960121882 1.0114045179253168
5.654866776461628 0.8887004741738734
5.733406592801373 1.1142524897131667
5.811946409141117 1.1023964910358515
5.890486225480862 0.9564620218100892
5.969026041820607 0.9656362454382831
6.047565858160352 1.0386680938733175
6.126105674500097 0.8116091120337865
6.204645490839841 0.802302293078078
6.283185307179586 0.9982017911628417
6.3617251235193315 0.9515515087438986
6.440264939859076 0.9850783610122066
6.51880475619882 0.8491219250167247
6.5973445725385655 1.051171062953461
6.675884388878311 1.138557604685268
6.754424205218055 1.061111874263684
6.8329640215578 0.9980266019426486
6.911503837897545 0.9520772886751212
6.99004365423729 1.1641759936078724
7.0685834705770345 0.9974225791496645
7.147123286916779 1.1467855275613459
7.225663103256524 0.9808453266472955
7.304202919596269 0.8929655082954829
7.382742735936014 1.0318628742762865
7.461282552275758 1.155738956397044
7.5398223686155035 0.9347416698049313
7.618362184955249 1.0140584647851068
7.696902001294993 1.0854402644287513
7.7754418176347375 1.0614532594640496
