# k  S_n(k)
0.0 30.0
0.20943951023931953 0.7775738900790569
0.41887902047863906 0.5176867022423357
0.6283185307179586 2.3603975793635903
0.8377580409572781 0.957589649164789
1.0471975511965976 0.9618662483258126
1.2566370614359172 1.0757335999805488
1.4660765716752366 1.136794313105732
1.6755160819145563 0.9295053040651118
1.8849555921538759 0.8537986272334753
2.0943951023931953 0.9524769175111353
2.3038346126325147 1.1046624856630745
2.5132741228718345 0.9707626599126054
2.722713633111154 0.7734997488583221
2.9321531433504733 0.9280356257308484
3.141592653589793 0.9748671234539437
3.3510321638291125 1.0045746729735239
3.560471674068432 0.8468679815870812
3.7699111843077517 0.9938346446068753
3.979350694547071 1.0509841554851211
4.1887902047863905 0.9721385630868278
4.39822971502571 1.0214660986498552
4.607669225265029 1.0732361607277052
4.817108735504349 1.013666405095059
5.026548245743669 0.9005770147226639
5.235987755982988 0.9118264375729219
5.445427266222308 0.9164290220120005
5.654866776461628 1.091994800682989
5.864306286700947 0.9115255702531944
6.073745796940266 0.9747184672561663
6.283185307179586 0.93110303568048
6.492624817418905 0.8657963911188513
6.702064327658225 1.003404456813162
6.911503837897545 1.0002595555168174
7.120943348136864 0.97974674990081
7.330382858376184 0.9103070179069187
7.5398223686155035 0.9947106820098517
7.749261878854822 0.9613695823991202
7.958701389094142 0.8794963531434812
8.168140899333462 0.9920909997231188
8.377580409572781 1.0186239572774263
8.5870199198121 0.9463372441040477
8.79645943005142 1.0299543432131077
9.00589894029074 1.019355500362823
9.215338450530059 0.9689527586843305
9.42477796076938 0.9189178604863215
9.634217471008698 1.0002439694988414
9.843656981248017 0.9419638402512639
10.053096491487338 1.0005418858062087
10.262536001726657 0.9984683105693962
10.471975511965976 0.9805354775524635
10.681415022205297 0.951017079981109
10.890854532444616 1.027093629663855
11.100294042683934 0.972343394741145
11.309733552923255 0.9743166070065581
11.519173063162574 0.974917439550672
11.728612573401893 0.9856105609828621
11.938052083641214 0.9645286461901492
12.147491593880533 0.9764176778388326
12.356931104119852 0.9753949127668963
12.566370614359172 0.9989027867356726
12.775810124598491 1.0241746849763704
12.98524963483781 1.0136623483842082
13.194689145077131 0.9859864513095347
13.40412865531645 0.9756019741254205
13.613568165555769 0.9369230176475621
13.82300767579509 0.9997250823137859
14.032447186034409 1.0277296374904539
14.241886696273728 1.002671750956653
14.451326206513048 0.9580321265964367
14.660765716752367 1.0104407903721702
14.870205226991686 1.0081494822655264
15.079644737231007 0.9688736533279357
15.289084247470326 0.9783354825518233
15.498523757709645 1.0203199824000555
15.707963267948966 0.9652426766201577
15.917402778188285 0.9955541886503174
16.126842288427603 1.039676620229728
16.336281798666924 0.9767457799745257
16.54572130890624 0.9471207993151459
16.755160819145562 1.0197355742449092
16.964600329384883 0.9800786883664174
17.1740398396242 1.0541187068849067
17.38347934986352 1.0101447223762194
17.59291886010284 1.0029296615388872
17.80235837034216 0.9479002036812003
18.01179788058148 0.9684650844896272
18.2212373908208 0.9424824891823528
18.430676901060117 0.9838869802699002
18.640116411299438 0.9806684538381166
18.84955592153876 0.9546558814779074
19.058995431778076 1.0299042655434991
19.268434942017397 0.9850607901093215
19.477874452256717 0.982865339061225
19.687313962496034 1.0191876911801836
19.896753472735355 0.9705599775329159
20.106192982974676 0.9624688718236138
20.315632493213993 1.0024847661743324
20.525072003453314 1.0278086397642003
20.734511513692635 0.9765350374841515
