# r  Cs(r) [pure estimator]
0.075 4.141595676771781e-5
0.22499999999999998 3.824742581171358e-5
0.375 3.315311960963383e-5
0.525 3.6809811414047483e-5
0.6749999999999999 3.403065483278703e-5
0.825 3.3070219495489974e-5
0.975 3.115339206961976e-5
1.125 3.3752744816607896e-5
1.275 3.0235190804174545e-5
1.425 3.710741447628673e-5
1.575 2.971872633180556e-5
1.7249999999999999 3.4207912025581704e-5
1.875 2.8373602551609327e-5
2.025 3.3385673779770726e-5
2.175 3.0229067341496283e-5
2.3249999999999997 2.9412682663877635e-5
2.475 2.7925741978913065e-5
2.625 2.5823320275750416e-5
2.775 3.0036298461206272e-5
2.925 3.603756153215649e-5
3.0749999999999997 2.7417765012308755e-5
3.225 3.1169241985665534e-5
3.375 2.2173670940237944e-5
3.525 2.0542833326297894e-5
3.675 2.5624680578510947e-5
3.8249999999999997 2.6071686630639975e-5
3.9749999999999996 3.0472578739361978e-5
4.125 2.7128012605905376e-5
4.2749999999999995 2.741554223480809e-5
4.425 1.885524940415563e-5
4.575 2.8512108603755032e-5
4.725 1.2105686352974375e-5
4.875 2.459252008216695e-5
5.0249999999999995 3.0648681895489376e-5
5.175 2.2999794508288503e-5
5.325 2.791927108039002e-5
5.475 2.248979697674502e-5
5.625 2.115057985965163e-5
5.7749999999999995 1.9142738418172878e-5
5.925 2.33774654949814e-5
6.075 1.7662723687479498e-5
6.225 2.3073822130595817e-5
6.375 2.457772858789752e-5
6.5249999999999995 1.4773623372600669e-5
6.675 2.810444291293076e-5
6.825 2.247887267810482e-5
6.975 2.3950750973116655e-5
7.125 1.9253538578854264e-5
7.2749999999999995 2.952192528928679e-5
7.425 1.070953072679167e-5
7.574999999999999 2.2011330453991617e-5
7.725 2.7427773478307306e-5
7.875 1.4806283833177439e-5
8.025 1.2902988594350915e-5
8.174999999999999 2.336256411653671e-5
8.325 1.3483872225026234e-5
8.475 1.3117463576759613e-5
8.625 2.149296910808241e-5
8.775 1.9110188475481324e-5
8.924999999999999 2.3216824690506954e-5
9.075 1.9432950256578008e-5
9.225 2.1909792406160545e-5
9.375 1.8404210418686952e-5
9.525 1.782603635943776e-5
9.674999999999999 2.5745391870955798e-5
9.825 1.2369389778122799e-5
9.975 2.4810552538857595e-5
10.125 1.803923812574247e-5
10.275 1.7428819901217496e-5
10.424999999999999 1.651842316387112e-5
10.575 2.5054601753979854e-5
10.725 2.5529474340880362e-5
10.875 2.8285981419919136e-5
11.025 2.0977741179609904e-5
11.174999999999999 1.5770475786868745e-5
11.325 1.7037978654904196e-5
11.475 2.316043858842178e-5
11.625 1.9247313555729203e-5
11.775 8.150478794324077e-6
11.924999999999999 1.971462849656418e-5
12.075 1.3371285607106952e-5
12.225 1.9232283971437705e-5
12.375 1.7180668614186486e-5
12.525 4.176413596171817e-6
12.674999999999999 7.983548560914668e-6
12.825 2.4089324688157805e-5
12.975 2.082726173514128e-5
13.125 2.4372619333232468e-5
13.275 1.1521773753991394e-5
13.424999999999999 1.0307985764972843e-5
13.575 2.2337452263370566e-5
13.725 1.1077001010515703e-5
13.875 1.6420331633046882e-5
14.025 1.7829034001114924e-5
14.174999999999999 1.7626963977452726e-5
14.325 1.3220884698572776e-5
14.475 1.5556153964021228e-5
14.625 1.6476853357224913e-5
14.774999999999999 1.7749905699400242e-5
14.924999999999999 1.840330867174462e-5
