# P_value  count
-1.0 0.0
-0.9333333333333333 0.0
-0.8666666666666667 0.0
-0.8 0.0
-0.7333333333333333 83.0
-0.6666666666666666 387.0
-0.6 762.0
-0.5333333333333333 1639.0
-0.4666666666666667 3439.0
-0.4 6522.0
-0.3333333333333333 8708.0
-0.26666666666666666 12025.0
-0.2 15744.0
-0.13333333333333333 19100.0
-0.06666666666666667 22057.0
0.0 22643.0
0.06666666666666667 21370.0
0.13333333333333333 18589.0
0.2 16581.0
0.26666666666666666 11052.0
0.3333333333333333 8555.0
0.4 6195.0
0.4666666666666667 3122.0
0.5333333333333333 1436.0
0.6 735.0
0.6666666666666666 278.0
0.7333333333333333 118.0
0.8 49.0
0.8666666666666667 0.0
0.9333333333333333 4.0
1.0 0.0
