# k  S_n(k)
0.0 80.0
0.07853981633974483 0.6976187391878462
0.15707963267948966 0.6441259232322136
0.23561944901923448 0.37919841099952123
0.3141592653589793 0.36233449838113785
0.39269908169872414 0.2096605885141011
0.47123889803846897 0.39542432399563227
0.5497787143782138 0.4591838963647626
0.6283185307179586 0.20474316318130834
0.7068583470577035 0.6727310823350965
0.7853981633974483 0.35452885386969635
0.8639379797371931 1.7136675199900064
0.9424777960769379 2.1957081806233067
1.0210176124166828 0.9034972748811142
1.0995574287564276 1.1895255379225524
1.1780972450961724 1.7003159210149188
1.2566370614359172 2.22551600759124
1.335176877775662 0.688241489592142
1.413716694115407 0.9369790653184696
1.4922565104551517 2.0170136278331765
1.5707963267948966 0.5047353997511219
1.6493361431346414 1.0090913273128534
1.7278759594743862 1.112977744320849
1.806415775814131 0.7526593112041369
1.8849555921538759 0.6877752469266588
1.9634954084936207 1.3155214703473381
2.0420352248333655 0.7729689640225642
2.1205750411731104 0.7105196478017556
2.199114857512855 0.9491014691238341
2.2776546738526 0.5244468796732926
2.356194490192345 0.8788102278361378
2.4347343065320897 0.7860025694448404
2.5132741228718345 0.7967492144636201
2.5918139392115793 0.6101912753044823
2.670353755551324 1.2406976419083537
2.748893571891069 0.7128509954832704
2.827433388230814 1.1316837495745564
2.9059732045705586 0.9847108971322897
2.9845130209103035 1.0350358777681674
3.0630528372500483 0.9225168265921508
3.141592653589793 1.088825125856485
3.220132469929538 0.6377371903058154
3.2986722862692828 1.2971678330096126
3.3772121026090276 0.913365313127333
3.4557519189487724 0.9509570247207604
3.5342917352885173 0.9274109909743535
3.612831551628262 0.8697121848417722
3.691371367968007 0.8965545611702345
3.7699111843077517 1.0554370084045641
3.8484510006474966 1.0739280257386767
3.9269908169872414 1.2213626239776059
4.005530633326986 0.9565221113543759
4.084070449666731 0.9522678090139614
4.162610266006476 1.0462180508263268
4.241150082346221 1.2772589269399228
4.319689898685965 0.8978503693020203
4.39822971502571 0.9117155959200199
4.476769531365456 1.2511230724051405
4.5553093477052 1.0173675439755459
4.633849164044944 0.7352890105979483
4.71238898038469 0.9677439059629873
4.790928796724435 1.1028513978046206
4.869468613064179 1.0142399158387256
4.948008429403924 1.2207513737038287
5.026548245743669 1.0781533812132318
5.105088062083414 0.9620213466190474
5.183627878423159 0.9737926473805282
5.262167694762903 1.0139030633186807
5.340707511102648 1.2421418881503163
5.419247327442394 0.8233849730669026
5.497787143782138 0.82580471418435
5.576326960121882 0.8722428952271717
5.654866776461628 0.7990724445862702
5.733406592801373 0.9275052780615141
5.811946409141117 1.0030711680636386
5.890486225480862 0.984399897381063
5.969026041820607 1.0768874898168392
6.047565858160352 1.0200512640639303
6.126105674500097 1.0768578917052267
6.204645490839841 1.2027556548363456
6.283185307179586 0.980208819319542
6.3617251235193315 1.0687497614412622
6.440264939859076 1.0136458610256407
6.51880475619882 1.1017276914625465
6.5973445725385655 1.0417070824814398
6.675884388878311 1.0339519588161694
6.754424205218055 0.9611761544541418
6.8329640215578 1.0109556014491707
6.911503837897545 0.837951419495507
6.99004365423729 1.0246119228631532
7.0685834705770345 1.0775565269437648
7.147123286916779 1.029101020956518
7.225663103256524 0.9042559222593638
7.304202919596269 1.0367423605056585
7.382742735936014 0.9992675317696188
7.461282552275758 0.9576103017778045
7.5398223686155035 1.0577237569471656
7.618362184955249 1.0137429029385532
7.696902001294993 0.9911241133075585
7.7754418176347375 1.1754367096425353
