# k  S_n(k)
0.0 90.0
0.06981317007977318 0.8654127585460657
0.13962634015954636 0.2556627529717468
0.20943951023931956 0.4421720172516856
0.2792526803190927 0.3009133812610624
0.3490658503988659 1.0401507882331769
0.4188790204786391 0.3987025904085633
0.4886921905584123 0.7605358451035317
0.5585053606381855 0.3117663919413152
0.6283185307179586 0.18520097307366998
0.6981317007977318 0.4789614857783812
0.767944870877505 1.8875973753421145
0.8377580409572782 0.2172605128785693
0.9075712110370514 2.038115641380299
0.9773843811168246 1.8656327168641738
1.0471975511965976 0.8063491237209356
1.117010721276371 0.463005336270737
1.1868238913561442 2.169392459480192
1.2566370614359172 1.1785447051482563
1.3264502315156905 1.2303391008979698
1.3962634015954636 1.22305169646332
1.4660765716752369 0.672029605803392
1.53588974175501 1.1141033093498178
1.6057029118347832 0.7638493622954003
1.6755160819145565 0.43205103664677835
1.7453292519943295 0.5422510727490195
1.8151424220741028 1.236175482326093
1.8849555921538759 1.2345859723393475
1.9547687622336491 1.9871498184309904
2.0245819323134224 1.2316153877115215
2.0943951023931953 1.2826417841802689
2.1642082724729685 0.5736861573891306
2.234021442552742 1.082209684773695
2.303834612632515 0.8678235977037739
2.3736477827122884 0.7896434421593904
2.443460952792061 1.007690033090721
2.5132741228718345 0.6351395312103526
2.5830872929516078 0.7512709712474517
2.652900463031381 0.9816589690117219
2.722713633111154 1.0147573083677186
2.792526803190927 0.8710255758955798
2.8623399732707004 1.1712675513944122
2.9321531433504737 1.0260181256053407
3.001966313430247 1.0980488194245597
3.07177948351002 1.0236022336479134
3.141592653589793 1.0191781854625086
3.2114058236695664 1.0868026841925365
3.2812189937493397 1.3768322887105187
3.351032163829113 1.5607979293959264
3.420845333908886 0.8019509616969198
3.490658503988659 0.9260592489583312
3.5604716740684323 0.7760735715128966
3.6302848441482056 0.8294527254908864
3.7000980142279785 1.0086187080655473
3.7699111843077517 0.8750106799863622
3.839724354387525 0.9162871944582829
3.9095375244672983 0.9719575698872966
3.9793506945470716 1.4064375118269397
4.049163864626845 0.7800246439903799
4.118977034706618 1.2292036356765867
4.1887902047863905 1.1208732031918498
4.258603374866164 0.8864360225933837
4.328416544945937 1.0947101943589028
4.39822971502571 1.0521489913479154
4.468042885105484 0.977249113703454
4.537856055185257 0.6933458754987081
4.60766922526503 0.8748114134684171
4.6774823953448035 0.9170043903768107
4.747295565424577 0.673802515268029
4.817108735504349 0.8746260946370197
4.886921905584122 0.9597498562929653
4.956735075663896 1.416815128493885
5.026548245743669 1.002167930515708
5.096361415823442 1.1968822844631448
5.1661745859032155 1.0636773467923448
5.235987755982989 0.7692156247523463
5.305800926062762 0.9072428786071801
5.375614096142535 0.991175899489583
5.445427266222308 0.8081188955191185
5.515240436302081 0.7872866977855941
5.585053606381854 0.8111904920714438
5.654866776461628 1.0176513338454982
5.724679946541401 1.1375506293355162
5.794493116621174 0.9046767002268076
5.8643062867009474 0.8633919776674865
5.934119456780721 1.3314636706208451
6.003932626860494 1.0455802111776331
6.073745796940266 0.8493469511575547
6.14355896702004 1.083564322755766
6.213372137099813 0.906700205399577
6.283185307179586 1.0186171333234932
6.3529984772593595 1.115506827074298
6.422811647339133 1.1274284448941525
6.492624817418906 0.9267016575562805
6.562437987498679 0.9219313837005813
6.632251157578453 1.088792195628378
6.702064327658226 1.0815829792899139
6.771877497737998 1.1131052247419546
6.841690667817772 1.1243690840122835
6.911503837897545 0.9957765384911136
