block_size         error    difference      rel_diff
-------------------------------------------------------
       2  4.913389e-08  2.030981e-08  4.133564e-01
       4  6.944370e-08  2.865801e-08  4.126797e-01
       8  9.810171e-08  4.034814e-08  4.112889e-01
      16  1.384499e-07  5.657381e-08  4.086231e-01
      32  1.950237e-07  7.869392e-08  4.035096e-01
      64  2.737176e-07  1.078959e-07  3.941871e-01
     128  3.816135e-07  1.439280e-07  3.771564e-01
     256  5.255415e-07  1.833234e-07  3.488276e-01
     512  7.088649e-07  2.139566e-07  3.018299e-01
    1024  9.228215e-07  2.127322e-07  2.305236e-01
    2048  1.135554e-06  1.623388e-07  1.429600e-01
    4096  1.297892e-06  1.205648e-07  9.289272e-02
    8192  1.418457e-06  1.922767e-08  1.355534e-02
   16384  1.437685e-06  1.663863e-08  1.157321e-02
   32768  1.454324e-06  6.500681e-08  4.469900e-02
   65536  1.519330e-06  7.349805e-08  4.837529e-02
  131072  1.592828e-06           ---           ---
