block_size         error    difference      rel_diff
-------------------------------------------------------
       2  3.606131e-07  1.493495e-07  4.141544e-01
       4  5.099625e-07  2.111825e-07  4.141137e-01
       8  7.211450e-07  2.985739e-07  4.140276e-01
      16  1.019719e-06  4.220216e-07  4.138607e-01
      32  1.441741e-06  5.962438e-07  4.135583e-01
      64  2.037984e-06  8.416469e-07  4.129800e-01
     128  2.879631e-06  1.186311e-06  4.119662e-01
     256  4.065942e-06  1.667953e-06  4.102255e-01
     512  5.733895e-06  2.336093e-06  4.074182e-01
    1024  8.069988e-06  3.260724e-06  4.040556e-01
    2048  1.133071e-05  4.521326e-06  3.990328e-01
    4096  1.585204e-05  6.262017e-06  3.950291e-01
    8192  2.211406e-05  8.285259e-06  3.746603e-01
   16384  3.039931e-05  1.025540e-05  3.373561e-01
   32768  4.065471e-05  1.058570e-05  2.603807e-01
   65536  5.124041e-05  9.420676e-06  1.838525e-01
  131072  6.066109e-05           ---           ---
