block_size         error    difference      rel_diff
-------------------------------------------------------
       2  4.508539e-08  1.863722e-08  4.133760e-01
       4  6.372260e-08  2.629872e-08  4.127063e-01
       8  9.002132e-08  3.702955e-08  4.113419e-01
      16  1.270509e-07  5.192407e-08  4.086872e-01
      32  1.789749e-07  7.222766e-08  4.035630e-01
      64  2.512026e-07  9.905204e-08  3.943114e-01
     128  3.502546e-07  1.321688e-07  3.773507e-01
     256  4.824235e-07  1.678122e-07  3.478524e-01
     512  6.502356e-07  1.969850e-07  3.029440e-01
    1024  8.472206e-07  1.961669e-07  2.315416e-01
    2048  1.043388e-06  1.498744e-07  1.436421e-01
    4096  1.193262e-06  9.068114e-08  7.599433e-02
    8192  1.283943e-06  4.421307e-08  3.443538e-02
   16384  1.328156e-06  -4.341024e-09  3.268459e-03
   32768  1.323815e-06  -5.699677e-10  4.305494e-04
   65536  1.323245e-06  -9.157605e-09  6.920566e-03
  131072  1.314087e-06           ---           ---
