0.225 0.9396828963795256
0.675 0.952401997503121
1.125 0.9111219309196837
1.575 0.9149920932168123
2.025 0.9341040366208906
2.475 0.8826824802330421
2.9250000000000003 0.9206342072409488
3.375 0.9429879317519767
3.825 0.9923162713275073
4.275 0.985632126508531
4.7250000000000005 0.9887582188930504
5.175 1.0026908031627133
5.625 1.0745326674989597
6.075 1.156756554307116
6.525 1.1100749063670412
6.9750000000000005 0.9792193091968373
7.425 1.026053266749896
7.875 0.9573116937161881
8.325000000000001 0.942795672076571
8.775 1.0027282563462339
9.225 1.0433091968372867
9.675 1.0442896379525592
10.125 0.996248023304203
10.575000000000001 0.9245900957136912
11.025 0.9550744902205577
11.475 0.9614839783603829
11.925 0.9527116104868913
12.375 0.9767457344985435
12.825000000000001 1.0813091968372868
13.275 1.0669546400332917
13.725 1.070273824386184
14.175 1.0200998751560548
14.625 1.0058510195588848
15.075000000000001 1.0587906783187682
15.525 1.066054099042863
15.975 1.0548381190178944
16.425 1.04877569704536
16.875 1.0210786516853934
17.325 0.9811885143570537
17.775000000000002 0.9614440282979608
18.225 0.9461315022888057
18.675 1.04451518934665
19.125 1.0479500624219726
19.575 1.0329554723262588
20.025000000000002 1.05968456096546
20.475 1.0329596337910945
20.925 1.0422163961714523
21.375 0.9944519350811486
21.825 0.9697669579692052
22.275000000000002 0.9629479816895548
22.725 0.9503603828547649
23.175 0.9698401997503121
23.625 0.955592176446109
24.075 0.9950911360799001
24.525000000000002 1.0319850187265918
24.975 1.0039650436953809
25.425 1.0980823970037452
25.875 1.0649696213067
26.325 1.0509421556387848
26.775000000000002 1.062342072409488
27.225 1.0318160632542654
27.675 0.9937736163129421
28.125 0.9870312109862671
28.575 0.9816304619225967
29.025000000000002 0.8889463171036205
29.475 0.873330836454432
29.925 0.8956379525593009
30.375 0.987919267582189
30.825 0.9721106949646275
31.275000000000002 1.006086558468581
31.725 1.0726458593424886
32.175000000000004 1.0560516021639617
32.625 1.0654523512276322
33.075 1.0651086142322097
33.525 1.0377811069496463
33.975 1.009798585101956
34.425000000000004 0.9827299209321682
34.875 0.9941173533083646
35.325 1.0045376612567625
35.775 1.0216837286724927
36.225 1.024968789013733
36.675000000000004 1.0055913441531419
37.125 0.9568381190178943
37.575 0.9890262172284644
38.025 1.012342072409488
38.475 0.9551585518102372
38.925000000000004 1.0056662505201832
39.375 1.0283470661672909
39.825 0.9787856845609655
40.275 0.9698252184769038
40.725 1.0173225135247608
41.175000000000004 1.0640998751560549
41.625 1.0901090303786933
42.075 1.0581048689138577
42.525 1.0187732001664587
42.975 0.9672650853100291
43.425000000000004 0.9275530586766542
43.875 0.907043695380774
44.325 0.9496795672076571
44.775 0.9199717020391178
