0.225 0.0730193821416456
0.675 0.05988669164239442
1.125 0.10128956173901288
1.575 0.06226787694328443
2.025 0.0058147098080236935
2.475 -0.005582989091437123
2.9250000000000003 -0.04837715230051838
3.375 -0.0014439541041482789
3.825 0.023080381256563122
4.275 -0.006134751743105476
4.7250000000000005 -0.030847824860920896
5.175 -0.10994718331779739
5.625 -0.06548230859973773
6.075 -0.06002044835279956
6.525 -0.03681410753849095
6.9750000000000005 -0.014807927026209231
7.425 0.08075661723730393
7.875 0.028419158240669096
8.325000000000001 -0.025165766365428433
8.775 -0.029338185126222424
9.225 -0.09617912848135195
9.675 -0.123016081752495
10.125 -0.07235470245415174
10.575000000000001 -0.07426174390919034
11.025 -0.054046894090047946
11.475 -0.09070543089948867
11.925 -0.07597649305528255
12.375 -0.07642387266096322
12.825000000000001 -0.07342942888393025
13.275 0.008505818497815041
13.725 0.045011641343957
14.175 0.06595357565373475
14.625 0.12998601606910876
15.075000000000001 0.12257720670022175
15.525 0.12185680915382117
15.975 0.05988221444419546
16.425 0.03933484855218299
16.875 -0.04847305159818915
17.325 -0.10149817880766614
17.775000000000002 -0.08381327504490661
18.225 -0.06359822550948867
18.675 -0.10136933907576584
19.125 -0.12287548685105058
19.575 -0.09705776184920425
20.025000000000002 -0.06087522021094697
20.475 -0.07595272262289693
20.925 -0.008058468819052197
21.375 -0.002232946166580462
21.825 0.030772201600617933
22.275000000000002 0.01777382880632542
22.725 0.012817705879365034
23.175 0.06493898802244644
23.625 0.07332355523348988
24.075 0.03377043531208546
24.525000000000002 -0.023540038550563337
24.975 -0.04473315957369199
25.425 -0.06284932079985084
25.875 -0.05867871871680991
26.325 -0.053240379597167035
26.775000000000002 -0.08661364270246724
27.225 -0.007996115273765918
27.675 0.026735755461177752
28.125 0.08032089908408507
28.575 0.15156741100990395
29.025000000000002 0.1172723859600831
29.475 0.08342172500517007
29.925 0.1819137280702977
30.375 0.216783699878263
30.825 0.1735090424498134
31.275000000000002 0.05356411620325063
31.725 0.061436206532669554
32.175000000000004 0.05915453884868613
32.625 -0.02963032978398473
33.075 -0.061227073253066276
33.525 -0.0921120800966241
33.975 -0.03674111267620725
34.425000000000004 -0.04461571035358882
34.875 -0.07525920270053046
35.325 -0.046305072612663964
35.775 -0.03635606772171955
36.225 -0.026221680876979292
36.675000000000004 -0.04821646424734609
37.125 -0.017413262053110494
37.575 -0.009979677105817902
38.025 -0.018578032752651626
38.475 -0.04001226883741438
38.925000000000004 -0.054981014774378716
39.375 -0.0476521153583115
39.825 -0.0788759628949049
40.275 -0.140273504713601
40.725 -0.15286182835329412
41.175000000000004 -0.1433693438330064
41.625 -0.10339404137838362
42.075 -0.09669294658357147
42.525 -0.04083963478795088
42.975 -0.04646570335295469
43.425000000000004 0.005795657967347268
43.875 0.07843088676681229
44.325 0.11157365210684989
44.775 0.11909754954557215
