# k  S_s(k)
0.0 0.0
0.06981317007977318 1.0890335668298388
0.13962634015954636 0.3768595406632568
0.20943951023931956 2.2809627404847292
0.2792526803190927 1.0962156303896886
0.3490658503988659 0.619091417860238
0.4188790204786391 3.317624505840587
0.4886921905584123 0.8343523617173215
0.5585053606381855 1.2052419830874186
0.6283185307179586 0.6088865818367811
0.6981317007977318 0.5752628452146263
0.767944870877505 0.6246452466984811
0.8377580409572782 4.4330615020532855
0.9075712110370514 0.5877624523193681
0.9773843811168246 0.606385138140744
1.0471975511965976 0.6315894662460437
1.117010721276371 0.9006397669472195
1.1868238913561442 0.5854107858712295
1.2566370614359172 1.2760807692011653
1.3264502315156905 0.9929210819055566
1.3962634015954636 0.8022857814153859
1.4660765716752369 0.8005049712334288
1.53588974175501 0.9911778894130416
1.6057029118347832 1.761861119004078
1.6755160819145565 1.496166743154569
1.7453292519943295 1.385244070890763
1.8151424220741028 1.3902758814597111
1.8849555921538759 0.692331393737857
1.9547687622336491 0.6683711007824831
2.0245819323134224 0.767317893822048
2.0943951023931953 0.7907858136550879
2.1642082724729685 0.5559364184744988
2.234021442552742 0.8869440109152069
2.303834612632515 0.7220582142377875
2.3736477827122884 1.1799358347226558
2.443460952792061 0.9957275796355439
2.5132741228718345 0.8312332289535613
2.5830872929516078 0.5613033084961849
2.652900463031381 0.9545229207013296
2.722713633111154 1.1742216644438148
2.792526803190927 0.5922291215516112
2.8623399732707004 1.135796195027038
2.9321531433504737 1.116139439837841
3.001966313430247 0.7845921311201747
3.07177948351002 1.0311545843690906
3.141592653589793 1.4974151004771141
3.2114058236695664 0.8435012114614611
3.2812189937493397 1.1491893456862252
3.351032163829113 1.0651505334446791
3.420845333908886 0.8769268859781221
3.490658503988659 1.4614645896419385
3.5604716740684323 0.884673636874842
3.6302848441482056 0.620801495636039
3.7000980142279785 1.2273176367121694
3.7699111843077517 0.9560063219782636
3.839724354387525 0.8346648476243271
3.9095375244672983 0.8314574025049469
3.9793506945470716 0.7233805779972545
4.049163864626845 0.8870304918574129
4.118977034706618 1.2602855730780504
4.1887902047863905 1.1627728472777799
4.258603374866164 1.0342584358127052
4.328416544945937 1.1248323142764753
4.39822971502571 1.0730930859484344
4.468042885105484 0.8402097088824281
4.537856055185257 0.9859197471940406
4.60766922526503 0.9596355939598694
4.6774823953448035 0.8308102320453282
4.747295565424577 0.9757570215386611
4.817108735504349 1.1027508121116267
4.886921905584122 1.0246834066160255
4.956735075663896 0.9457596657316467
5.026548245743669 1.1918387034888258
5.096361415823442 1.1350581116096936
5.1661745859032155 1.1180519406963147
5.235987755982989 1.048629059366708
5.305800926062762 1.248316183473872
5.375614096142535 0.8759515220816243
5.445427266222308 1.0258257446200751
5.515240436302081 1.0079053541419296
5.585053606381854 1.0993063248783415
5.654866776461628 1.0402247415397954
5.724679946541401 1.344376303121077
5.794493116621174 0.8812881336379601
5.8643062867009474 0.9238860747906984
5.934119456780721 1.022681981610772
6.003932626860494 0.8838586679903931
6.073745796940266 1.0714095304528064
6.14355896702004 0.8701334134649813
6.213372137099813 0.9522242872244419
6.283185307179586 0.9685400059413063
6.3529984772593595 1.0190724856700595
6.422811647339133 0.9428271198545324
6.492624817418906 1.040641067424819
6.562437987498679 0.9312272050589725
6.632251157578453 1.0481958765372432
6.702064327658226 0.9025210954179894
6.771877497737998 1.0104299536000778
6.841690667817772 1.0360974923140978
6.911503837897545 1.2290308283661993
