# r  Cs(r) [pure estimator]
0.125 0.0003101502082137756
0.375 0.00031242365421578955
0.625 0.00030222486039202024
0.875 0.0003058858544480088
1.125 0.00030654725158793175
1.375 0.0003045454298112401
1.625 0.0003122190165510767
1.875 0.0003055933582088802
2.125 0.00030329922357991395
2.375 0.0003144941080284706
2.625 0.0003076720823376307
2.875 0.0003084575144868105
3.125 0.0003070404569890332
3.375 0.00030727030513944307
3.625 0.0003057579481396122
3.875 0.0002984507894982317
4.125 0.00030163382743617447
4.375 0.0003015081232214575
4.625 0.00030310068343751523
4.875 0.00030056663134513323
5.125 0.0003018485171324712
5.375 0.0003065582248166055
5.625 0.00030276596558792524
5.875 0.0003035360518086782
6.125 0.000305214781439542
6.375 0.0003001609269124486
6.625 0.00030291823590820416
6.875 0.0003052191959454463
7.125 0.0002986437268473081
7.375 0.00030035175660786487
7.625 0.00030224248216935374
7.875 0.000301652792647179
8.125 0.00030351847813328396
8.375 0.00030171953967237904
8.625 0.0002979650288405206
8.875 0.000305834601119233
9.125 0.00030424160141413157
9.375 0.0003027175456830695
9.625 0.00030040382187706063
9.875 0.00030344978401566236
10.125 0.0003059774720826669
10.375 0.0003033919485794567
10.625 0.00029811148902292203
10.875 0.0003074624973984557
11.125 0.0003013052756464284
11.375 0.00030126359110464556
11.625 0.000297953280289363
11.875 0.00030203544655481405
12.125 0.000305428336357238
12.375 0.0003008744713488192
12.625 0.0002954267902006594
12.875 0.0003013422425135095
13.125 0.00030003154935872553
13.375 0.0003039464746680569
13.625 0.00030237221051053053
13.875 0.00030147300294860606
14.125 0.0003004245242233288
14.375 0.0003050841135047273
14.625 0.0003013313222591855
14.875 0.0002982263018039581
15.125 0.0002962543037160043
15.375 0.0002927290126948763
15.625 0.00029719477600508357
15.875 0.0003039575197974425
16.125 0.0003044636038202131
16.375 0.0002980267110254734
16.625 0.0003054350258844378
16.875 0.00030021707750807074
17.125 0.00030142419014063843
17.375 0.0002991793622666358
17.625 0.0002971247778967989
17.875 0.00029308877351527673
18.125 0.0003044764158961654
18.375 0.0002967699106032703
18.625 0.00030114233433938757
18.875 0.0002954802199648341
19.125 0.0003008939270004383
19.375 0.0003037107654861467
19.625 0.00030076541554136866
19.875 0.0003009325108893168
20.125 0.00030321350825539874
20.375 0.00029998926543932126
20.625 0.0002945974574581527
20.875 0.0002974903964932242
21.125 0.0003013760116005705
21.375 0.00030226732511498257
21.625 0.00030536095230026085
21.875 0.00030476429488492676
22.125 0.0002994592699511705
22.375 0.000298519272500551
22.625 0.0002974739483794561
22.875 0.0003016163995751829
23.125 0.000300105328676623
23.375 0.0002937512588674917
23.625 0.00029915082535651624
23.875 0.00030315523427601
24.125 0.0003017475985073881
24.375 0.00029774800832644275
24.625 0.00030471277798081243
24.875 0.00029982330887122174
