# k values and corresponding S(k) [pure estimator]
0.0 15.567259490545771
0.12566370614359174 0.9095578849029854
0.25132741228718347 0.9507320679047558
0.3769911184307752 0.9553554851417864
0.5026548245743669 0.9839162492529128
0.6283185307179586 0.986063469439404
0.7539822368615504 0.9747648217816323
0.8796459430051422 0.9741713678204347
1.0053096491487339 0.9763973850091698
1.1309733552923256 0.9748622975870205
1.2566370614359172 0.9816000836961954
1.3823007675795091 0.9711699771466225
1.5079644737231008 0.9726600301095232
1.6336281798666925 0.9577017295044283
1.7592918860102844 0.9858629924649129
1.884955592153876 0.9925869981683489
2.0106192982974678 0.9920374037431637
2.1362830044410597 0.9795968883276751
2.261946710584651 1.022585603409818
2.387610416728243 0.9833609060092443
2.5132741228718345 0.9757449845790515
2.6389378290154264 1.0046214329518037
2.7646015351590183 0.9838335797200046
2.8902652413026098 0.984612866761297
3.0159289474462017 0.9824479626796363
3.1415926535897936 1.0105994994336405
3.267256359733385 0.9763844979732489
3.392920065876977 0.9786410308247694
3.518583772020569 1.009010108466861
3.6442474781641603 0.9821918963993176
3.769911184307752 0.9949465849686493
3.8955748904513436 0.9842076173092905
4.0212385965949355 0.9898088825654897
4.1469023027385274 0.9959620509737777
4.272566008882119 0.9878800339554629
4.39822971502571 0.9973365642024957
4.523893421169302 0.9745029116554665
4.649557127312894 1.0003391241936948
4.775220833456486 0.9948151558573141
4.900884539600078 0.9838042047400339
5.026548245743669 0.9765748494417741
5.152211951887261 1.001008226717789
5.277875658030853 0.9871885492259324
5.403539364174445 0.9663550955083243
5.529203070318037 1.0214651359387046
5.6548667764616285 0.9898703790019029
5.7805304826052195 0.9956609789991119
5.906194188748811 0.9769419702312242
6.031857894892403 0.9817384551004718
6.157521601035995 0.9793394600750669
6.283185307179587 0.9990857265468597
6.408849013323178 0.9711546584126006
6.53451271946677 0.9780690375902699
6.660176425610362 0.9572436189949999
6.785840131753954 0.9935461734714444
6.911503837897546 0.996198498729184
7.037167544041138 0.9740893386305558
7.162831250184729 0.9992017671381204
7.288494956328321 0.9729464251189673
7.4141586624719125 1.0055322041827481
7.539822368615504 0.9858700324588908
7.665486074759096 0.980460628430041
7.791149780902687 0.9883184403405443
7.916813487046279 0.994049681586881
8.042477193189871 0.9736811141236263
8.168140899333462 1.001108864634567
8.293804605477055 0.9972565138525215
8.419468311620646 0.9933920841636803
8.545132017764239 0.9790996286782516
8.67079572390783 0.9900409471086784
8.79645943005142 0.966939619986546
8.922123136195014 0.9693812576175378
9.047786842338605 0.9849721887934318
9.173450548482197 0.9771386785370461
9.299114254625788 0.9932209995205951
