# k  S_s(k)
0.0 0.0
0.20943951023931953 0.46156114289417566
0.41887902047863906 1.7283852309168275
0.6283185307179586 0.401769081592015
0.8377580409572781 1.4067905335570057
1.0471975511965976 1.7006364467268482
1.2566370614359172 0.8005348134019068
1.4660765716752366 0.8032889904282295
1.6755160819145563 1.0418883305410886
1.8849555921538759 1.0890873361054028
2.0943951023931953 0.9618222849424156
2.3038346126325147 1.1928080355322723
2.5132741228718345 0.8537948845157514
2.722713633111154 1.0638407749132779
2.9321531433504733 0.9742735491943606
3.141592653589793 0.9141585503201143
3.3510321638291125 1.1546642150019157
3.560471674068432 0.9518385785619359
3.7699111843077517 1.0939535637718623
3.979350694547071 0.9995455024193127
4.1887902047863905 0.8649403773658948
4.39822971502571 1.1066828999786715
4.607669225265029 0.8205034749050201
4.817108735504349 1.0051227478109452
5.026548245743669 1.0710486579909093
5.235987755982988 1.0079021573207962
5.445427266222308 0.8766760184916167
5.654866776461628 1.0439032207631727
5.864306286700947 0.9127048935007831
6.073745796940266 0.9552955494548634
6.283185307179586 1.00494175103936
6.492624817418905 0.9916521342041226
6.702064327658225 0.9673787235530961
6.911503837897545 1.0032106436080732
7.120943348136864 1.0946961642916426
7.330382858376184 0.9330052013138936
7.5398223686155035 0.9903238611268609
7.749261878854822 0.9082645837895174
7.958701389094142 0.9681327277547247
8.168140899333462 0.9923054099626631
8.377580409572781 0.9874265156805916
8.5870199198121 1.0852258330354063
8.79645943005142 1.0495823790247754
9.00589894029074 0.9223144483444872
9.215338450530059 0.9572579050699026
9.42477796076938 1.024760533950242
9.634217471008698 1.0374744045977538
9.843656981248017 0.8911636590769557
10.053096491487338 1.0366082392563702
10.262536001726657 0.9880760061297584
10.471975511965976 0.9818317886531366
10.681415022205297 1.027567320492764
10.890854532444616 0.9764468492309105
11.100294042683934 1.0260943029139296
11.309733552923255 0.9416971502479284
11.519173063162574 1.057261880966384
11.728612573401893 1.015226174260343
11.938052083641214 0.9396750711078911
12.147491593880533 0.9933078027556363
12.356931104119852 0.9532896190627473
12.566370614359172 0.9777279784527154
12.775810124598491 1.066472447080793
12.98524963483781 1.0331230976337458
13.194689145077131 1.0311965371591514
13.40412865531645 1.0053053414325348
13.613568165555769 1.0009118976926668
13.82300767579509 0.9742547408921282
14.032447186034409 1.0437497679334342
14.241886696273728 0.9672844437169972
14.451326206513048 1.0508510972427074
14.660765716752367 0.9650079400499685
14.870205226991686 0.9503726147298982
15.079644737231007 1.0185260913063328
15.289084247470326 0.9896838805086886
15.498523757709645 1.0036961287747141
15.707963267948966 0.9970995440448802
15.917402778188285 1.0093428233688837
16.126842288427603 0.972131551082818
16.336281798666924 0.9672980522267091
16.54572130890624 1.019372299787449
16.755160819145562 0.971218336389256
16.964600329384883 0.9596604742114239
17.1740398396242 1.0116525928039117
17.38347934986352 1.0078203708450748
17.59291886010284 0.9905831477356419
17.80235837034216 1.0011490880169152
18.01179788058148 0.9992864764983419
18.2212373908208 1.038487831173453
18.430676901060117 1.0141725319949575
18.640116411299438 1.0010612554353824
18.84955592153876 1.0689980457851644
19.058995431778076 1.038215514384774
19.268434942017397 1.0061806176130559
19.477874452256717 1.025362950713167
19.687313962496034 1.0267413860132966
19.896753472735355 0.9823650573329604
20.106192982974676 1.0073746094331908
20.315632493213993 1.0157093698928918
20.525072003453314 1.0120202365445607
20.734511513692635 0.9464709917477833
