# P_value  count
-1.0 0.0
-0.9333333333333333 0.0
-0.8666666666666667 0.0
-0.8 1.0
-0.7333333333333333 6.0
-0.6666666666666666 49.0
-0.6 139.0
-0.5333333333333333 511.0
-0.4666666666666667 1334.0
-0.4 3040.0
-0.3333333333333333 6214.0
-0.26666666666666666 10999.0
-0.2 17257.0
-0.13333333333333333 23080.0
-0.06666666666666667 28413.0
0.0 30759.0
0.06666666666666667 27994.0
0.13333333333333333 22938.0
0.2 16958.0
0.26666666666666666 11030.0
0.3333333333333333 6013.0
0.4 2961.0
0.4666666666666667 1238.0
0.5333333333333333 441.0
0.6 114.0
0.6666666666666666 36.0
0.7333333333333333 9.0
0.8 0.0
0.8666666666666667 0.0
0.9333333333333333 0.0
1.0 0.0
