block_size         error    difference      rel_diff
-------------------------------------------------------
       2  8.134701e-09  3.360993e-09  4.131674e-01
       4  1.149569e-08  4.740030e-09  4.123310e-01
       8  1.623572e-08  6.666785e-09  4.106244e-01
      16  2.290251e-08  9.328689e-09  4.073217e-01
      32  3.223120e-08  1.292760e-08  4.010895e-01
      64  4.515879e-08  1.761171e-08  3.899952e-01
     128  6.277051e-08  2.320246e-08  3.696395e-01
     256  8.597297e-08  2.877083e-08  3.346497e-01
     512  1.147438e-07  3.216558e-08  2.803252e-01
    1024  1.469094e-07  2.970507e-08  2.022000e-01
    2048  1.766144e-07  1.567595e-08  8.875802e-02
    4096  1.922904e-07  1.241547e-08  6.456628e-02
    8192  2.047059e-07  5.769812e-09  2.818586e-02
   16384  2.104757e-07  4.289971e-09  2.038227e-02
   32768  2.147656e-07  1.853746e-08  8.631481e-02
   65536  2.333031e-07  5.500565e-09  2.357690e-02
  131072  2.388037e-07           ---           ---
