# k values and corresponding S(k) [pure estimator]
0.0 1.001951075149224
0.20943951023931953 0.9690730633759008
0.41887902047863906 0.9752373890812832
0.6283185307179586 0.9651074797919788
0.8377580409572781 0.9643348343756941
1.0471975511965976 0.9704674441846687
1.2566370614359172 0.9751114701262517
1.4660765716752366 0.9693489563924054
1.6755160819145563 0.9720513504844591
1.8849555921538759 0.9719115167741076
2.0943951023931953 0.9664895099287288
2.3038346126325147 0.9710413908686929
2.5132741228718345 0.9696506515252649
2.722713633111154 0.9730794255457539
2.9321531433504733 0.9700483754498038
3.141592653589793 0.9731225201042596
3.3510321638291125 0.9742909399507903
3.560471674068432 0.9711177491096298
3.7699111843077517 0.9728341393612985
3.979350694547071 0.9712260972544636
4.1887902047863905 0.9685856051166565
4.39822971502571 0.9729508662158358
4.607669225265029 0.9755502254779088
4.817108735504349 0.9715296837423751
5.026548245743669 0.9721348687644772
5.235987755982988 0.9723463990254397
5.445427266222308 0.970699039045062
5.654866776461628 0.9750627774243185
5.864306286700947 0.9719769967350551
6.073745796940266 0.9697081572985965
6.283185307179586 0.9662597844060218
6.492624817418905 0.9722598613276531
6.702064327658225 0.9633655448480728
6.911503837897545 0.9706612885029989
7.120943348136864 0.9728614364702933
7.330382858376184 0.9649751675683477
7.5398223686155035 0.9703567722528589
7.749261878854822 0.969909492160601
7.958701389094142 0.9725697755399118
8.168140899333462 0.9692892822878116
8.377580409572781 0.9645679754438853
8.5870199198121 0.9737759919374699
8.79645943005142 0.9700553693330088
9.00589894029074 0.9731236929146655
9.215338450530059 0.9735365368744014
9.42477796076938 0.9659267049948512
9.634217471008698 0.9710830774798979
9.843656981248017 0.9685483440742956
10.053096491487338 0.9787676660168695
10.262536001726657 0.9646945371987837
10.471975511965976 0.9720050010278966
10.681415022205297 0.9708619299341208
10.890854532444616 0.9659387118054549
11.100294042683934 0.9679419528088862
11.309733552923255 0.9780572778910217
11.519173063162574 0.9735246714144586
11.728612573401893 0.9720096656780473
11.938052083641214 0.9711396666802637
12.147491593880533 0.9652727642950196
12.356931104119852 0.9687507302197034
12.566370614359172 0.971552632196161
12.775810124598491 0.9724371511716852
12.98524963483781 0.9684279119729431
13.194689145077131 0.9694176170399638
13.40412865531645 0.9726853753296085
13.613568165555769 0.9702843821971776
13.82300767579509 0.9642799121977816
14.032447186034409 0.9675471261415979
14.241886696273728 0.971693678371304
14.451326206513048 0.9716943833434476
14.660765716752367 0.9707935921448191
14.870205226991686 0.9670522679481333
15.079644737231007 0.9700091158230862
15.289084247470326 0.9674435781864801
15.498523757709645 0.9740414863379138
