0.1 0.9244358974358975
0.30000000000000004 0.9336837606837607
0.5 0.9114444444444444
0.7000000000000001 0.9102222222222223
0.9 0.9225897435897435
1.1 0.9038076923076923
1.3 0.8713974358974359
1.5 0.908568376068376
1.7000000000000002 0.9250384615384616
1.9000000000000001 0.912508547008547
2.1 0.9415726495726495
2.3000000000000003 0.9323504273504274
2.5 0.9138931623931624
2.7 0.8598504273504274
2.9000000000000004 0.8893632478632478
3.1 0.8940470085470086
3.3000000000000003 0.8917179487179487
3.5 0.9198888888888889
3.7 0.9582820512820512
3.9000000000000004 0.9457692307692308
4.1000000000000005 0.940534188034188
4.3 0.9343931623931624
4.5 0.9170512820512821
4.7 0.9635897435897436
4.9 0.9467692307692308
5.1000000000000005 0.9325042735042735
5.300000000000001 0.9630470085470085
5.5 1.051568376068376
5.7 1.0296880341880341
5.9 1.0152521367521368
6.1000000000000005 1.003448717948718
6.300000000000001 1.005034188034188
6.5 1.028679487179487
6.7 1.0296324786324786
6.9 1.0310299145299144
7.1000000000000005 1.0448076923076923
7.300000000000001 1.0490042735042735
7.5 1.0621367521367522
7.7 1.0560897435897436
7.9 1.050854700854701
8.1 1.0754401709401709
8.3 1.0466367521367521
8.5 1.049991452991453
8.700000000000001 1.0452777777777778
8.9 1.0303290598290598
9.1 1.0631025641025642
9.3 1.096602564102564
9.5 1.0569615384615385
9.700000000000001 0.9853888888888889
9.9 0.9966068376068377
10.100000000000001 0.997491452991453
10.3 1.0367820512820514
10.5 1.074145299145299
10.700000000000001 1.0614700854700854
10.9 1.0532478632478632
11.100000000000001 1.0495555555555556
11.3 1.0835897435897437
11.5 1.0711965811965811
11.700000000000001 1.0414529914529915
11.9 1.027059829059829
12.100000000000001 1.0134786324786325
12.3 1.029059829059829
12.5 0.9769188034188034
12.700000000000001 0.9942564102564102
12.9 0.9635170940170941
13.100000000000001 0.9637649572649573
13.3 1.032517094017094
13.5 1.061431623931624
13.700000000000001 1.0717307692307692
13.9 1.0267393162393161
14.100000000000001 1.0246666666666666
14.3 0.9943760683760684
14.5 0.9881367521367521
14.700000000000001 0.9569700854700854
14.9 1.0013076923076922
15.100000000000001 1.0465982905982907
15.3 1.0519017094017094
15.5 1.0603333333333333
15.700000000000001 1.048948717948718
15.9 1.022145299145299
16.1 0.9833675213675214
16.3 0.9816538461538461
16.5 0.9684444444444444
16.7 0.9052051282051282
16.900000000000002 0.8973675213675214
17.1 0.9360384615384615
17.3 0.981534188034188
17.5 1.00717094017094
17.7 1.0150128205128206
17.900000000000002 1.0201068376068376
18.1 1.0587478632478633
18.3 1.0541623931623931
18.5 1.0415555555555556
18.7 1.0878803418803418
18.900000000000002 1.1726837606837608
19.1 1.0865811965811967
19.3 1.0348119658119659
19.5 1.002576923076923
19.700000000000003 1.0539615384615384
19.900000000000002 1.1144615384615384
