# P_value  count
-1.0 0.0
-0.96 0.0
-0.92 0.0
-0.88 0.0
-0.84 0.0
-0.8 0.0
-0.76 0.0
-0.72 0.0
-0.68 0.0
-0.64 5.0
-0.6 0.0
-0.56 9.0
-0.52 36.0
-0.48 102.0
-0.44 287.0
-0.4 656.0
-0.36 1209.0
-0.32 2028.0
-0.28 3725.0
-0.24 5919.0
-0.2 8803.0
-0.16 11861.0
-0.12 14925.0
-0.08 17722.0
-0.04 20091.0
0.0 21577.0
0.04 19569.0
0.08 18152.0
0.12 14380.0
0.16 11592.0
0.2 8000.0
0.24 5866.0
0.28 3593.0
0.32 2088.0
0.36 1098.0
0.4 562.0
0.44 240.0
0.48 113.0
0.52 42.0
0.56 12.0
0.6 8.0
0.64 12.0
0.68 0.0
0.72 0.0
0.76 0.0
0.8 0.0
0.84 0.0
0.88 0.0
0.92 0.0
0.96 0.0
1.0 0.0
