# k  S_n(k)
0.0 80.0
0.07853981633974483 0.6528372524864315
0.15707963267948966 0.6116681893468332
0.23561944901923448 0.3483273985351878
0.3141592653589793 0.34750295175130536
0.39269908169872414 0.20085287372776506
0.47123889803846897 0.4064945257538011
0.5497787143782138 0.43458209166345646
0.6283185307179586 0.20497045820578902
0.7068583470577035 0.6376909926057824
0.7853981633974483 0.2931406051040134
0.8639379797371931 1.8267644124714597
0.9424777960769379 1.809230584167493
1.0210176124166828 0.8350342517612241
1.0995574287564276 1.3552883278825636
1.1780972450961724 1.805534270718095
1.2566370614359172 2.143526704895702
1.335176877775662 0.7461418064899402
1.413716694115407 0.8856710905243992
1.4922565104551517 1.8587348992169235
1.5707963267948966 0.4913646451215458
1.6493361431346414 0.8619314131052841
1.7278759594743862 1.1187317955051825
1.806415775814131 0.7607889944168288
1.8849555921538759 0.6533502884306517
1.9634954084936207 1.261271330744548
2.0420352248333655 0.6625661204302766
2.1205750411731104 0.7891786376310239
2.199114857512855 1.11964006627785
2.2776546738526 0.5352132200231027
2.356194490192345 0.7766582063008368
2.4347343065320897 0.791132669453774
2.5132741228718345 0.7710538379792422
2.5918139392115793 0.5825846899210234
2.670353755551324 1.143884018667139
2.748893571891069 0.8502089851622295
2.827433388230814 0.8910885121463411
2.9059732045705586 1.0522179551670905
2.9845130209103035 1.1295637940901022
3.0630528372500483 1.01777280366293
3.141592653589793 1.0338055717615957
3.220132469929538 0.669818092952716
3.2986722862692828 1.5203413504293686
3.3772121026090276 0.8122506775311743
3.4557519189487724 0.9534582278817436
3.5342917352885173 0.8793061237437964
3.612831551628262 0.9024299083904238
3.691371367968007 0.8731010742426308
3.7699111843077517 1.1120116645417573
3.8484510006474966 0.9779775659000688
3.9269908169872414 1.2375262311227508
4.005530633326986 0.9689513699721787
4.084070449666731 0.8330772542746653
4.162610266006476 1.2440223407424198
4.241150082346221 1.1837387309236345
4.319689898685965 1.027601374327132
4.39822971502571 0.8416907549600707
4.476769531365456 1.1030630084170288
4.5553093477052 0.9455478530430547
4.633849164044944 0.8811975866915925
4.71238898038469 1.0653267733742142
4.790928796724435 0.9304840390674725
4.869468613064179 0.9811361213043345
4.948008429403924 1.134024012069843
5.026548245743669 1.037526294203257
5.105088062083414 1.0477961767546404
5.183627878423159 0.9294066280896089
5.262167694762903 1.031701288839456
5.340707511102648 1.148293427941377
5.419247327442394 0.8095894896389032
5.497787143782138 0.8805395844102148
5.576326960121882 0.9259056499908591
5.654866776461628 0.8313325183748919
5.733406592801373 1.0122900434930393
5.811946409141117 1.0594655056699305
5.890486225480862 0.9375642174866863
5.969026041820607 1.1096857709579557
6.047565858160352 1.0145752570716786
6.126105674500097 1.0801323218358019
6.204645490839841 1.23622424443866
6.283185307179586 1.085959000792748
6.3617251235193315 0.8680714540619999
6.440264939859076 1.0308206808789504
6.51880475619882 1.1287907869753113
6.5973445725385655 1.0475223440806893
6.675884388878311 1.0449559838682618
6.754424205218055 0.9213762894728019
6.8329640215578 0.9468702638686455
6.911503837897545 0.9558061011146816
6.99004365423729 0.9571097802619286
7.0685834705770345 1.2141653662880272
7.147123286916779 1.0503586551034922
7.225663103256524 0.8941678455879991
7.304202919596269 1.0047512263084843
7.382742735936014 0.9670870523010432
7.461282552275758 0.9720972351664595
7.5398223686155035 1.155307985854727
7.618362184955249 1.066549807418321
7.696902001294993 1.0116619034576213
7.7754418176347375 1.1073014239525611
