# k values and corresponding S(k) [pure estimator]
0.0 1.204500040765179
0.12566370614359174 0.9904886010859263
0.25132741228718347 0.9765202345070427
0.3769911184307752 0.9704661020142196
0.5026548245743669 0.9690946274065685
0.6283185307179586 0.9646070852205723
0.7539822368615504 0.966845771373735
0.8796459430051422 0.9700193740249022
1.0053096491487339 0.9711986718000987
1.1309733552923256 0.9703134275767673
1.2566370614359172 0.9716135264271577
1.3823007675795091 0.9700791213325982
1.5079644737231008 0.9758330387756126
1.6336281798666925 0.9704917203233964
1.7592918860102844 0.9684579968974474
1.884955592153876 0.9701857445114762
2.0106192982974678 0.9740557968576989
2.1362830044410597 0.9678078885306954
2.261946710584651 0.9700798607904834
2.387610416728243 0.9702472369714739
2.5132741228718345 0.9687513424710164
2.6389378290154264 0.9708864383711732
2.7646015351590183 0.9610643516353755
2.8902652413026098 0.9654940306954922
3.0159289474462017 0.9761665687957419
3.1415926535897936 0.9684737233593944
3.267256359733385 0.9680708017622607
3.392920065876977 0.9718865324594582
3.518583772020569 0.9748252020706905
3.6442474781641603 0.9691941489125512
3.769911184307752 0.9713294020891134
3.8955748904513436 0.9686545846689741
4.0212385965949355 0.9714411213959645
4.1469023027385274 0.9727007834936171
4.272566008882119 0.9720947431915431
4.39822971502571 0.9657326511663036
4.523893421169302 0.9744492118395234
4.649557127312894 0.9693657572752038
4.775220833456486 0.9683143116955873
4.900884539600078 0.966445425441322
5.026548245743669 0.9637157525393439
5.152211951887261 0.9670687917548939
5.277875658030853 0.9667473522321782
5.403539364174445 0.9699510492315839
5.529203070318037 0.970288340452811
5.6548667764616285 0.9686403937538454
5.7805304826052195 0.9648053514433713
5.906194188748811 0.967852830362221
6.031857894892403 0.9607026397932686
6.157521601035995 0.9697102200463277
6.283185307179587 0.970026236405684
6.408849013323178 0.9697344540418139
6.53451271946677 0.971142720155469
6.660176425610362 0.9728481524055803
6.785840131753954 0.9762562796711733
6.911503837897546 0.9687352500862958
7.037167544041138 0.9712104038369608
7.162831250184729 0.9657808730671692
7.288494956328321 0.9775921461893641
7.4141586624719125 0.972077159163534
7.539822368615504 0.9690158240927741
7.665486074759096 0.9673258704928601
7.791149780902687 0.9683009326380165
7.916813487046279 0.9794813420037343
8.042477193189871 0.971327006655436
8.168140899333462 0.9742825767881627
8.293804605477055 0.9655496715316175
8.419468311620646 0.974969383270561
8.545132017764239 0.9694556867588318
8.67079572390783 0.9625839362830426
8.79645943005142 0.96571583278595
8.922123136195014 0.9661106047203212
9.047786842338605 0.9649648597725473
9.173450548482197 0.9682021775038284
9.299114254625788 0.968384357764772
