# P_value  count
-1.0 1486.0
-0.9333333333333333 8018.0
-0.8666666666666667 17047.0
-0.8 27052.0
-0.7333333333333333 27832.0
-0.6666666666666666 24998.0
-0.6 23592.0
-0.5333333333333333 17650.0
-0.4666666666666667 12710.0
-0.4 8408.0
-0.3333333333333333 4962.0
-0.26666666666666666 3341.0
-0.2 1840.0
-0.13333333333333333 1161.0
-0.06666666666666667 914.0
0.0 1644.0
0.06666666666666667 444.0
0.13333333333333333 566.0
0.2 540.0
0.26666666666666666 675.0
0.3333333333333333 1114.0
0.4 1554.0
0.4666666666666667 1879.0
0.5333333333333333 2261.0
0.6 3747.0
0.6666666666666666 3347.0
0.7333333333333333 3318.0
0.8 2051.0
0.8666666666666667 1491.0
0.9333333333333333 168.0
1.0 92.0
