# block  <|P|>
1 0.0
2 0.4312000000000024
3 0.5515333333333379
4 0.5855333333333336
5 0.6595929262595916
6 0.7266666666666689
7 0.6032000000000071
8 0.6398000000000039
9 0.5986000000000039
10 0.46246666666666303
11 0.4933333333333318
12 0.6288666666666737
13 0.5903333333333425
14 0.5824000000000014
15 0.5192000000000014
16 0.6529333333333327
17 0.6202666666666699
18 0.5090666666666617
19 0.678733333333341
20 0.7136469803136443
21 0.7302635969302669
22 0.6405999999999961
23 0.6601333333333335
24 0.6552666666666709
25 0.5768000000000021
26 0.5646666666666734
27 0.6131605184446651
28 0.564666666666669
29 0.6945333333333301
30 0.6082666666666701
31 0.5783333333333432
32 0.703400000000001
33 0.7108441775108482
34 0.6088666666666724
35 0.6277333333333389
36 0.6529333333333338
37 0.7452666666666665
38 0.7429237429237467
39 0.5536666666666709
40 0.526081170991347
41 0.5958666666666699
42 0.6717333333333387
43 0.7976666666666596
44 0.6040707374040746
45 0.5872283517218364
46 0.8109999999999985
47 0.7530666666666695
48 0.6412000000000008
49 0.5296666666666634
50 0.5130666666666638
51 0.5421421421421472
52 0.7398666666666689
53 0.6982000000000048
54 0.7251999999999955
55 0.6177156177156192
56 0.5440000000000011
57 0.6174000000000018
58 0.652400000000008
59 0.668333333333345
60 0.8410666666666512
61 0.6641333333333338
62 0.7268666666666681
63 0.7282666666666625
64 0.6369333333333365
65 0.6622754491017939
66 0.7597333333333222
67 0.811666666666658
68 0.7048666666666695
69 0.6741333333333324
70 0.6126000000000019
71 0.7571333333333343
72 0.8529999999999869
73 0.5962037962037968
74 0.6582
75 0.6052000000000033
76 0.6492174492174563
77 0.6593999999999965
78 0.5662000000000054
79 0.576066666666667
80 0.6292000000000045
81 0.6308000000000069
82 0.638533333333337
83 0.5222000000000038
84 0.5232000000000041
85 0.5950666666666645
86 0.7203333333333336
87 0.7558892225558891
88 0.630933333333337
89 0.60566666666667
90 0.5803333333333331
91 0.6240666666666673
92 0.707841174507843
93 0.7265333333333363
94 0.5826666666666699
95 0.6042000000000038
96 0.8008008008007886
97 0.6615999999999985
98 0.6624000000000039
99 0.7389333333333321
100 0.6671333333333376
101 0.5549333333333358
102 0.7304609218436867
103 0.7664335664335719
104 0.572399999999999
105 0.5294000000000034
106 0.743533333333327
107 0.6314666666666667
108 0.6390666666666723
109 0.6795333333333319
110 0.6171333333333372
111 0.6232666666666663
112 0.5643333333333417
113 0.5908000000000038
114 0.6256000000000008
115 0.6933999999999947
116 0.6820512820512904
117 0.723933333333339
118 0.6530666666666733
119 0.728199999999997
120 0.602535869202541
121 0.5610666666666702
122 0.4516816516816504
123 0.558399999999998
124 0.5774666666666702
125 0.6571999999999969
126 0.6981018981018974
127 0.5619999999999967
128 0.6330000000000063
129 0.748333333333332
130 0.77655677655677
131 0.7779112445779092
132 0.6159333333333342
133 0.6134000000000042
134 0.5502168835502227
135 0.6999333333333383
136 0.7489333333333379
137 0.6818000000000062
138 0.6707333333333335
139 0.6399333333333362
140 0.7081333333333379
141 0.6390000000000066
142 0.7493333333333339
143 0.7135333333333395
144 0.7731333333333287
145 0.6562666666666684
146 0.6024000000000075
147 0.6017333333333356
148 0.5420666666666699
149 0.5570666666666702
150 0.6654666666666773
151 0.8452666666666616
152 0.6953620286953607
153 0.6268666666666736
154 0.6406000000000089
155 0.6611333333333416
156 0.6435333333333317
157 0.7245333333333268
158 0.6896666666666679
159 0.5166499833166526
160 0.6027333333333358
161 0.7723999999999983
162 0.6015302727877652
163 0.8057333333333214
164 0.7493999999999913
165 0.6353333333333361
166 0.6034000000000044
167 0.7106666666666703
168 0.576866666666669
169 0.5151333333333308
170 0.7342008675341903
171 0.8085333333333221
172 0.743877210543869
173 0.5987999999999992
174 0.5814666666666649
175 0.5800000000000025
176 0.5483999999999989
177 0.5988666666666734
178 0.6412666666666684
179 0.6206254158350019
180 0.5478666666666693
181 0.46739926739926674
182 0.5500666666666743
183 0.629666666666673
184 0.521012321012326
185 0.6504000000000014
186 0.6495333333333453
187 0.5801333333333396
188 0.851282051282055
189 0.7986000000000031
190 0.621866666666667
191 0.5338000000000043
192 0.6320666666666677
193 0.7358692025358753
194 0.7025692359025709
195 0.7367333333333275
196 0.6136136136136146
197 0.5689333333333401
198 0.6493333333333345
199 0.6612000000000025
200 0.6680000000000046
201 0.549200000000002
202 0.5122000000000047
203 0.627200000000004
204 0.6804666666666718
205 0.7369333333333337
206 0.6456000000000099
207 0.6555999999999963
208 0.5803999999999995
