# k values and corresponding S(k) [pure estimator]
0.0 1.8302287317711898
0.07853981633974483 1.0801357510592746
0.15707963267948966 0.998121820093189
0.23561944901923448 0.9810024180333047
0.3141592653589793 0.9718148093388642
0.39269908169872414 0.9853361985534161
0.47123889803846897 0.9692896876410492
0.5497787143782138 0.9775337160118018
0.6283185307179586 0.9702396993677689
0.7068583470577035 0.9724871397414989
0.7853981633974483 0.9827532619293095
0.8639379797371931 0.9716140970861288
0.9424777960769379 0.9722080398128966
1.0210176124166828 0.9748736436031743
1.0995574287564276 0.9692625378659713
1.1780972450961724 0.9783863706119953
1.2566370614359172 0.967080024920596
1.335176877775662 0.9688331853283598
1.413716694115407 0.9731201571819407
1.4922565104551517 0.9703094652674644
1.5707963267948966 0.9775979511426861
1.6493361431346414 0.9825927098731507
1.7278759594743862 0.9729630447286451
1.806415775814131 0.9748132674678013
1.8849555921538759 0.9656771941673578
1.9634954084936207 0.9715506520284654
2.0420352248333655 0.972590973456722
2.1205750411731104 0.9790036484432224
2.199114857512855 0.9728557197579494
2.2776546738526 0.9667870272216944
2.356194490192345 0.971494644683204
2.4347343065320897 0.9691204723400845
2.5132741228718345 0.9710314575246799
2.5918139392115793 0.9778329367433151
2.670353755551324 0.9661709361534838
2.748893571891069 0.9710644853502179
2.827433388230814 0.9720697618170839
2.9059732045705586 0.9647431422355146
2.9845130209103035 0.9744269696772986
3.0630528372500483 0.9825777374699673
3.141592653589793 0.9760574175533664
3.220132469929538 0.9823750045688141
3.2986722862692828 0.9655368735641081
3.3772121026090276 0.9737037611021643
3.4557519189487724 0.9718612791674447
3.5342917352885173 0.9714903713596618
3.612831551628262 0.9651129941343898
3.691371367968007 0.9702290845634897
3.7699111843077517 0.9668587844453398
3.8484510006474966 0.9793681746946328
3.9269908169872414 0.9829941044653984
4.005530633326986 0.9659155020015052
4.084070449666731 0.9701275050616321
4.162610266006476 0.9779342481575676
4.241150082346221 0.9735496876863295
4.319689898685965 0.9764272805876949
4.39822971502571 0.969804006828827
4.476769531365456 0.9757305953889776
4.5553093477052 0.9721332145945536
4.633849164044944 0.9734295696721387
4.71238898038469 0.9799712815490033
4.790928796724435 0.9792387479872919
4.869468613064179 0.9689439863525507
4.948008429403924 0.9728600450297229
5.026548245743669 0.9760985478615894
5.105088062083414 0.9665967700393246
5.183627878423159 0.9697898864474743
5.262167694762903 0.9762994673897344
5.340707511102648 0.9632685461774455
5.419247327442394 0.9606829673425589
5.497787143782138 0.9703171268487233
5.576326960121882 0.9729792992260388
5.654866776461628 0.9639055089940105
5.733406592801373 0.9773802967390438
5.811946409141117 0.9757171157924373
