# P_value  count
-1.0 0.0
-0.975 0.0
-0.95 0.0
-0.925 0.0
-0.9 0.0
-0.875 0.0
-0.85 0.0
-0.825 0.0
-0.8 0.0
-0.775 0.0
-0.75 0.0
-0.725 0.0
-0.7 0.0
-0.675 0.0
-0.65 0.0
-0.625 0.0
-0.6 0.0
-0.575 0.0
-0.55 0.0
-0.525 0.0
-0.5 0.0
-0.475 0.0
-0.45 0.0
-0.425 76.0
-0.4 0.0
-0.375 4.0
-0.35 0.0
-0.325 177.0
-0.3 215.0
-0.275 1145.0
-0.25 434.0
-0.225 1281.0
-0.2 3630.0
-0.175 4607.0
-0.15 7191.0
-0.125 8504.0
-0.1 10303.0
-0.075 14138.0
-0.05 20028.0
-0.025 19216.0
0.0 21733.0
0.025 20535.0
0.05 18472.0
0.075 14203.0
0.1 11849.0
0.125 10661.0
0.15 7596.0
0.175 4848.0
0.2 4137.0
0.225 2340.0
0.25 1286.0
0.275 1298.0
0.3 160.0
0.325 18.0
0.35 326.0
0.375 0.0
0.4 0.0
0.425 0.0
0.45 0.0
0.475 0.0
0.5 0.0
0.525 0.0
0.55 0.0
0.575 0.0
0.6 0.0
0.625 0.0
0.65 0.0
0.675 0.0
0.7 0.0
0.725 0.0
0.75 0.0
0.775 0.0
0.8 0.0
0.825 0.0
0.85 0.0
0.875 0.0
0.9 0.0
0.925 0.0
0.95 0.0
0.975 0.0
1.0 0.0
