0.125 0.07107986412828818
0.375 0.024531495946066347
0.625 0.00912025536715028
0.875 -0.03546124436407902
1.125 -0.032259014154164996
1.375 -0.032363381392699064
1.625 -0.043746865395249544
1.875 -0.09072333872941919
2.125 -0.09372467451657338
2.375 -0.09953699570158545
2.625 -0.07643670307260514
2.875 -0.08118133902060772
3.125 -0.03873938574627181
3.375 -0.025749075008409013
3.625 -0.08016214196901014
3.875 -0.02367236390374473
4.125 0.010583474472183795
4.375 0.022971673539420926
4.625 0.03432207701399235
4.875 0.03981937927451027
5.125 0.005519372696258848
5.375 -0.021883290982492806
5.625 0.019747979237435397
5.875 0.035794853910788044
6.125 -0.05501837777479768
6.375 -0.04875436042519296
6.625 -0.025472482403148037
6.875 -0.021662102067019712
7.125 -0.027023696841727948
7.375 -0.010314586100173762
7.625 -0.006465511083937362
7.875 -0.009796993002147855
8.125 -0.0632370343446048
8.375 -0.02993775101504854
8.625 -0.04068212855323104
8.875 -0.0433224868457491
9.125 -0.02563115055642417
9.375 -0.037295130393182496
9.625 -0.005717145326051853
9.875 -0.012704527994679693
10.125 0.01911962642884989
10.375 0.01400967334588168
10.625 -0.003707992584014832
10.875 -0.07601710799952914
11.125 -0.027762457473244552
11.375 -0.06314072272620559
11.625 -0.08151739069045041
11.875 -0.09826425143175785
12.125 -0.10428706347957095
12.375 -0.07781709976254074
12.625 -0.051888040163027345
12.875 -0.03604653942067398
13.125 -0.05327513694437157
13.375 -0.06289760215316859
13.625 -0.06760136572608683
13.875 -0.060054291505957404
14.125 -0.0785034023996273
14.375 -0.08228883398876477
14.625 -0.08413954223588006
14.875 -0.05783679336179981
15.125 -0.05065646010660304
15.375 -0.00744782911948862
15.625 -0.037573899715349246
15.875 -0.04785577725864746
16.125 -0.03911189491542686
16.375 -0.07475735623738372
16.625 -0.06315289648622982
16.875 -0.03576881895004066
17.125 -0.07951632827422576
17.375 -0.0856208077674426
17.625 -0.04267131424199896
17.875 -0.03903400157512105
18.125 -0.04446493768437175
18.375 -0.03142578446781191
18.625 -0.007206063547772841
18.875 0.035658534591966
19.125 0.007968636364821221
19.375 0.016439569601125498
19.625 0.075527428301724
19.875 0.045191967013612534
20.125 0.06035366644197716
20.375 0.09469208226462798
20.625 0.08078326615307559
20.875 0.06662911669206811
21.125 0.02092360108136133
21.375 0.01048098843263629
21.625 -0.02389013348887151
21.875 -0.018108473870497604
22.125 -0.03763495506662535
22.375 -0.0052520574004383605
22.625 -0.023553270952973777
22.875 -0.0012311170645213742
23.125 0.030150998275386687
23.375 0.03886135369047586
23.625 0.04407927607838783
23.875 0.031442014644225996
24.125 0.04146502330151371
24.375 0.06109751930567894
24.625 0.10037445013996438
24.875 0.01962037668181728
