0.075 0.9702145593869732
0.22499999999999998 1.0325134099616857
0.375 1.0670038314176244
0.525 1.0571111111111111
0.6749999999999999 1.0495325670498084
0.825 1.061655172413793
0.975 1.0344674329501915
1.125 1.0479540229885058
1.275 1.0451494252873563
1.425 1.0450268199233717
1.575 1.027088122605364
1.7249999999999999 0.9843448275862069
1.875 0.957463601532567
2.025 0.9499540229885057
2.175 0.9508659003831418
2.3249999999999997 0.9515632183908046
2.475 0.9598850574712644
2.625 0.9686590038314177
2.775 0.9443371647509579
2.925 0.9704137931034483
3.0749999999999997 0.954352490421456
3.225 0.9313793103448276
3.375 0.9406053639846743
3.525 0.9226819923371647
3.675 0.9177854406130268
3.8249999999999997 0.8939770114942529
3.9749999999999996 0.9475555555555556
4.125 0.9142222222222223
4.2749999999999995 0.9393180076628352
4.425 0.9446130268199233
4.575 0.907632183908046
4.725 0.8997088122605365
4.875 0.9266513409961686
5.0249999999999995 0.9283678160919541
5.175 0.9276168582375479
5.325 0.9661072796934866
5.475 0.9668429118773947
5.625 0.9583218390804598
5.7749999999999995 0.9610651340996169
5.925 0.9314789272030651
6.075 0.9135095785440613
6.225 0.9343065134099617
6.375 0.9497011494252874
6.5249999999999995 0.9597011494252874
6.675 0.951272030651341
6.825 0.9786053639846743
6.975 0.936352490421456
7.125 0.9559386973180076
7.2749999999999995 0.9798007662835249
7.425 1.0000613026819924
7.574999999999999 1.0538850574712644
7.725 1.0655785440613026
7.875 1.0748812260536398
8.025 1.1003448275862069
8.174999999999999 1.1190421455938697
8.325 1.1312643678160919
8.475 1.1123908045977011
8.625 1.0920383141762453
8.775 1.047095785440613
8.924999999999999 1.1004137931034483
9.075 1.1200689655172413
9.225 1.1139923371647509
9.375 1.0867432950191571
9.525 1.0801455938697317
9.674999999999999 1.1266819923371647
9.825 1.1630498084291188
9.975 1.1157931034482758
10.125 1.131670498084291
10.275 1.1080613026819923
10.424999999999999 1.0917318007662835
10.575 1.084704980842912
10.725 1.0826206896551724
10.875 1.1003295019157089
11.025 1.0993333333333333
11.174999999999999 1.1036168582375478
11.325 1.0817394636015325
11.475 1.0470344827586207
11.625 1.0760766283524905
11.775 1.0488275862068965
11.924999999999999 1.015616858237548
12.075 1.0205823754789272
12.225 1.0249655172413794
12.375 1.0039310344827586
12.525 0.9973409961685824
12.674999999999999 0.9731187739463601
12.825 1.0167049808429118
12.975 0.9777471264367816
13.125 1.0016781609195402
13.275 0.9819157088122605
13.424999999999999 0.9555785440613027
13.575 0.9276551724137931
13.725 0.9106896551724138
13.875 0.8844061302681993
14.025 0.8909272030651341
14.174999999999999 0.897455938697318
14.325 0.9097777777777778
14.475 0.9144137931034483
14.625 0.8756628352490421
14.774999999999999 0.8537011494252874
14.924999999999999 0.8922375478927204
