# r  Cs(r) [pure estimator]
0.125 0.00011463889648606259
0.375 0.0001196354915715102
0.625 0.00012072001690527505
0.875 0.00011332576009433222
1.125 0.00011760410562522617
1.375 0.00010709765323964373
1.625 0.0001074460549476186
1.875 0.00010941283029007933
2.125 0.00011874269749500035
2.375 0.0001020392955595065
2.625 0.00010835256684364825
2.875 0.00010973055426991966
3.125 0.00010604513847420391
3.375 0.00011079093104128869
3.625 0.00010449017702262788
3.875 9.79541323399757e-5
4.125 0.00010120073743971051
4.375 9.998285330737236e-5
4.625 0.0001047385829709626
4.875 0.00010302482033957773
5.125 9.446787662303161e-5
5.375 0.00010392457279954071
5.625 9.668256271987307e-5
5.875 9.600752105295215e-5
6.125 0.00010189594621139159
6.375 9.563243276242215e-5
6.625 9.68509941980662e-5
6.875 9.602040999985437e-5
7.125 9.126269094103793e-5
7.375 9.399424026095952e-5
7.625 0.00010155686816398199
7.875 9.366415555205758e-5
8.125 0.00010316717552996189
8.375 9.632770938822105e-5
8.625 9.882492822260989e-5
8.875 9.003002084646868e-5
9.125 9.194745399325746e-5
9.375 8.886310548212037e-5
9.625 8.999542332427034e-5
9.875 9.23321049985101e-5
10.125 9.936695046402015e-5
10.375 8.727994827114217e-5
10.625 8.825543146963273e-5
10.875 8.900004579392821e-5
11.125 8.49244637652279e-5
11.375 8.622694413039756e-5
11.625 9.589410670086899e-5
11.875 8.762181710879013e-5
12.125 8.403872790018171e-5
12.375 8.03310300345477e-5
12.625 9.094775896045905e-5
12.875 8.575957867279809e-5
13.125 9.595782835767503e-5
13.375 7.899439226990071e-5
13.625 7.879811503774847e-5
13.875 7.839616541620143e-5
14.125 7.450725817037646e-5
14.375 8.977841157589265e-5
14.625 8.995743416482415e-5
14.875 8.125656277486365e-5
15.125 7.893987715232346e-5
15.375 8.577982177506403e-5
15.625 8.31025269854717e-5
15.875 8.050528477534931e-5
16.125 8.025951799816394e-5
16.375 7.877724105145117e-5
16.625 8.049389081317968e-5
16.875 8.164550519270381e-5
17.125 8.062906774985589e-5
17.375 8.07278758231022e-5
17.625 7.837093600792402e-5
17.875 7.876235683746469e-5
18.125 7.915700384241886e-5
18.375 9.237382815341632e-5
18.625 8.670736002039252e-5
18.875 8.691527347595132e-5
19.125 8.229315607909312e-5
19.375 7.453137218547379e-5
19.625 7.891508456814068e-5
19.875 9.177886469871717e-5
20.125 8.34014578754395e-5
20.375 8.083392438340113e-5
20.625 8.300523075595065e-5
20.875 8.589477866720495e-5
21.125 7.775427527499754e-5
21.375 7.673056647172674e-5
21.625 7.77368023967709e-5
21.875 8.418701461350382e-5
22.125 8.955651868963665e-5
22.375 7.822002980323984e-5
22.625 9.469728372714144e-5
22.875 8.572674037906432e-5
23.125 7.771308854109739e-5
23.375 7.397730073273823e-5
23.625 7.318037536792201e-5
23.875 7.920088213881397e-5
24.125 8.389289573457884e-5
24.375 7.545682203035709e-5
24.625 7.456015272062791e-5
24.875 8.047141543220664e-5
