block_size         error    difference      rel_diff
-------------------------------------------------------
       2  6.316024e-08  2.610749e-08  4.133532e-01
       4  8.926773e-08  3.684211e-08  4.127147e-01
       8  1.261098e-07  5.188235e-08  4.114060e-01
      16  1.779922e-07  7.277666e-08  4.088756e-01
      32  2.507688e-07  1.013285e-07  4.040714e-01
      64  3.520974e-07  1.391438e-07  3.951856e-01
     128  4.912412e-07  1.864380e-07  3.795243e-01
     256  6.776791e-07  2.392040e-07  3.529753e-01
     512  9.168831e-07  2.827805e-07  3.084150e-01
    1024  1.199664e-06  2.992655e-07  2.494579e-01
    2048  1.498929e-06  2.491093e-07  1.661915e-01
    4096  1.748038e-06  1.539725e-07  8.808301e-02
    8192  1.902011e-06  1.572903e-07  8.269686e-02
   16384  2.059301e-06  9.538926e-08  4.632118e-02
   32768  2.154691e-06  1.390146e-07  6.451718e-02
   65536  2.293705e-06  3.081034e-07  1.343256e-01
  131072  2.601809e-06           ---           ---
