# k values and corresponding S(k) [pure estimator]
0.0 1.4944057867023013
0.15707963267948966 1.0343688697297562
0.3141592653589793 0.9880427816677655
0.47123889803846897 0.9633817011010604
0.6283185307179586 0.9709272806145156
0.7853981633974483 0.9746744644431579
0.9424777960769379 0.9741859819173417
1.0995574287564276 0.9672563525668598
1.2566370614359172 0.9826459329472792
1.413716694115407 0.9720597319637543
1.5707963267948966 0.9699847028811701
1.7278759594743862 0.9840627388603932
1.8849555921538759 0.9681073684192146
2.0420352248333655 0.9562218084716645
2.199114857512855 0.9745588629112739
2.356194490192345 0.9724708879247606
2.5132741228718345 0.9687268970512182
2.670353755551324 0.9786804913294073
2.827433388230814 0.9730220398814393
2.9845130209103035 0.9696635440561554
3.141592653589793 0.9657417921864336
3.2986722862692828 0.9594402706334896
3.4557519189487724 0.9708791479413403
3.612831551628262 0.9856371134778097
3.7699111843077517 0.971918601127111
3.9269908169872414 0.9660073074439139
4.084070449666731 0.9751464296730307
4.241150082346221 0.9756800152418592
4.39822971502571 0.9644318740158347
4.5553093477052 0.9741914090896733
4.71238898038469 0.9689789767154842
4.869468613064179 0.9643806755362848
5.026548245743669 0.9696126630413118
5.183627878423159 0.9728748057972478
5.340707511102648 0.9620835580613084
5.497787143782138 0.9631755093108636
5.654866776461628 0.9751882700518048
5.811946409141117 0.9704690055581452
5.969026041820607 0.9690793380878503
6.126105674500097 0.9675343673755203
6.283185307179586 0.9676259721868278
6.440264939859076 0.9750925617945638
6.5973445725385655 0.9753458831060932
6.754424205218055 0.9838998515655467
6.911503837897545 0.9626136641338394
7.0685834705770345 0.965145242402631
7.225663103256524 0.9694996068961425
7.382742735936014 0.9742365858327822
7.5398223686155035 0.96800014204138
7.696902001294993 0.9697157797125748
7.853981633974483 0.9770049084502617
8.011061266653972 0.963851089314676
8.168140899333462 0.9753279302155541
8.325220532012953 0.9684320586532273
8.482300164692441 0.9665749520674742
8.63937979737193 0.9760179337345313
8.79645943005142 0.9660473607721228
8.953539062730911 0.9668566170967193
9.1106186954104 0.9705912828234804
9.267698328089889 0.9678828387068789
9.42477796076938 0.9638437207017718
9.58185759344887 0.9497156545121846
9.738937226128359 0.9751418155248927
9.896016858807847 0.9713342901440862
10.053096491487338 0.9663457345788823
10.210176124166829 0.964001007163748
10.367255756846317 0.9712002203878495
10.524335389525806 0.9653090044805761
10.681415022205297 0.9698946754547725
10.838494654884787 0.9658585692504136
10.995574287564276 0.976264052986557
11.152653920243765 0.971053443985593
11.309733552923255 0.9670116576504322
11.466813185602746 0.9636314418976907
11.623892818282235 0.9622449259285969
