block_size         error    difference      rel_diff
-------------------------------------------------------
       2  4.362481e-08  1.806259e-08  4.140440e-01
       4  6.168741e-08  2.553408e-08  4.139269e-01
       8  8.722148e-08  3.608295e-08  4.136934e-01
      16  1.233044e-07  5.095727e-08  4.132639e-01
      32  1.742617e-07  7.188929e-08  4.125364e-01
      64  2.461510e-07  1.012457e-07  4.113154e-01
     128  3.473967e-07  1.422491e-07  4.094718e-01
     256  4.896458e-07  1.989176e-07  4.062480e-01
     512  6.885635e-07  2.759353e-07  4.007406e-01
    1024  9.644988e-07  3.755932e-07  3.894180e-01
    2048  1.340092e-06  4.907894e-07  3.662356e-01
    4096  1.830881e-06  5.911397e-07  3.228717e-01
    8192  2.422021e-06  6.128680e-07  2.530399e-01
   16384  3.034889e-06  4.819647e-07  1.588080e-01
   32768  3.516854e-06  1.778294e-07  5.056492e-02
   65536  3.694683e-06  -1.149169e-07  3.110332e-02
  131072  3.579766e-06           ---           ---
