# r  Cs(r) [pure estimator]
0.075 6.541260778476029e-6
0.22499999999999998 5.043294458550989e-6
0.375 -8.714274342291298e-7
0.525 6.56189468586746e-6
0.6749999999999999 2.242335876219203e-6
0.825 4.4125734061083256e-6
0.975 4.829474323472009e-6
1.125 8.140608431028016e-6
1.275 6.3344112399134205e-6
1.425 4.6122049067827206e-6
1.575 -5.600091208261553e-7
1.7249999999999999 2.6742658152045264e-6
1.875 3.433031144812544e-6
2.025 2.9679376846069308e-6
2.175 3.5826603623637147e-6
2.3249999999999997 8.311198563889366e-6
2.475 4.104407407112777e-6
2.625 5.281887322694616e-6
2.775 2.527857320414539e-6
2.925 3.8627342839259016e-7
3.0749999999999997 4.901602397788827e-6
3.225 4.247173392825181e-6
3.375 6.3248991825528965e-6
3.525 3.4645124288116995e-7
3.675 1.4962713661355037e-6
3.8249999999999997 2.9112897007692176e-6
3.9749999999999996 2.9787226240912727e-6
4.125 3.5832298965305267e-6
4.2749999999999995 1.6801935943134963e-6
4.425 7.799486926658753e-7
4.575 -9.248278436319147e-7
4.725 6.278622406658858e-6
4.875 1.2662331138933159e-6
5.0249999999999995 3.8075697272607046e-6
5.175 3.0535177117168233e-6
5.325 4.5017361695206125e-6
5.475 -9.228867363331983e-7
5.625 1.187981100259139e-6
5.7749999999999995 2.7697800930127646e-6
5.925 6.628813816577906e-6
6.075 -1.6081853950166164e-6
6.225 2.600592691180886e-6
6.375 3.619134169617881e-6
6.5249999999999995 6.273190607617925e-6
6.675 -1.2131782742098127e-6
6.825 3.7750658046368524e-6
6.975 8.214920818724335e-6
7.125 2.5667920646741736e-6
7.2749999999999995 1.6644837457822312e-6
7.425 7.0780938106811155e-6
7.574999999999999 4.822683511163701e-6
7.725 3.3505780704753934e-6
7.875 3.1677406479245186e-6
8.025 3.586645898740338e-6
8.174999999999999 -1.8015469001781549e-6
8.325 4.179452844727018e-6
8.475 1.9392060584879085e-6
8.625 6.111227737674095e-6
8.775 2.05769545566379e-6
8.924999999999999 -2.301790398556216e-6
9.075 2.929212360814418e-6
9.225 3.7715593439894844e-6
9.375 -1.3218414412795145e-7
9.525 3.1902590238678986e-6
9.674999999999999 3.147285296719166e-6
9.825 1.6299931968768571e-6
9.975 3.6313198359249044e-6
10.125 6.410896298082146e-6
10.275 4.422448814713656e-6
10.424999999999999 2.290818756297065e-6
10.575 -1.4769917150635784e-6
10.725 2.9013399375027958e-6
10.875 4.32082810416157e-6
11.025 5.988936884967407e-6
11.174999999999999 2.9643036198176157e-6
11.325 -1.2755671641080077e-6
11.475 4.121780116644197e-6
11.625 3.169844736185476e-6
11.775 4.966355172019178e-6
11.924999999999999 1.499012575655005e-6
12.075 5.438892181455001e-6
12.225 2.6016270198140017e-6
12.375 3.7628077046741313e-6
12.525 6.032221823081654e-6
12.674999999999999 4.067230123341878e-6
12.825 5.562972589164843e-6
12.975 4.843473831681895e-6
13.125 4.302264611183261e-6
13.275 5.922122850330369e-6
13.424999999999999 7.590888033903851e-7
13.575 1.6942235566327608e-6
13.725 4.363260342037541e-6
13.875 5.622942236827772e-6
14.025 -1.3902012697634898e-6
14.174999999999999 3.1326933984442934e-6
14.325 -3.0661533781727266e-7
14.475 6.384612098752776e-6
14.625 1.0081732067269183e-5
14.774999999999999 2.4463132664076505e-6
14.924999999999999 -6.226460725126215e-7
