# r  Cs(r) [pure estimator]
0.2 -2.215083590732752e-6
0.6000000000000001 -2.9000893575007572e-6
1.0 -2.1982555315163372e-6
1.4000000000000001 -4.026487829352247e-6
1.8 -5.364864562896599e-7
2.2 -2.0041704911649732e-6
2.6 -5.9027687923091144e-6
3.0 -4.986788826897903e-6
3.4000000000000004 -6.489529379400273e-7
3.8000000000000003 -3.033993899388865e-6
4.2 -2.6204950338435646e-6
4.6000000000000005 -2.935873516215872e-6
5.0 -3.638882702835005e-6
5.4 -1.4757408737245946e-6
5.800000000000001 -3.904478473371552e-6
6.2 -3.574881188723023e-7
6.6000000000000005 -1.0059311404637265e-7
7.0 -2.340877036828423e-6
7.4 -6.918105519826009e-7
7.800000000000001 1.203699854918697e-6
8.200000000000001 1.1530962233914865e-6
8.6 -7.426154685784838e-7
9.0 -2.0160683995873546e-6
9.4 -3.8563157389874235e-6
9.8 5.444456615293529e-7
10.200000000000001 -8.416990147650965e-7
10.600000000000001 -2.3245240969830314e-6
11.0 2.149387119169485e-7
11.4 -2.3879246691154557e-6
11.8 -2.1991108868460793e-6
12.200000000000001 3.364712586067056e-6
12.600000000000001 2.974748605931971e-7
13.0 -1.6061484916065743e-6
13.4 -1.7989307346441223e-6
13.8 -4.080518540411703e-6
14.200000000000001 -1.2375661050059004e-6
14.600000000000001 -3.6356609248198486e-7
15.0 -2.2138262606937978e-6
15.4 -2.5912725301921437e-6
15.8 -1.0444885320256867e-6
16.2 -1.6953287291220318e-6
16.6 -1.21984704178801e-6
17.0 -1.2362748600653778e-6
17.400000000000002 1.3792495324888644e-6
17.8 -2.0815694114237475e-6
18.2 -4.656414468886307e-7
18.6 -8.511152161782905e-7
19.0 -1.214408177107285e-7
19.400000000000002 2.875627937660337e-7
19.8 -1.5739787008596924e-6
20.200000000000003 8.068760901718962e-7
20.6 8.309487136228416e-7
21.0 -4.428865022651701e-7
21.400000000000002 -2.5863036956220255e-6
21.8 -1.35359256777419e-6
22.200000000000003 -1.4438488438471334e-6
22.6 -1.7943893428297427e-6
23.0 -6.440872444041082e-7
23.400000000000002 -5.86712090194116e-7
23.8 5.949397916970857e-7
24.200000000000003 1.2454533550310947e-6
24.6 -3.3408303403523057e-7
25.0 9.424353207396114e-7
25.400000000000002 5.080185362706401e-7
25.8 -7.405545933749588e-7
26.200000000000003 5.105231324048164e-8
26.6 2.2147833212906635e-6
27.0 -8.035543547762207e-7
27.400000000000002 -9.354278788751882e-7
27.8 2.600036329103812e-7
28.200000000000003 6.417724803618013e-8
28.6 -8.58263254077208e-7
29.0 -9.284276137213873e-7
29.400000000000002 5.710154117437229e-7
29.8 -2.8487652602410142e-6
30.200000000000003 4.653732718372654e-6
30.6 -3.2772944006932887e-7
31.0 -1.1270774122272725e-6
31.400000000000002 -1.8852250494401637e-6
31.8 -2.336904204428248e-6
32.2 -2.200140712934695e-6
32.6 -1.5521544394903208e-6
33.0 -2.2894676176863707e-6
33.4 -3.759604439055931e-8
33.800000000000004 -7.622949777595299e-7
34.2 1.7076374957055851e-6
34.6 -1.4112550362147018e-6
35.0 -1.2081205325874596e-6
35.4 -1.017273914992458e-6
35.800000000000004 1.0720590491052423e-7
36.2 -3.233493271462074e-6
36.6 -6.06719426944955e-7
37.0 1.5827661276818865e-6
37.4 -1.4515552043532044e-6
37.800000000000004 -2.237358334182335e-6
38.2 -2.048552866522057e-7
38.6 -9.623316870803431e-7
39.0 -8.003560387344926e-7
39.400000000000006 4.378572166724273e-7
39.800000000000004 -8.368032584936592e-7
