block_size         error    difference      rel_diff
-------------------------------------------------------
       2  4.810888e-07  1.992522e-07  4.141692e-01
       4  6.803410e-07  2.817560e-07  4.141393e-01
       8  9.620970e-07  3.983809e-07  4.140756e-01
      16  1.360478e-06  5.631717e-07  4.139514e-01
      32  1.923650e-06  7.958501e-07  4.137189e-01
      64  2.719500e-06  1.123880e-06  4.132670e-01
     128  3.843379e-06  1.585231e-06  4.124577e-01
     256  5.428611e-06  2.232107e-06  4.111746e-01
     512  7.660717e-06  3.133024e-06  4.089727e-01
    1024  1.079374e-05  4.380923e-06  4.058763e-01
    2048  1.517467e-05  6.096321e-06  4.017433e-01
    4096  2.127099e-05  8.468354e-06  3.981176e-01
    8192  2.973934e-05  1.142356e-05  3.841227e-01
   16384  4.116290e-05  1.533588e-05  3.725657e-01
   32768  5.649878e-05  7.353138e-06  1.301469e-01
   65536  6.385192e-05  2.018330e-07  3.160955e-03
  131072  6.405375e-05           ---           ---
