# k values and corresponding S(k) [pure estimator]
0.0 49.98133365589865
0.07853981633974483 0.6872648616760955
0.15707963267948966 0.7901849139395649
0.23561944901923448 0.8362780252994616
0.3141592653589793 0.8870395644841094
0.39269908169872414 0.9030148374022249
0.47123889803846897 0.949730769919612
0.5497787143782138 0.9559050466715758
0.6283185307179586 0.9474084033100699
0.7068583470577035 0.9518085676747882
0.7853981633974483 0.953369547801024
0.8639379797371931 0.9584250376947537
0.9424777960769379 0.9554476363203946
1.0210176124166828 0.9676199699345032
1.0995574287564276 0.9658238060984238
1.1780972450961724 0.9665634283113811
1.2566370614359172 0.9716229396211197
1.335176877775662 0.9580802270723839
1.413716694115407 0.9705647869312728
1.4922565104551517 0.9824802288275911
1.5707963267948966 0.9727512540320871
1.6493361431346414 0.957443917592782
1.7278759594743862 0.9743190923269579
1.806415775814131 0.9975111270837005
1.8849555921538759 0.9739565964583429
1.9634954084936207 0.9568072081914191
2.0420352248333655 0.9821411278901337
2.1205750411731104 0.9564402918047404
2.199114857512855 0.9851508115318098
2.2776546738526 0.9453675151752705
2.356194490192345 0.9638070770242935
2.4347343065320897 0.9782011774378893
2.5132741228718345 0.9649245626491777
2.5918139392115793 0.962642202619743
2.670353755551324 0.9666473086908144
2.748893571891069 0.9547680278140925
2.827433388230814 0.980838041117837
2.9059732045705586 0.9586923504567372
2.9845130209103035 0.9693548354055698
3.0630528372500483 0.9613618101218534
3.141592653589793 0.9611875310498365
3.220132469929538 0.9683129684598719
3.2986722862692828 0.9633548406736483
3.3772121026090276 0.9701038567005559
3.4557519189487724 0.9539718998323062
3.5342917352885173 0.9580747892599873
3.612831551628262 0.9744008783411269
3.691371367968007 0.9786781893885818
3.7699111843077517 0.9811899800585501
3.8484510006474966 0.9629512293099843
3.9269908169872414 0.9963156549806435
4.005530633326986 0.983429032493854
4.084070449666731 0.9672049803344854
4.162610266006476 0.9640800432033448
4.241150082346221 0.9802952860090306
4.319689898685965 0.9718163055052422
4.39822971502571 1.0044941209729144
4.476769531365456 0.9714156915783041
4.5553093477052 0.9558624204285887
4.633849164044944 0.9658452163884639
4.71238898038469 0.970630087293834
4.790928796724435 0.9666563963622432
4.869468613064179 0.961663643389416
4.948008429403924 0.9485370812571134
5.026548245743669 0.9777269953457278
5.105088062083414 0.9611001755183066
5.183627878423159 0.9740256068603436
5.262167694762903 0.9656835513427232
5.340707511102648 0.9648827099020315
5.419247327442394 0.9747913392683778
5.497787143782138 0.9592351121926386
5.576326960121882 0.9840579830216646
5.654866776461628 0.9785944873636716
5.733406592801373 0.9818436851790048
5.811946409141117 0.9632812879807873
