# r  Cs(r) [pure estimator]
0.2 0.00016560552992160338
0.6000000000000001 0.0001643999955058052
1.0 0.0001656537553714672
1.4000000000000001 0.0001641373680629204
1.8 0.0001660069555531239
2.2 0.00016486219354088102
2.6 0.00016367369334235247
3.0 0.00016400585713739513
3.4000000000000004 0.00016643682177476684
3.8000000000000003 0.00016439945508892455
4.2 0.00016421991811354968
4.6000000000000005 0.00016391249809613544
5.0 0.00016187758422332181
5.4 0.00016279492228634524
5.800000000000001 0.00016229094631146603
6.2 0.00016303440530467534
6.6000000000000005 0.00016014944133291317
7.0 0.00016337942771773198
7.4 0.0001617609355271945
7.800000000000001 0.0001647503437508732
8.200000000000001 0.0001617084934700431
8.6 0.0001619875592016384
9.0 0.00016222314021935053
9.4 0.00016014337813878798
9.8 0.00015926433055216946
10.200000000000001 0.0001627818060589704
10.600000000000001 0.0001620333425033222
11.0 0.00016405042864019347
11.4 0.00015903062796490872
11.8 0.0001610207028430904
12.200000000000001 0.00016243206290243666
12.600000000000001 0.00016083260128834775
13.0 0.0001607815661711032
13.4 0.00016075603443472088
13.8 0.00015772997942731492
14.200000000000001 0.00016211205329155526
14.600000000000001 0.0001610320181071259
15.0 0.00016088215328572593
15.4 0.00015694798870791353
15.8 0.00015981523338398347
16.2 0.00015716098348771606
16.6 0.00016047904719186383
17.0 0.00015840747091231723
17.400000000000002 0.0001613734511511349
17.8 0.000158560616171667
18.2 0.0001580412223502576
18.6 0.00015935186083029375
19.0 0.00015916602318482925
19.400000000000002 0.00015983587435923916
19.8 0.00015933781467946317
20.200000000000003 0.00015902388640040511
20.6 0.00015988215323974506
21.0 0.00015975627445484085
21.400000000000002 0.0001603955554398502
21.8 0.00015670887747003883
22.200000000000003 0.00015801172192463664
22.6 0.0001598229354519502
23.0 0.00015891952048808824
23.400000000000002 0.00015777575008271046
23.8 0.00015854865138367036
24.200000000000003 0.00015838051615149642
24.6 0.00015878765204657515
25.0 0.00015739863916060923
25.400000000000002 0.00015768669778453958
25.8 0.00015757353680672612
26.200000000000003 0.00015809600368209048
26.6 0.0001586800360405342
27.0 0.00015884297576117864
27.400000000000002 0.00015913262302349885
27.8 0.00015733341995082399
28.200000000000003 0.00015522466930443672
28.6 0.00015626921231224266
29.0 0.0001581696254463045
29.400000000000002 0.0001573614396111413
29.8 0.00015891788099384833
30.200000000000003 0.0001587750260862898
30.6 0.00015690144380930423
31.0 0.0001574545500615387
31.400000000000002 0.000159266434583311
31.8 0.0001547886702305726
32.2 0.00015509849386719331
32.6 0.00015618801873715086
33.0 0.00015596231029652873
33.4 0.00015731026298880637
33.800000000000004 0.00015757688176563117
34.2 0.0001562166539845337
34.6 0.00015565733362739024
35.0 0.00015500052800991823
35.4 0.00015787426852345026
35.800000000000004 0.00015711561972261916
36.2 0.0001554197126276644
36.6 0.0001565721850412217
37.0 0.00015514748785931884
37.4 0.00015758764821635396
37.800000000000004 0.00015522915820541668
38.2 0.00015694106616707086
38.6 0.00015682963013296923
39.0 0.0001578660728530153
39.400000000000006 0.00015713969223266267
39.800000000000004 0.00015801644273756438
