block_size         error    difference      rel_diff
-------------------------------------------------------
       2  1.998574e-07  8.278030e-08  4.141969e-01
       4  2.826377e-07  1.170643e-07  4.141850e-01
       8  3.997020e-07  1.655402e-07  4.141592e-01
      16  5.652422e-07  2.340717e-07  4.141086e-01
      32  7.993139e-07  3.309257e-07  4.140122e-01
      64  1.130240e-06  4.677096e-07  4.138146e-01
     128  1.597949e-06  6.606891e-07  4.134607e-01
     256  2.258638e-06  9.325643e-07  4.128879e-01
     512  3.191203e-06  1.314416e-06  4.118875e-01
    1024  4.505619e-06  1.848931e-06  4.103611e-01
    2048  6.354550e-06  2.596554e-06  4.086134e-01
    4096  8.951104e-06  3.640935e-06  4.067582e-01
    8192  1.259204e-05  5.095985e-06  4.046990e-01
   16384  1.768802e-05  6.998475e-06  3.956618e-01
   32768  2.468650e-05  9.166603e-06  3.713205e-01
   65536  3.385310e-05  1.184602e-05  3.499241e-01
  131072  4.569912e-05           ---           ---
