# P_value  count
-1.0 0.0
-0.9777777777777777 0.0
-0.9555555555555556 0.0
-0.9333333333333333 0.0
-0.9111111111111111 0.0
-0.8888888888888888 0.0
-0.8666666666666667 0.0
-0.8444444444444444 0.0
-0.8222222222222222 0.0
-0.8 0.0
-0.7777777777777778 0.0
-0.7555555555555555 0.0
-0.7333333333333333 0.0
-0.7111111111111111 0.0
-0.6888888888888889 6.0
-0.6666666666666666 10.0
-0.6444444444444445 0.0
-0.6222222222222222 0.0
-0.6 0.0
-0.5777777777777777 1.0
-0.5555555555555556 26.0
-0.5333333333333333 17.0
-0.5111111111111111 84.0
-0.4888888888888889 142.0
-0.4666666666666667 168.0
-0.4444444444444444 233.0
-0.4222222222222222 430.0
-0.4 714.0
-0.37777777777777777 832.0
-0.35555555555555557 973.0
-0.3333333333333333 1401.0
-0.3111111111111111 2253.0
-0.28888888888888886 2519.0
-0.26666666666666666 3171.0
-0.24444444444444444 3805.0
-0.2222222222222222 4217.0
-0.2 5259.0
-0.17777777777777778 5878.0
-0.15555555555555556 7096.0
-0.13333333333333333 8363.0
-0.1111111111111111 8700.0
-0.08888888888888889 9731.0
-0.06666666666666667 9111.0
-0.044444444444444446 10600.0
-0.022222222222222223 11116.0
0.0 12043.0
0.022222222222222223 11485.0
0.044444444444444446 9904.0
0.06666666666666667 9164.0
0.08888888888888889 10181.0
0.1111111111111111 9299.0
0.13333333333333333 7861.0
0.15555555555555556 7625.0
0.17777777777777778 6493.0
0.2 6008.0
0.2222222222222222 4425.0
0.24444444444444444 3527.0
0.26666666666666666 3040.0
0.28888888888888886 2596.0
0.3111111111111111 1718.0
0.3333333333333333 1305.0
0.35555555555555557 1223.0
0.37777777777777777 618.0
0.4 658.0
0.4222222222222222 358.0
0.4444444444444444 267.0
0.4666666666666667 109.0
0.4888888888888889 106.0
0.5111111111111111 63.0
0.5333333333333333 33.0
0.5555555555555556 59.0
0.5777777777777777 58.0
0.6 5.0
0.6222222222222222 6.0
0.6444444444444445 5.0
0.6666666666666666 0.0
0.6888888888888889 0.0
0.7111111111111111 0.0
0.7333333333333333 0.0
0.7555555555555555 0.0
0.7777777777777778 0.0
0.8 0.0
0.8222222222222222 0.0
0.8444444444444444 0.0
0.8666666666666667 0.0
0.8888888888888888 0.0
0.9111111111111111 0.0
0.9333333333333333 0.0
0.9555555555555556 0.0
0.9777777777777777 0.0
1.0 0.0
