# block  <P^4>
1 0.0
2 0.0052773197530864135
3 0.02296669259259258
4 0.03271105684439026
5 0.02905683086419748
6 0.05479273718162636
7 0.03693168888888903
8 0.04845941481481485
9 0.031353416049382715
10 0.08320997654320958
11 0.07169179506172817
12 0.022010124691357952
13 0.017437840740740698
14 0.015812732485572006
15 0.026514032098765378
16 0.0326025543209876
17 0.03573121199787885
18 0.04002027283950607
19 0.02631792780434742
20 0.03237161851851858
21 0.028556617283950675
22 0.02479010742344077
23 0.03639495925925941
24 0.048053201234567786
25 0.024459375308641965
26 0.10545252839506151
27 0.08930262345679033
28 0.053416530864197787
29 0.03569196913580253
30 0.07862152222222192
31 0.023388576543209926
32 0.0365592358024691
33 0.028354082716049347
34 0.02607098518518512
35 0.028043908641975413
36 0.04105883456790143
37 0.06656304682971313
38 0.04848389747772477
39 0.05515583209876526
40 0.044930912393875665
41 0.04169348395061719
42 0.030851296296296276
43 0.054137875308642135
44 0.02411772222222223
45 0.022154081481481503
46 0.03800067654321016
47 0.0655462049382712
48 0.08303103209876464
49 0.084963111111111
50 0.04091714074074096
51 0.04145372962962967
52 0.041417350617284125
53 0.03555240796351912
54 0.027030183950617192
55 0.025253508641975272
56 0.020212382716049502
57 0.03405836172839501
58 0.026203045679012358
59 0.029454303703703805
60 0.044870867901234596
61 0.05587156415674932
62 0.03126144567901233
63 0.04866050740740757
64 0.038566790000123294
65 0.036894366666666685
66 0.02446059012345671
67 0.04401044074074094
68 0.059309416824231714
69 0.038359103703703865
70 0.04867156172839528
71 0.048850094350094575
72 0.04517969506172825
73 0.04037805034471718
74 0.032570241975308875
75 0.03353209259259259
76 0.037254762962963456
77 0.047959524957056056
78 0.030801177777777886
79 0.042910067901234666
80 0.03245891851851867
81 0.03575535575535569
82 0.0346239106572441
83 0.05240691358024691
84 0.032616699999999936
85 0.029737674074074183
86 0.03507370740740759
87 0.04394033580246917
88 0.10440062716049288
89 0.05438449999999995
90 0.04283978024691343
91 0.03434476296296299
92 0.03155820493827162
93 0.038201590123456766
94 0.029494698765432197
95 0.01268993067141216
96 0.08275693333333316
97 0.05723458271604983
98 0.03484843732621511
99 0.03057634567901232
100 0.03627647530864207
101 0.02624178518518505
102 0.06642672345679008
103 0.03789019005685659
104 0.033163290123456965
105 0.024966997530864142
106 0.03573859753086416
107 0.037068224368224635
108 0.02506922204972778
109 0.03456599382716056
110 0.021821522222222254
111 0.03518093209876567
112 0.030919743209876567
113 0.026715380246913768
114 0.028048285185185113
115 0.04925624197530846
116 0.04799373209876552
117 0.03388193131403035
118 0.030055783950617313
119 0.08401305114638379
120 0.1294154493827157
121 0.061003971604938555
122 0.0795035530864194
123 0.07539756670250511
124 0.05501319135802471
125 0.03222125061728393
126 0.033613337037037144
127 0.03472445061728403
128 0.03997508765432104
129 0.040527920987654384
130 0.037046200712867516
131 0.03684552577268655
132 0.04659912716049445
133 0.040110740740740856
134 0.13278432506580612
135 0.0765838222222221
136 0.06888089629629643
137 0.031642901542901454
138 0.06004100123456808
139 0.03697698518518517
140 0.0390461604938271
141 0.03068365555555568
142 0.04788605555555583
143 0.027221969388635994
144 0.054743722222222305
145 0.04632250246913572
146 0.049654967901234776
147 0.03938587037037048
148 0.037292035802469446
149 0.029500279012345657
150 0.026708697530864158
151 0.023422077777777717
152 0.04870925308641988
153 0.03402387777777794
154 0.0365261355928026
155 0.025888308641975246
156 0.03140147654320978
157 0.030114751851851824
158 0.023862645679012293
159 0.019198500000000066
160 0.022470051851851938
161 0.015679223456790098
162 0.02054350864197536
163 0.022023018518518542
164 0.032655612345678924
165 0.02570499382716053
166 0.027916829629629707
167 0.06748718100816861
168 0.05074114691358029
169 0.029263630296963633
170 0.06822395555555535
171 0.03311352962962987
172 0.03939863703703723
173 0.04630814023900407
174 0.08006327283950596
175 0.06625901851851893
176 0.06702966543209823
177 0.02965763041817604
178 0.04786518395061764
179 0.037746622222222234
180 0.02905146543209877
181 0.041207608440941734
182 0.05039221728395066
183 0.03850297777777796
184 0.026244470396322307
185 0.03329375548387877
186 0.039195862962962916
187 0.04852687160493836
188 0.043935611111111286
189 0.04566193950617266
190 0.04785090370370417
191 0.029015255555555612
192 0.02960873703703718
193 0.031598819698819613
194 0.03938920772624499
195 0.03888708945375622
196 0.02798353251686607
197 0.026288048148148106
198 0.024312856790123415
199 0.011501362962962957
200 0.015103433333333348
201 0.04291117283950609
202 0.022690886419753146
203 0.030856970370370464
204 0.04044088148148173
205 0.04916016296296364
206 0.028285796919130284
207 0.03551395925925939
208 0.0526738135802474
