# k values and corresponding S(k) [pure estimator]
0.0 8.99064146556708
0.10471975511965977 1.158642447602166
0.20943951023931953 1.0055246594679788
0.3141592653589793 1.0091296443184192
0.41887902047863906 0.9948385690674922
0.5235987755982988 0.9813491015717417
0.6283185307179586 0.9840043313245842
0.7330382858376183 0.9880892909379531
0.8377580409572781 0.9909183777788099
0.9424777960769379 0.9854970632325226
1.0471975511965976 0.9833231382025802
1.1519173063162573 0.99066512848002
1.2566370614359172 0.9821628080233447
1.361356816555577 0.9768020337269887
1.4660765716752366 0.9869705924609474
1.5707963267948966 1.0012142726168658
1.6755160819145563 0.9875059210165736
1.780235837034216 0.9719083842755348
1.8849555921538759 0.9936344682037498
1.9896753472735356 0.9754052279281277
2.0943951023931953 0.9875346877503672
2.199114857512855 0.9774533304572451
2.3038346126325147 0.9871768412114521
2.4085543677521746 0.988005772515926
2.5132741228718345 0.9862826601051806
2.617993877991494 0.9848677029128559
2.722713633111154 0.9873767701407914
2.827433388230814 0.9792757177185543
2.9321531433504733 0.9918887984145469
3.036872898470133 0.9816597034793517
3.141592653589793 0.9902426085370268
3.2463124087094526 0.995261573678733
3.3510321638291125 0.9890449267284358
3.4557519189487724 0.9992213142799818
3.560471674068432 0.9781385916023613
3.665191429188092 0.9775532084388779
3.7699111843077517 0.9901992918751886
3.874630939427411 0.9932376782697305
3.979350694547071 0.9948403210141693
4.084070449666731 0.980076543415772
4.1887902047863905 0.9758359832472983
4.29350995990605 0.9870750154487246
4.39822971502571 0.9982246511645877
4.50294947014537 0.9903816757354029
4.607669225265029 0.9908092122660368
4.71238898038469 0.9737792480168097
4.817108735504349 0.9882576779154614
4.921828490624009 0.9824900910067836
5.026548245743669 0.9855020321125573
5.1312680008633285 1.0039485297905406
5.235987755982988 0.9781509559962603
5.340707511102648 0.9793297877121964
5.445427266222308 0.9666030574628912
5.550147021341967 0.9767142452297476
5.654866776461628 0.9859133472809317
5.759586531581287 0.9809153846725631
5.864306286700947 0.9967674086072505
5.969026041820607 0.9942084082400705
6.073745796940266 0.9884079530764586
6.178465552059926 0.985622810037489
6.283185307179586 0.9873615446498855
6.387905062299246 1.0002266470579888
6.492624817418905 0.9783513493082499
6.5973445725385655 0.992984757516733
6.702064327658225 1.0023467001256647
6.8067840827778845 0.9963461264168052
6.911503837897545 0.971358653630364
7.016223593017204 0.973681296017022
7.120943348136864 0.9869013347055703
7.225663103256524 0.9855490958661949
7.330382858376184 0.977982478451798
7.435102613495843 0.9878845235876287
7.5398223686155035 0.9809102861800129
7.644542123735163 0.9882771190917031
7.749261878854822 0.9687383682752148
