0.1 -0.06299974768906118
0.30000000000000004 -0.08911181616446898
0.5 -0.16453312036340303
0.7000000000000001 -0.13677239718553635
0.9 -0.13861900508576533
1.1 -0.13090440578137716
1.3 -0.08625784019304888
1.5 -0.07583367951961932
1.7000000000000002 -0.08496695574579627
1.9000000000000001 -0.04127804882569071
2.1 -0.06785965888439673
2.3000000000000003 -0.09272211763520354
2.5 -0.052562269546241255
2.7 0.011589836296073115
2.9000000000000004 -0.04656493358596994
3.1 -0.06735967543118927
3.3000000000000003 -0.05973125188993045
3.5 -0.05863996513932556
3.7 0.004963183135410707
3.9000000000000004 0.032513601351864846
4.1000000000000005 0.054557853037895745
4.3 0.018191263454335006
4.5 -0.0009993707665543917
4.7 -0.03402839095293079
4.9 -0.0775255645164967
5.1000000000000005 -0.04632767321079966
5.300000000000001 -0.08601252242428506
5.5 -0.09574433683121251
5.7 -0.10409453033328529
5.9 -0.10836947353174231
6.1000000000000005 -0.11770069105379313
6.300000000000001 -0.08558346527450897
6.5 -0.0470940042433051
6.7 -0.010954926417211113
6.9 0.02396296896490113
7.1000000000000005 0.04016526987746257
7.300000000000001 0.050416109083134715
7.5 0.03990223518744826
7.7 0.03953475964360028
7.9 0.025270670289120473
8.1 -0.0010247460150989921
8.3 -0.003855935679711215
8.5 -0.004519929888340691
8.700000000000001 0.0056921998630630926
8.9 0.0251664872864254
9.1 0.015533238903124155
9.3 0.025234426798850757
9.5 -0.01835006970682723
9.700000000000001 -0.003306719665558716
9.9 -0.01239902064757715
10.100000000000001 -0.025461717769410076
10.3 -5.018148972115819e-5
10.5 -0.029674619690590265
10.700000000000001 0.016518547530697203
10.9 -0.008925970704301784
11.100000000000001 -0.02308594030350635
11.3 -0.03344280932230152
11.5 -0.024705513610448763
11.700000000000001 0.041014447901226526
11.9 0.09106648056030715
12.100000000000001 0.09974778779976916
12.3 0.07614671544242056
12.5 0.004988614833741809
12.700000000000001 -0.025266592906067167
12.9 -0.04802535026288998
13.100000000000001 -0.035846141761147914
13.3 -0.04254051232733714
13.5 -0.03385536985995826
13.700000000000001 -0.053688136227392706
13.9 -0.09703301295445048
14.100000000000001 -0.07951113326261891
14.3 -0.09682610716191328
14.5 -0.061684480694531765
14.700000000000001 -0.06264268464878132
14.9 -0.0724788919457357
15.100000000000001 -0.10057175457961776
15.3 -0.07348620350087422
15.5 -0.05277369174038326
15.700000000000001 -0.011244821463799567
15.9 -0.03066427959306617
16.1 -0.06396493230182637
16.3 -0.0709491145948142
16.5 -0.054474961859268305
16.7 -0.11422177784126077
16.900000000000002 -0.06746831421675778
17.1 -0.07190605239385728
17.3 -0.03376630164911272
17.5 -0.053575874189315205
17.7 -0.0769391507856904
17.900000000000002 -0.02519932981401497
18.1 -0.014307576456870795
18.3 -0.003448640471097302
18.5 0.03571808575941856
18.7 0.08580394618130467
18.900000000000002 0.07135363565169851
19.1 0.10112579233647856
19.3 0.04870660857233032
19.5 0.07966559808913194
19.700000000000003 0.07692928314978417
19.900000000000002 0.09484658086718209
