# P_value  count
-1.0 0.0
-0.9777777777777777 0.0
-0.9555555555555556 0.0
-0.9333333333333333 0.0
-0.9111111111111111 0.0
-0.8888888888888888 0.0
-0.8666666666666667 0.0
-0.8444444444444444 0.0
-0.8222222222222222 0.0
-0.8 0.0
-0.7777777777777778 0.0
-0.7555555555555555 0.0
-0.7333333333333333 0.0
-0.7111111111111111 0.0
-0.6888888888888889 0.0
-0.6666666666666666 0.0
-0.6444444444444445 0.0
-0.6222222222222222 0.0
-0.6 0.0
-0.5777777777777777 0.0
-0.5555555555555556 0.0
-0.5333333333333333 0.0
-0.5111111111111111 2.0
-0.4888888888888889 12.0
-0.4666666666666667 68.0
-0.4444444444444444 21.0
-0.4222222222222222 56.0
-0.4 140.0
-0.37777777777777777 320.0
-0.35555555555555557 415.0
-0.3333333333333333 473.0
-0.3111111111111111 831.0
-0.28888888888888886 1329.0
-0.26666666666666666 1570.0
-0.24444444444444444 2656.0
-0.2222222222222222 3248.0
-0.2 4671.0
-0.17777777777777778 5602.0
-0.15555555555555556 7242.0
-0.13333333333333333 7687.0
-0.1111111111111111 9054.0
-0.08888888888888889 11322.0
-0.06666666666666667 12124.0
-0.044444444444444446 13533.0
-0.022222222222222223 13203.0
0.0 14134.0
0.022222222222222223 13253.0
0.044444444444444446 13921.0
0.06666666666666667 12227.0
0.08888888888888889 11705.0
0.1111111111111111 9294.0
0.13333333333333333 7964.0
0.15555555555555556 6668.0
0.17777777777777778 5974.0
0.2 4797.0
0.2222222222222222 3560.0
0.24444444444444444 2576.0
0.26666666666666666 2086.0
0.28888888888888886 1110.0
0.3111111111111111 850.0
0.3333333333333333 695.0
0.35555555555555557 395.0
0.37777777777777777 219.0
0.4 298.0
0.4222222222222222 247.0
0.4444444444444444 50.0
0.4666666666666667 8.0
0.4888888888888889 9.0
0.5111111111111111 2.0
0.5333333333333333 11.0
0.5555555555555556 0.0
0.5777777777777777 0.0
0.6 0.0
0.6222222222222222 0.0
0.6444444444444445 0.0
0.6666666666666666 0.0
0.6888888888888889 0.0
0.7111111111111111 0.0
0.7333333333333333 0.0
0.7555555555555555 0.0
0.7777777777777778 0.0
0.8 0.0
0.8222222222222222 0.0
0.8444444444444444 0.0
0.8666666666666667 0.0
0.8888888888888888 0.0
0.9111111111111111 0.0
0.9333333333333333 0.0
0.9555555555555556 0.0
0.9777777777777777 0.0
1.0 0.0
