# block  <P^2>
1 0.0
2 0.018814320987654173
3 0.019667160493827072
4 0.01645185185185188
5 0.017425185185185252
6 0.01977133977133945
7 0.018428641975308576
8 0.015895895895895833
9 0.027033086419752862
10 0.022232098765432144
11 0.015842962962962993
12 0.018472098765431995
13 0.0165666901469371
14 0.01501876543209873
15 0.016879012345678967
16 0.019696790123456664
17 0.018057283950617283
18 0.015123641790308449
19 0.01450172839506172
20 0.016946666666666638
21 0.01934716049382716
22 0.018315061728394984
23 0.020735314068647096
24 0.01724085837760187
25 0.027137800471133688
26 0.0217516049382715
27 0.01606913580246911
28 0.022573333333333237
29 0.01919654320987652
30 0.01485234567901237
31 0.01799111111111101
32 0.018818271604938184
33 0.02809388142721453
34 0.02296912963579614
35 0.017183703703703625
36 0.02281135802469113
37 0.015211358024691448
38 0.017302222222222236
39 0.02186383914778966
40 0.01765876543209873
41 0.01774525024026012
42 0.02094687279872454
43 0.016435061728395102
44 0.018923456790123364
45 0.011996049382716045
46 0.01633822967156295
47 0.01796444444444434
48 0.015722469135802407
49 0.01401450833549597
50 0.01855308641975297
51 0.022155983143637432
52 0.018587654320987506
53 0.015032098765431998
54 0.01613564181465423
55 0.01599209876543205
56 0.016305679012345635
57 0.019307208443010756
58 0.017291358024691384
59 0.019297245963912642
60 0.019244938271604877
61 0.014243456790123458
62 0.028442763751405444
63 0.022099753086419704
64 0.017115061728395036
65 0.02104790123456779
66 0.017807901234567828
67 0.021536790123456485
68 0.0356854320987653
69 0.021319012345678887
70 0.021068641975308534
71 0.020238518518518406
72 0.03384790123456788
73 0.026204444444444256
74 0.012792545632051816
75 0.015503209876543179
76 0.01616852283518954
77 0.019258272591605733
78 0.017333333333333246
79 0.014959012345678924
80 0.01424098765432091
81 0.015579753086419845
82 0.018014557767644022
83 0.02159407407407391
84 0.01343308641975303
85 0.020690914024247203
86 0.014664197530864268
87 0.015096720139966952
88 0.017099753086419735
89 0.015158518518518557
90 0.016059259259259204
91 0.014223209876543236
92 0.01539012345679015
93 0.014083950617284006
94 0.023237530864197498
95 0.017214814814814718
96 0.015515061728394997
97 0.013656790123456677
98 0.01969777777777772
99 0.02301135802469133
100 0.023434074074073996
101 0.013978765432098682
102 0.01959703703703679
103 0.014216296296296302
104 0.01523999999999995
105 0.01481630075411416
106 0.016794567901234438
107 0.02222024691358025
108 0.013593086419753006
109 0.01592296296296305
110 0.017728888888888714
111 0.015566913580246863
112 0.01311434891681804
113 0.017528888888888684
114 0.024910123456790095
115 0.02209827160493806
116 0.017631604938271508
117 0.02108909176377439
118 0.016065185185185096
119 0.017375802469135716
120 0.016217283950617195
121 0.013397530864197515
122 0.018618271604938317
123 0.01627606960940292
124 0.01835012345678997
125 0.015908641975308627
126 0.019955353288686393
127 0.01604345679012337
128 0.013072592592592544
129 0.021296790123456543
130 0.017853827160493805
131 0.03329333333333322
132 0.011897283950617244
133 0.017311083977750656
134 0.01192888888888891
135 0.022024197530863897
136 0.022523456790123193
137 0.021159012345678914
138 0.019014814814814776
139 0.017310590643923877
140 0.02222765975852359
141 0.020115061728395035
142 0.016781728395061774
143 0.01836197530864191
144 0.019553086419753
145 0.01842731620509393
146 0.01974765432098754
147 0.01415506172839501
148 0.01956197530864203
149 0.016243898219206913
150 0.017878024691357915
151 0.013181728395061671
152 0.015231604938271626
153 0.016589629629629603
154 0.012598024691357986
155 0.013523266856600125
156 0.014463209876543285
157 0.016081975308641843
158 0.014030617283950648
159 0.015605432098765372
160 0.012295702516143444
161 0.024712571379238008
162 0.016032098765432122
163 0.01535654320987661
164 0.014940498280511597
165 0.022051358024691197
166 0.019263209876543157
167 0.01802913580246904
168 0.016279999999999996
169 0.020009620009619894
170 0.01808246913580234
171 0.01705507977112907
172 0.015582496076323183
173 0.0125869192535859
174 0.021140057893564913
175 0.017847407407407288
176 0.01835703703703711
177 0.015465185185185271
178 0.020392244095947795
179 0.015875555555555452
180 0.02255703703703693
181 0.014159012345678963
182 0.017417150750484042
183 0.015558518518518548
184 0.021692345679012116
185 0.014098271604938217
186 0.01316839506172845
187 0.01992197530864195
188 0.015552592592592472
189 0.01042172839506168
190 0.017133827160493824
191 0.016315061728394947
192 0.015094535094535054
193 0.018825185185184896
194 0.014568395061728514
195 0.0176088888888889
196 0.011027654320987606
197 0.015617098580061587
198 0.016990617283950557
199 0.01573283950617281
200 0.01870179203512523
201 0.01638074074074073
202 0.013103209876543178
203 0.014504197530864151
204 0.015334320987654287
205 0.01852592592592576
206 0.02058320987654294
207 0.019753086419753006
208 0.012549629629629584
