# k  S_n(k)
0.0 80.0
0.07853981633974483 0.6499111680752868
0.15707963267948966 0.6068365889682895
0.23561944901923448 0.3378231546524184
0.3141592653589793 0.3532268792905997
0.39269908169872414 0.1976287259574496
0.47123889803846897 0.4288986372347603
0.5497787143782138 0.43362487143409295
0.6283185307179586 0.21277907903382764
0.7068583470577035 0.6104049909153338
0.7853981633974483 0.3121121302240511
0.8639379797371931 1.903695839584508
0.9424777960769379 1.8782925277867482
1.0210176124166828 0.8470213584331896
1.0995574287564276 1.4321260259938036
1.1780972450961724 1.8340396873792457
1.2566370614359172 2.0410957132701886
1.335176877775662 0.7269679947532334
1.413716694115407 0.8489227765925301
1.4922565104551517 1.9158904348894408
1.5707963267948966 0.5140503713405707
1.6493361431346414 0.8192366284483115
1.7278759594743862 1.0883947251137043
1.806415775814131 0.8318808453949988
1.8849555921538759 0.6468544006591633
1.9634954084936207 1.2610480819558723
2.0420352248333655 0.6275704856529728
2.1205750411731104 0.802089533254695
2.199114857512855 1.1125558339162902
2.2776546738526 0.6145614487667935
2.356194490192345 0.8148267735357235
2.4347343065320897 0.7694182087340797
2.5132741228718345 0.8452864389965866
2.5918139392115793 0.592031782762288
2.670353755551324 1.118933398878295
2.748893571891069 0.8417226063087483
2.827433388230814 0.8650624956993159
2.9059732045705586 1.0556251064945819
2.9845130209103035 1.0932279726964595
3.0630528372500483 1.071059684996988
3.141592653589793 0.9922623811856294
3.220132469929538 0.6575622321745712
3.2986722862692828 1.4805525157287227
3.3772121026090276 0.7972663676153753
3.4557519189487724 0.9881576118225224
3.5342917352885173 0.8838733019880525
3.612831551628262 0.8858554797521664
3.691371367968007 0.8163032308167882
3.7699111843077517 1.1028163154621373
3.8484510006474966 0.9676528492220188
3.9269908169872414 1.2525224384939324
4.005530633326986 0.8847081580247855
4.084070449666731 0.8644021790474083
4.162610266006476 1.2132338785443997
4.241150082346221 1.1223750177702312
4.319689898685965 1.0739397752367021
4.39822971502571 0.896559778617733
4.476769531365456 1.1150428384550841
4.5553093477052 0.9121331957478214
4.633849164044944 0.8886105884840317
4.71238898038469 1.0163504003538506
4.790928796724435 0.9242827688507297
4.869468613064179 0.9913342658193007
4.948008429403924 1.1777288449272985
5.026548245743669 1.0206998931822637
5.105088062083414 0.9852717642751906
5.183627878423159 0.9099297236225187
5.262167694762903 0.992109462035328
5.340707511102648 1.1218658041118716
5.419247327442394 0.8363867226643684
5.497787143782138 0.8616892559784354
5.576326960121882 1.0053010384384253
5.654866776461628 0.8952815470501726
5.733406592801373 0.9514439450231745
5.811946409141117 1.0525058577977755
5.890486225480862 0.8813563251059314
5.969026041820607 1.0535073940003805
6.047565858160352 1.029730917404505
6.126105674500097 1.122494941622436
6.204645490839841 1.2435396789677235
6.283185307179586 1.1408292973197984
6.3617251235193315 0.8772983908392586
6.440264939859076 1.0907926856956272
6.51880475619882 1.1187350941945498
6.5973445725385655 1.0313017857992641
6.675884388878311 1.0168408369780788
6.754424205218055 0.9394344600322865
6.8329640215578 0.9601165807942698
6.911503837897545 0.9380545141314134
6.99004365423729 0.9450476229276521
7.0685834705770345 1.2186440481062657
7.147123286916779 1.1022123225999103
7.225663103256524 0.9713755628547583
7.304202919596269 1.0311558795001596
7.382742735936014 0.9186861114762462
7.461282552275758 1.000881130838573
7.5398223686155035 1.085146279610303
7.618362184955249 1.028708751488387
7.696902001294993 1.0062080124242416
7.7754418176347375 1.0856704156348982
