block_size         error    difference      rel_diff
-------------------------------------------------------
       2  1.747545e-07  7.237341e-08  4.141434e-01
       4  2.471279e-07  1.023353e-07  4.140986e-01
       8  3.494632e-07  1.446793e-07  4.140045e-01
      16  4.941425e-07  2.044894e-07  4.138268e-01
      32  6.986319e-07  2.888943e-07  4.135143e-01
      64  9.875262e-07  4.078004e-07  4.129514e-01
     128  1.395327e-06  5.749106e-07  4.120258e-01
     256  1.970237e-06  8.086638e-07  4.104398e-01
     512  2.778901e-06  1.134597e-06  4.082897e-01
    1024  3.913498e-06  1.581937e-06  4.042259e-01
    2048  5.495434e-06  2.170795e-06  3.950179e-01
    4096  7.666229e-06  2.899899e-06  3.782692e-01
    8192  1.056613e-05  3.498984e-06  3.311510e-01
   16384  1.406511e-05  3.677666e-06  2.614743e-01
   32768  1.774278e-05  4.114172e-06  2.318787e-01
   65536  2.185695e-05  -3.149562e-07  1.440989e-02
  131072  2.154199e-05           ---           ---
