0.075 1.0121226053639847
0.22499999999999998 1.0194099616858237
0.375 1.0197471264367817
0.525 1.0375325670498083
0.6749999999999999 1.0409501915708812
0.825 1.017111111111111
0.975 0.9947816091954023
1.125 1.0482758620689656
1.275 1.0223218390804598
1.425 0.9966666666666667
1.575 0.9445747126436782
1.7249999999999999 0.9635019157088123
1.875 0.9141685823754789
2.025 0.905463601532567
2.175 0.9409578544061302
2.3249999999999997 0.935639846743295
2.475 0.9364367816091954
2.625 0.9140766283524904
2.775 0.9557088122605364
2.925 0.9644904214559387
3.0749999999999997 0.9722068965517241
3.225 0.9646973180076628
3.375 0.9345670498084291
3.525 0.947463601532567
3.675 0.9452183908045977
3.8249999999999997 0.9516781609195403
3.9749999999999996 0.9468659003831418
4.125 0.9682605363984674
4.2749999999999995 0.9724904214559387
4.425 0.9454252873563218
4.575 0.9031187739463602
4.725 0.926
4.875 0.930007662835249
5.0249999999999995 0.9292490421455939
5.175 0.9581455938697317
5.325 0.9384597701149425
5.475 0.9635632183908046
5.625 0.9537318007662835
5.7749999999999995 0.9433716475095786
5.925 0.9571111111111111
6.075 0.9237088122605364
6.225 0.8983218390804598
6.375 0.9102452107279694
6.5249999999999995 0.9788429118773946
6.675 0.9637931034482758
6.825 0.9770038314176245
6.975 0.961463601532567
7.125 0.9899003831417624
7.2749999999999995 1.043655172413793
7.425 1.0506973180076629
7.574999999999999 1.0518850574712644
7.725 1.0869655172413792
7.875 1.0835862068965518
8.025 1.1222911877394637
8.174999999999999 1.1252567049808428
8.325 1.1353639846743295
8.475 1.1256781609195403
8.625 1.117088122605364
8.775 1.0742835249042146
8.924999999999999 1.0954712643678162
9.075 1.0889425287356322
9.225 1.0924214559386973
9.375 1.0834789272030652
9.525 1.101287356321839
9.674999999999999 1.119448275862069
9.825 1.1398544061302682
9.975 1.1253869731800765
10.125 1.1058544061302682
10.275 1.0787969348659003
10.424999999999999 1.0728045977011493
10.575 1.0537777777777777
10.725 1.0737777777777777
10.875 1.087057471264368
11.025 1.0676934865900383
11.174999999999999 1.0574099616858237
11.325 1.0649961685823754
11.475 1.0378773946360154
11.625 1.0191264367816093
11.775 1.0228429118773947
11.924999999999999 1.0143065134099616
12.075 0.9832413793103448
12.225 1.0082298850574714
12.375 1.022007662835249
12.525 0.9953180076628353
12.674999999999999 0.9972260536398467
12.825 1.007823754789272
12.975 0.9887969348659004
13.125 0.9815555555555555
13.275 0.972735632183908
13.424999999999999 0.9432950191570881
13.575 0.9695325670498084
13.725 0.9985057471264368
13.875 0.950551724137931
14.025 0.9068735632183909
14.174999999999999 0.9079770114942529
14.325 0.9177701149425287
14.475 0.930015325670498
14.625 0.9328122605363984
14.774999999999999 0.9068275862068965
14.924999999999999 0.9206896551724137
