block_size         error    difference      rel_diff
-------------------------------------------------------
       2  7.426718e-07  3.076117e-07  4.141960e-01
       4  1.050284e-06  4.350113e-07  4.141846e-01
       8  1.485295e-06  6.151495e-07  4.141599e-01
      16  2.100444e-06  8.698194e-07  4.141121e-01
      32  2.970264e-06  1.229745e-06  4.140188e-01
      64  4.200009e-06  1.738095e-06  4.138314e-01
     128  5.938104e-06  2.455508e-06  4.135172e-01
     256  8.393612e-06  3.466734e-06  4.130205e-01
     512  1.186035e-05  4.886185e-06  4.119766e-01
    1024  1.674653e-05  6.875964e-06  4.105903e-01
    2048  2.362249e-05  9.638818e-06  4.080356e-01
    4096  3.326131e-05  1.338804e-05  4.025108e-01
    8192  4.664935e-05  1.821421e-05  3.904493e-01
   16384  6.486356e-05  1.886945e-05  2.909099e-01
   32768  8.373301e-05  3.452258e-06  4.122935e-02
   65536  8.718526e-05  1.623896e-06  1.862581e-02
  131072  8.880916e-05           ---           ---
