block_size         error    difference      rel_diff
-------------------------------------------------------
       2  2.644691e-08  1.094625e-08  4.138952e-01
       4  3.739315e-08  1.546733e-08  4.136408e-01
       8  5.286049e-08  2.183767e-08  4.131190e-01
      16  7.469816e-08  3.078256e-08  4.120927e-01
      32  1.054807e-07  4.326107e-08  4.101325e-01
      64  1.487418e-07  6.044546e-08  4.063785e-01
     128  2.091873e-07  8.366467e-08  3.999511e-01
     256  2.928519e-07  1.139178e-07  3.889946e-01
     512  4.067697e-07  1.506758e-07  3.704203e-01
    1024  5.574455e-07  1.907282e-07  3.421467e-01
    2048  7.481737e-07  2.354829e-07  3.147436e-01
    4096  9.836565e-07  2.769551e-07  2.815567e-01
    8192  1.260612e-06  3.693314e-07  2.929780e-01
   16384  1.629943e-06  5.232454e-07  3.210207e-01
   32768  2.153188e-06  6.719564e-07  3.120751e-01
   65536  2.825145e-06  6.190377e-07  2.191172e-01
  131072  3.444183e-06           ---           ---
