block_size         error    difference      rel_diff
-------------------------------------------------------
       2  6.379544e-07  2.634995e-07  4.130381e-01
       4  9.014539e-07  3.715255e-07  4.121403e-01
       8  1.272979e-06  5.223421e-07  4.103303e-01
      16  1.795321e-06  7.304092e-07  4.068403e-01
      32  2.525731e-06  1.011304e-06  4.004006e-01
      64  3.537035e-06  1.375222e-06  3.888066e-01
     128  4.912257e-06  1.811046e-06  3.686791e-01
     256  6.723304e-06  2.254499e-06  3.353261e-01
     512  8.977803e-06  2.509663e-06  2.795409e-01
    1024  1.148747e-05  2.298185e-06  2.000602e-01
    2048  1.378565e-05  1.751353e-06  1.270418e-01
    4096  1.553700e-05  4.527584e-07  2.914065e-02
    8192  1.598976e-05  6.256915e-07  3.913076e-02
   16384  1.661545e-05  7.028072e-07  4.229841e-02
   32768  1.731826e-05  -1.145118e-06  6.612200e-02
   65536  1.617314e-05  -1.491688e-06  9.223240e-02
  131072  1.468146e-05           ---           ---
