# r  Cs(r) [pure estimator]
0.125 0.00012043130710673227
0.375 0.00011824287002058361
0.625 0.00012153422071670788
0.875 0.00012120550511418507
1.125 0.0001212660007969171
1.375 0.00011825493942600286
1.625 0.00012024914717494048
1.875 0.00011963114409012779
2.125 0.00012161959156598142
2.375 0.00012049594614939581
2.625 0.00011712871879786378
2.875 0.00012117125276264081
3.125 0.00011618941176994806
3.375 0.00012106916779576055
3.625 0.00011650419663499187
3.875 0.00011752645691445172
4.125 0.00011712804172542122
4.375 0.00011860114228134663
4.625 0.00011826480297608514
4.875 0.00012139550470829939
5.125 0.00011735330825554994
5.375 0.00012102201748808559
5.625 0.00011709000148262323
5.875 0.00011528484911638349
6.125 0.0001198560575403995
6.375 0.0001171548271446887
6.625 0.0001164089709650183
6.875 0.00011935727384957774
7.125 0.00012035901420834775
7.375 0.00011878449937222732
7.625 0.00011994119925218919
7.875 0.00011872002320354754
8.125 0.00012197561651516573
8.375 0.00011565357983058372
8.625 0.00011699557308106629
8.875 0.00011852698727792632
9.125 0.00011992111048645497
9.375 0.00011690818837256103
9.625 0.00011941938642377024
9.875 0.0001179153381660999
10.125 0.00011662758032895914
10.375 0.00012154809317421046
10.625 0.00011723402173270877
10.875 0.00011511320648197127
11.125 0.00011345040563667436
11.375 0.0001152962421915119
11.625 0.00011106091928744563
11.875 0.00011539287315076298
12.125 0.00011297611548943843
12.375 0.000114226830401261
12.625 0.00011734200082221141
12.875 0.00011363922706758239
13.125 0.0001158385654411503
13.375 0.00011244276352303723
13.625 0.00011713303881896632
13.875 0.00011470437966015969
14.125 0.0001139824436237786
14.375 0.00011717760587653912
14.625 0.00011532185956988125
14.875 0.00011136552241210255
15.125 0.00011562765329204654
15.375 0.00011384010881301676
15.625 0.0001170745504260481
15.875 0.0001159033285126056
16.125 0.00011586681560315778
16.375 0.0001133933167621921
16.625 0.00011801242763006532
16.875 0.00011541811151988272
17.125 0.00011494496910285356
17.375 0.00011159899487357035
17.625 0.00011774161150170665
17.875 0.00011367785704068646
18.125 0.00011736879595984695
18.375 0.00011212616604253176
18.625 0.00010853714259294899
18.875 0.00011496577554793586
19.125 0.00011735679271526747
19.375 0.00011338885044582935
19.625 0.00011269158141467902
19.875 0.00011781474879506617
20.125 0.00011210403675775054
20.375 0.00011534690166027382
20.625 0.00011473080432333379
20.875 0.00011234981059478414
21.125 0.00011137498489049747
21.375 0.00010978714431260933
21.625 0.0001128956851997231
21.875 0.00011067292078596771
22.125 0.00011264852610091424
22.375 0.00011806848168757704
22.625 0.00011127390050543655
22.875 0.00011749602613069547
23.125 0.00011531703335511824
23.375 0.00011301562220763192
23.625 0.00011149235107047462
23.875 0.0001117525715890509
24.125 0.00011574550251127228
24.375 0.00011331155702571781
24.625 0.00011564716363363137
24.875 0.00011221482279936001
