# block  <P^4>
1 0.0
2 0.003961101234567908
3 0.00313637777777778
4 0.0018786700280527483
5 0.0021636370370370435
6 0.002539486419753092
7 0.003162162962962976
8 0.0020699925925925966
9 0.0026803370370370367
10 0.003948267901234559
11 0.0017492197530864222
12 0.004989322222222239
13 0.0020941938271604953
14 0.0025949802469135918
15 0.0017735777777777733
16 0.0025032308641975516
17 0.0025092259259259305
18 0.002855052355052373
19 0.0015580543209876543
20 0.002367417283950624
21 0.001967765432098765
22 0.0012454740740740777
23 0.002608208641975333
24 0.0016528666666666635
25 0.0012417888888888908
26 0.0022377703703703768
27 0.002266669135802489
28 0.0030784320987654492
29 0.004542985185185193
30 0.002053196406282834
31 0.0014650777777777764
32 0.0019421283950617266
33 0.003768620987654319
34 0.0027267555555555703
35 0.001517145679012346
36 0.003182397530864214
37 0.0025505802469135883
38 0.003434686419753089
39 0.0029239012345679246
40 0.0011712456790123435
41 0.002171422222222227
42 0.0022348592592592886
43 0.0019968382716049364
44 0.0015956407407407443
45 0.0019426962962962998
46 0.0013947432098765373
47 0.002419422222222235
48 0.002263258024691367
49 0.0018532273013754546
50 0.002057900000000006
51 0.0037669407407407507
52 0.0040873925925925935
53 0.0012839185185185248
54 0.0013052679012345695
55 0.002261506172839519
56 0.0018279086419753028
57 0.0015512061728395082
58 0.0018355098765432103
59 0.0023903012345679107
60 0.0017541074074074086
61 0.0026028074074074246
62 0.003364150570323424
63 0.0018911199911199898
64 0.00324018395061731
65 0.0017563666666666681
66 0.002252708641975319
67 0.002238851851851863
68 0.0013718148148148183
69 0.0016125407407407424
70 0.004850150617283923
71 0.0023330493827160618
72 0.0027864185185185386
73 0.006884492592592589
74 0.002914528681195352
75 0.0038885135802469183
76 0.001539862606529274
77 0.0012257333333333346
78 0.003333674074074094
79 0.0038266641975308684
80 0.004503020987654335
81 0.0021906382716049464
82 0.0016362370370370384
83 0.0017444914520398792
84 0.001094569878520495
85 0.002645317283950619
86 0.002206443632066786
87 0.002354982716049387
88 0.002294734567901237
89 0.0019603469135802496
90 0.0021358000000000167
91 0.0018832283950617288
92 0.002381793827160483
93 0.002227346913580245
94 0.0030186580246913657
95 0.002498769135802472
96 0.004031613580246915
97 0.0015262444444444432
98 0.0034641666666666827
99 0.0027813839506172825
100 0.002889967901234562
101 0.0031497052608163993
102 0.0022794703703703746
103 0.0017917888888888938
104 0.0023340234567901224
105 0.0022175604938271544
106 0.004435330101996785
107 0.003421425925925926
108 0.0014891518518518542
109 0.0032860172839506256
110 0.002814218518518519
111 0.0017600506172839505
112 0.0026629728395061716
113 0.003806861040194376
114 0.004255485185185178
115 0.0020836740740740756
116 0.003850285185185205
117 0.0025889764556431463
118 0.001624147457480796
119 0.002931433333333338
120 0.002461746913580261
121 0.0026890382716049446
122 0.0019616506172839554
123 0.0027405777777777937
124 0.003307143209876537
125 0.002607782716049395
126 0.0038469691358024773
127 0.0021236553569886976
128 0.0023726442491874638
129 0.0015865555555555602
130 0.001997529629629632
131 0.0038654629629629868
132 0.0021596395061728433
133 0.004038582716049386
134 0.002199523456790124
135 0.0016256802469135812
136 0.0021972641975308675
137 0.00286652962962962
138 0.004383883950617258
139 0.003873523456790131
140 0.0030526069279155866
141 0.0015388333333333291
142 0.002455782716049382
143 0.0015170407407407382
144 0.0024053456790123625
145 0.0018985753086419848
146 0.0017250617283950625
147 0.003848747548747546
148 0.003473351851851858
149 0.002814207407407419
150 0.0063323614656947535
151 0.002928839506172853
152 0.0024830160493827316
153 0.001290565874516499
154 0.0020264617283950624
155 0.002110908641975309
156 0.0026671345679012332
157 0.001722996296296299
158 0.0018174283950617336
159 0.0027117382716049395
160 0.0013662999999999976
161 0.0032384456790123593
162 0.002690230864197544
163 0.005119295061728428
164 0.0024464641975308686
165 0.001995613580246915
166 0.0029944617283950664
167 0.0013847098765432083
168 0.0016967913580246935
169 0.0019186728395061687
170 0.001674907407407404
171 0.0024364629629629706
172 0.00115935185185185
173 0.0019742555555555654
174 0.0019497543209876552
175 0.0049614493827160565
176 0.0011211469135802418
177 0.0017018703703703696
178 0.0013245395061728413
179 0.0023607679012345693
180 0.0030856283950617303
181 0.0033523135802469213
182 0.0018753012345678998
183 0.0018798481481481564
184 0.001234600064326183
185 0.0026395543209876485
186 0.0015154518518518518
187 0.0026316074074074075
188 0.0015466938271604964
189 0.0020612395061728457
190 0.0033414148148148224
191 0.0010468283950617247
192 0.0015474123456790106
193 0.0019409197530864245
194 0.00192658024691358
195 0.0032471086419753117
196 0.0015182243972367455
197 0.002165574074074076
198 0.0014538234567901271
199 0.0021012370370370403
200 0.0015716567901234526
201 0.0013419790123456788
202 0.0031097283950617285
203 0.0014398320987654347
204 0.002852171604938281
205 0.0035768601768601804
206 0.005708772708772694
207 0.002694477777777776
208 0.004846464197530879
