# block  <|P|>
1 0.0
2 0.13639999999999944
3 0.11846666666666686
4 0.12495829162495857
5 0.12919999999999945
6 0.15619999999999915
7 0.1389333333333325
8 0.1370666666666663
9 0.15509999999999988
10 0.14436666666666645
11 0.13199999999999962
12 0.16283333333333286
13 0.1406333333333326
14 0.12553333333333339
15 0.13273333333333343
16 0.13856666666666634
17 0.1494333333333325
18 0.12890442890442882
19 0.12319999999999978
20 0.13546666666666649
21 0.14546666666666644
22 0.1235333333333337
23 0.14403333333333243
24 0.13180000000000017
25 0.11550000000000044
26 0.1453999999999997
27 0.14019999999999969
28 0.12353333333333318
29 0.16366666666666535
30 0.1295295295295291
31 0.11723333333333298
32 0.1204000000000001
33 0.1475666666666663
34 0.1490666666666662
35 0.13226666666666673
36 0.1470666666666665
37 0.14193333333333263
38 0.1486666666666667
39 0.13426666666666645
40 0.11223333333333317
41 0.14093333333333288
42 0.1359999999999996
43 0.140366666666666
44 0.12830000000000022
45 0.13959999999999909
46 0.11900000000000004
47 0.1389333333333327
48 0.13929999999999987
49 0.12435769102435831
50 0.13669999999999932
51 0.1451333333333325
52 0.13180000000000003
53 0.11859999999999951
54 0.12676666666666678
55 0.13313333333333302
56 0.12466666666666695
57 0.12316666666666629
58 0.1320333333333337
59 0.13766666666666674
60 0.1169000000000001
61 0.13199999999999953
62 0.14531197864531148
63 0.12297702297702309
64 0.1437666666666665
65 0.12356666666666659
66 0.13759999999999975
67 0.13806666666666578
68 0.10966666666666697
69 0.11546666666666607
70 0.15393333333333215
71 0.1419333333333331
72 0.1437666666666664
73 0.15016666666666562
74 0.1296370296370298
75 0.1437999999999996
76 0.12920412920412935
77 0.12559999999999996
78 0.17153333333333298
79 0.14986666666666604
80 0.15443333333333276
81 0.1467666666666659
82 0.12639999999999996
83 0.13046092184368743
84 0.11494828161494802
85 0.1448999999999999
86 0.13675639747424345
87 0.1385999999999998
88 0.14256666666666645
89 0.12610000000000024
90 0.13359999999999966
91 0.126766666666667
92 0.13076666666666623
93 0.13216666666666696
94 0.15623333333333284
95 0.13856666666666637
96 0.14943333333333275
97 0.12233333333333377
98 0.12663333333333318
99 0.14183333333333276
100 0.14179999999999998
101 0.13613613613613618
102 0.1312999999999995
103 0.13783333333333306
104 0.13803333333333218
105 0.14626666666666638
106 0.17435897435897316
107 0.1503666666666666
108 0.12343333333333327
109 0.14413333333333253
110 0.13069999999999932
111 0.1250333333333331
112 0.13953333333333287
113 0.13809523809523788
114 0.16003333333333303
115 0.11720000000000003
116 0.1458333333333322
117 0.1404595404595401
118 0.12890442890442835
119 0.1490333333333327
120 0.13043333333333268
121 0.13103333333333303
122 0.1365666666666664
123 0.15559999999999954
124 0.1477333333333334
125 0.14626666666666616
126 0.14963333333333334
127 0.1379620379620376
128 0.13466800133466766
129 0.11973333333333334
130 0.14789999999999884
131 0.15716666666666665
132 0.13553333333333303
133 0.1573999999999998
134 0.13159999999999952
135 0.13103333333333275
136 0.13406666666666672
137 0.15016666666666623
138 0.14386666666666578
139 0.17066666666666588
140 0.14210877544210826
141 0.12596666666666703
142 0.14313333333333295
143 0.12056666666666642
144 0.12766666666666682
145 0.12646666666666725
146 0.1250666666666667
147 0.14615384615384588
148 0.13656666666666634
149 0.1339999999999999
150 0.14632034632034607
151 0.14466666666666608
152 0.14663333333333273
153 0.11581581581581589
154 0.13306666666666628
155 0.14646666666666633
156 0.14296666666666644
157 0.13803333333333379
158 0.13736666666666622
159 0.1488666666666664
160 0.11529999999999967
161 0.13636666666666625
162 0.14043333333333297
163 0.14023333333333285
164 0.14379999999999984
165 0.1262333333333332
166 0.1279999999999999
167 0.13016666666666651
168 0.12256666666666646
169 0.1271666666666666
170 0.13156666666666628
171 0.14716666666666625
172 0.11563333333333406
173 0.15129999999999919
174 0.1294333333333331
175 0.14919999999999817
176 0.11283333333333302
177 0.12836666666666693
178 0.12136666666666597
179 0.14246666666666677
180 0.14669999999999966
181 0.14653333333333277
182 0.11866666666666634
183 0.1416333333333337
184 0.10380761523046103
185 0.12890000000000004
186 0.1356000000000002
187 0.14253333333333235
188 0.12533333333333327
189 0.13959999999999942
190 0.15679999999999952
191 0.10963333333333262
192 0.12813333333333318
193 0.12543333333333354
194 0.1258000000000002
195 0.1418666666666666
196 0.13373373373373382
197 0.13676666666666637
198 0.1214333333333332
199 0.12779999999999964
200 0.11879999999999949
201 0.1264999999999994
202 0.14039999999999986
203 0.12186666666666719
204 0.1400333333333333
205 0.14252414252414167
206 0.16117216117216035
207 0.12550000000000008
208 0.15606666666666627
