# r  Cs(r) [pure estimator]
0.225 5.112743988176838e-6
0.675 4.86048379258781e-6
1.125 6.237492762260334e-6
1.575 6.599985645446581e-6
2.025 7.863687712006624e-6
2.475 5.085360626824093e-6
2.9250000000000003 6.040604193413436e-6
3.375 6.355546269314059e-6
3.825 5.503578350173928e-6
4.275 7.860001995679596e-6
4.7250000000000005 4.890545802822228e-6
5.175 3.7912865819346644e-6
5.625 5.4649398529089275e-6
6.075 4.700121052166069e-6
6.525 7.043328311594951e-6
6.9750000000000005 7.476893858100632e-6
7.425 3.8040964883699278e-6
7.875 6.966689880370553e-6
8.325000000000001 4.202472553422143e-6
8.775 4.039594378584811e-6
9.225 7.890499831237886e-6
9.675 3.737552150561568e-6
10.125 5.600781004640037e-6
10.575000000000001 3.243955125175117e-6
11.025 3.4812271665106904e-6
11.475 2.8125167448419126e-6
11.925 3.1228299882780614e-6
12.375 2.9214475042404867e-6
12.825000000000001 3.918284396640672e-6
13.275 1.2735300020329876e-6
13.725 3.2635802143090637e-6
14.175 3.038668152693395e-6
14.625 1.874292079682846e-6
15.075000000000001 2.410839614619305e-6
15.525 1.923051782292428e-6
15.975 1.727426135419365e-6
16.425 1.5729184328284717e-6
16.875 2.9311797152640975e-6
17.325 4.219457837295339e-6
17.775000000000002 1.7790192421756244e-6
18.225 2.773505812316605e-6
18.675 2.041300681147137e-6
19.125 3.989173837798602e-6
19.575 1.6401855935475692e-6
20.025000000000002 1.5961783306385235e-6
20.475 2.361563340035699e-6
20.925 5.337341728869186e-8
21.375 1.5264879556707554e-6
21.825 1.8466580213709449e-6
22.275000000000002 2.7195373672268465e-6
22.725 2.2489318973657985e-6
23.175 9.028304996753552e-7
23.625 2.4377162765898896e-6
24.075 2.726994815595913e-6
24.525000000000002 1.5572047443978865e-6
24.975 1.4806200164878508e-6
25.425 1.7679772608218739e-6
25.875 2.195653763133703e-6
26.325 3.654532566792416e-6
26.775000000000002 1.950140144118974e-6
27.225 2.684801023791506e-7
27.675 -1.0917400125279812e-6
28.125 9.69160505065136e-7
28.575 2.7961958196204412e-6
29.025000000000002 7.051279862533448e-7
29.475 2.221151620466089e-6
29.925 1.3563100133376585e-6
30.375 -1.8467515303463405e-6
30.825 1.44096944338426e-6
31.275000000000002 3.968865408637842e-6
31.725 1.8785291781164485e-6
32.175000000000004 1.8614217339864739e-6
32.625 -1.732313770842882e-6
33.075 8.87678782450533e-7
33.525 2.286113200673689e-6
33.975 3.4457811160996536e-6
34.425000000000004 1.6553818732300978e-6
34.875 -2.1562508390845418e-7
35.325 2.0323003831813847e-6
35.775 -2.475744212472862e-7
36.225 -1.300562338682719e-6
36.675000000000004 -1.55592111026697e-6
37.125 -7.813050974285773e-8
37.575 5.680057911082523e-7
38.025 5.6150677157808985e-8
38.475 9.91511344470979e-7
38.925000000000004 3.114738659464051e-6
39.375 1.1609241536870098e-6
39.825 1.4585150382315903e-6
40.275 2.4365934696248655e-6
40.725 4.4989643908460337e-7
41.175000000000004 1.3483310369770296e-6
41.625 4.471565078660222e-7
42.075 4.949382496602025e-7
42.525 -2.267332280269434e-7
42.975 1.5736735306669503e-6
43.425000000000004 1.3277027062438683e-6
43.875 1.7002124603310456e-6
44.325 -2.678544242329017e-6
44.775 1.1384596794571131e-6
