# block  <P^2>
1 0.0
2 0.020250370370370287
3 0.011744691358024573
4 0.014561975308641954
5 0.013263703703703663
6 0.010988641975308622
7 0.010514074074074078
8 0.01401728395061733
9 0.011762469135802487
10 0.01162222222222214
11 0.013096296296296233
12 0.015397619842064269
13 0.0158844444444445
14 0.012401975308641993
15 0.01350320987654325
16 0.012652345679012324
17 0.011978765432098668
18 0.00922222222222218
19 0.015485432098765357
20 0.0076454320987654366
21 0.013008395061728363
22 0.01140878736354445
23 0.01066390399723732
24 0.013795955768540098
25 0.015026666666666598
26 0.012362469135802455
27 0.011171358024691245
28 0.01911012345678997
29 0.011860740740740755
30 0.011568888888888905
31 0.01222913580246915
32 0.01974765432098763
33 0.011861728395061655
34 0.010651851851851791
35 0.016026800670016626
36 0.019351111111110878
37 0.02101777777777739
38 0.013658271604938172
39 0.012439293188206668
40 0.011085925925925963
41 0.009013209013208975
42 0.015279535279535303
43 0.012107654320987643
44 0.011396581766952149
45 0.0128592592592593
46 0.013164938271604946
47 0.013408320074986832
48 0.011842954065176233
49 0.013566419753086333
50 0.01854271604938266
51 0.013565925925925905
52 0.016842574036962682
53 0.011072098765432086
54 0.015438024691357969
55 0.01139851851851854
56 0.011013827160493773
57 0.012673580246913537
58 0.010998024691357933
59 0.011945679012345648
60 0.010172839506172792
61 0.011155061728395008
62 0.0080454320987653
63 0.012982716049382625
64 0.016853890927964917
65 0.013835061728395137
66 0.01844839506172831
67 0.014150617283950626
68 0.009433580246913532
69 0.011089651089651029
70 0.013143818501199896
71 0.015923335923335873
72 0.013188148148148095
73 0.012240987654321037
74 0.01757304423971079
75 0.017746172839506157
76 0.016868148148148118
77 0.012762962962962924
78 0.016452839506172715
79 0.0130454320987654
80 0.016275082941749515
81 0.015344126561691434
82 0.012834079500746108
83 0.014720493827160392
84 0.01728641728641715
85 0.011591344430850543
86 0.011584423930102897
87 0.020467160493826915
88 0.01182518518518514
89 0.013664197530864156
90 0.01398567901234573
91 0.009615047145911267
92 0.014082962962962927
93 0.011721975308642022
94 0.015791099741716882
95 0.010238518518518558
96 0.010907654320987623
97 0.015465365565166006
98 0.010978880114682597
99 0.015410370370370394
100 0.010310617283950569
101 0.012708016658633966
102 0.011544998211664891
103 0.01412069412069413
104 0.014138271604938196
105 0.01480691358024697
106 0.015368395061728459
107 0.016322936322936143
108 0.012557530864197367
109 0.013779753086419726
110 0.019190123456790057
111 0.013852345679012255
112 0.014334814814814854
113 0.014728888888888937
114 0.014311595546163423
115 0.011485432098765458
116 0.013141234567901167
117 0.015050370370370414
118 0.011905131905131885
119 0.012599999999999969
120 0.014148148148148099
121 0.010345679012345638
122 0.011749629629629707
123 0.010660042758808146
124 0.009084938271604875
125 0.013906666666666605
126 0.016815308641975165
127 0.015074567901234579
128 0.014173827160493865
129 0.015943703703703623
130 0.012485925925926017
131 0.01923111111111102
132 0.016536790123456685
133 0.013252426585759983
134 0.011071111111111163
135 0.015547160493827126
136 0.010242469135802467
137 0.01357234567901227
138 0.011517530864197503
139 0.015767407407407466
140 0.010733827160493816
141 0.015723042389709
142 0.013343703703703637
143 0.012419259259259258
144 0.011525925925925991
145 0.013381776838566943
146 0.015226172839506185
147 0.012505359651068169
148 0.01281975308641976
149 0.01293925925925927
150 0.014239012345679031
151 0.014793580246913582
152 0.01401432098765433
153 0.02159604938271585
154 0.015503703703703688
155 0.011828641975308576
156 0.015113580246913592
157 0.014135308641975331
158 0.016437037037036976
159 0.01294743845642047
160 0.018729840952063086
161 0.016868148148148018
162 0.011476049382716007
163 0.016880987654320893
164 0.011773827160493803
165 0.009668641975308633
166 0.017060740740740585
167 0.018861234567901116
168 0.012570864197530831
169 0.015511111111111083
170 0.008479999999999913
171 0.014704197530864195
172 0.012612839506172814
173 0.014707160493827226
174 0.020379753086419573
175 0.009943209876543143
176 0.01478222222222223
177 0.009185185185185109
178 0.011509135802469102
179 0.011892345679012305
180 0.014068148148148094
181 0.014811851851851816
182 0.014467654320987667
183 0.010736790123456687
184 0.016010578479714092
185 0.014880987654320938
186 0.015413333333333244
187 0.015313086419752995
188 0.009714074074074
189 0.01547753086419743
190 0.015071604938271536
191 0.009415802469135811
192 0.012755061728395006
193 0.01165234567901228
194 0.018237037037036868
195 0.012907228215870155
196 0.01610962962962952
197 0.013998024691358005
198 0.009749135802469031
199 0.01313530864197531
200 0.009843489843489778
201 0.009316543209876476
202 0.011540429318207056
203 0.022451129117795666
204 0.014905588238921573
205 0.01395111111111105
206 0.0172488888888889
207 0.013158199824866454
208 0.01303950617283946
