# r  Cs(r) [pure estimator]
0.075 0.00023899445829531348
0.22499999999999998 0.00023793121651013858
0.375 0.00024494087737316844
0.525 0.0002376613120056604
0.6749999999999999 0.0002408454933145592
0.825 0.0002403920810683836
0.975 0.0002366140347534128
1.125 0.00023968019264410115
1.275 0.0002427145307539991
1.425 0.00024076373725961082
1.575 0.00024159107240140934
1.7249999999999999 0.00023624430568486602
1.875 0.0002338482945597393
2.025 0.0002391212645126454
2.175 0.00023366609422982194
2.3249999999999997 0.00023729729105122666
2.475 0.00023796302845502845
2.625 0.0002374544143509941
2.775 0.00023648998299767893
2.925 0.00023469514315539036
3.0749999999999997 0.000238702772698117
3.225 0.00023703371911744682
3.375 0.00023500903400472297
3.525 0.00023438858201348342
3.675 0.00023275463979562094
3.8249999999999997 0.00023679562897283872
3.9749999999999996 0.00023935621589211834
4.125 0.000232442094577293
4.2749999999999995 0.00023665204027258275
4.425 0.0002348466904488548
4.575 0.00023644220558942188
4.725 0.0002319888261167001
4.875 0.00023260121474466563
5.0249999999999995 0.00023105226585134903
5.175 0.0002342402404136125
5.325 0.0002361414305561038
5.475 0.00023484667235861364
5.625 0.0002360414968720303
5.7749999999999995 0.0002401952763419937
5.925 0.0002286868358940529
6.075 0.0002374946085342568
6.225 0.0002348020898180591
6.375 0.0002365815404425185
6.5249999999999995 0.00023266357528084337
6.675 0.00023156137473194784
6.825 0.00023270110866854598
6.975 0.00023209268061102223
7.125 0.00022807742033765005
7.2749999999999995 0.00024116491359574602
7.425 0.00023220309339929326
7.574999999999999 0.00023221773142398125
7.725 0.0002344773400866907
7.875 0.00023611797510604454
8.025 0.00023267189266532566
8.174999999999999 0.00023593655255659576
8.325 0.00023604527048397272
8.475 0.00023125432947423437
8.625 0.00023499338366796105
8.775 0.00023595162544600277
8.924999999999999 0.00023873790328113269
9.075 0.000233869794444455
9.225 0.0002308100283028225
9.375 0.00023968188351748213
9.525 0.00023407314105200846
9.674999999999999 0.00023376382640578073
9.825 0.00023645432751326606
9.975 0.0002334091915948768
10.125 0.0002324483812788425
10.275 0.00023479583060951893
10.424999999999999 0.00023731938218841364
10.575 0.0002345266043158794
10.725 0.00023456441743879042
10.875 0.00023175990620089785
11.025 0.00023583647637597421
11.174999999999999 0.00023449316381506634
11.325 0.00023130509304253015
11.475 0.00023004140833585474
11.625 0.0002375312845724346
11.775 0.00023638733314606313
11.924999999999999 0.00023113513717472044
12.075 0.00022904142548043507
12.225 0.00023380664702795425
12.375 0.00023437579877620617
12.525 0.00023400188934484187
12.674999999999999 0.00023442434442327783
12.825 0.00023250381490214555
12.975 0.00023738940765744712
13.125 0.00023308624587106211
13.275 0.000228657844985139
13.424999999999999 0.00023225121188435576
13.575 0.00023100813531694268
13.725 0.00023303751318662092
13.875 0.00023016977522214322
14.025 0.00023124662373630818
14.174999999999999 0.00022890775722743265
14.325 0.0002332647270722281
14.475 0.00023558651058685386
14.625 0.00023961484262309616
14.774999999999999 0.00023404607375020255
14.924999999999999 0.00023969433595013128
