# k values and corresponding S(k) [pure estimator]
0.0 7.580151536676891
0.20943951023931953 0.9569262517648641
0.41887902047863906 0.9750437271606169
0.6283185307179586 0.9797417520492678
0.8377580409572781 0.9736392073773573
1.0471975511965976 0.9607921595968373
1.2566370614359172 0.9773179581186445
1.4660765716752366 0.9639470302212738
1.6755160819145563 0.9711167524239108
1.8849555921538759 0.9613692521893311
2.0943951023931953 0.9784399683020977
2.3038346126325147 0.9661583081620717
2.5132741228718345 0.9680957818240336
2.722713633111154 0.9573617296452483
2.9321531433504733 0.974633681257677
3.141592653589793 0.9647058935887741
3.3510321638291125 0.9781208740187657
3.560471674068432 0.96309490867506
3.7699111843077517 0.9629344374982464
3.979350694547071 0.9702552295838751
4.1887902047863905 0.9771317920734982
4.39822971502571 0.9764506370332593
4.607669225265029 0.9711663170121361
4.817108735504349 0.9731098575643009
5.026548245743669 0.9699951527844186
5.235987755982988 0.963271217674575
5.445427266222308 0.9733658951903034
5.654866776461628 0.9658669354444259
5.864306286700947 0.9763070508927664
6.073745796940266 0.9696550294335219
6.283185307179586 0.9654715008269181
6.492624817418905 0.966536740590192
6.702064327658225 0.9644266066081039
6.911503837897545 0.969449433742156
7.120943348136864 0.9650535911466359
7.330382858376184 0.9682822581931091
7.5398223686155035 0.9632688428782449
7.749261878854822 0.9724606381249266
7.958701389094142 0.9719216084525114
8.168140899333462 0.9737199087727778
8.377580409572781 0.9688360590778922
8.5870199198121 0.972359170775587
8.79645943005142 0.961516666387031
9.00589894029074 0.9650787496454541
9.215338450530059 0.9727032996192294
9.42477796076938 0.9655949134435692
9.634217471008698 0.9815151992356382
9.843656981248017 0.9717832511596114
10.053096491487338 0.9710432199444676
10.262536001726657 0.975006066129279
10.471975511965976 0.9601745541624666
10.681415022205297 0.9694973520985938
10.890854532444616 0.9663805863700756
11.100294042683934 0.9694023209143774
11.309733552923255 0.9754080128380527
11.519173063162574 0.960361733946707
11.728612573401893 0.9603678670460468
11.938052083641214 0.9734828035578537
12.147491593880533 0.9733487820358919
12.356931104119852 0.9639217081636295
12.566370614359172 0.9686177782753165
12.775810124598491 0.9723347941220434
12.98524963483781 0.9834631781782192
13.194689145077131 0.9602580518622117
13.40412865531645 0.9707252045589292
13.613568165555769 0.9698054087733788
13.82300767579509 0.9708618120933497
14.032447186034409 0.9671487331327229
14.241886696273728 0.9676937045197853
14.451326206513048 0.9759192411987792
14.660765716752367 0.9794243042604561
14.870205226991686 0.964734789721925
15.079644737231007 0.9717706322801519
15.289084247470326 0.9760726695697977
15.498523757709645 0.983365110716846
