# k  S_s(k)
0.0 0.0
0.10471975511965977 1.0523985832441671
0.20943951023931953 0.9726687369637057
0.3141592653589793 3.2925378363619835
0.41887902047863906 3.4435785069002454
0.5235987755982988 0.39581408326846584
0.6283185307179586 1.5767072148907568
0.7330382858376183 0.1850373918203118
0.8377580409572781 0.28665908982805266
0.9424777960769379 0.659789424362832
1.0471975511965976 0.7400691625004491
1.1519173063162573 0.5258386369899327
1.2566370614359172 0.7098018256859139
1.361356816555577 0.8472072504226827
1.4660765716752366 1.0004408217078504
1.5707963267948966 0.8417640113065072
1.6755160819145563 1.6875992384606917
1.780235837034216 1.0930519662404734
1.8849555921538759 1.216235358284539
1.9896753472735356 1.1742351837977913
2.0943951023931953 1.5208497462458914
2.199114857512855 0.8763053960297005
2.3038346126325147 1.3284261857840711
2.4085543677521746 1.3297717498172503
2.5132741228718345 1.3031601524754106
2.617993877991494 1.1730383785213128
2.722713633111154 0.9417979979353088
2.827433388230814 0.9597604175600507
2.9321531433504733 1.2756914730171969
3.036872898470133 0.9104276144088941
3.141592653589793 0.8933286237474953
3.2463124087094526 0.8927040113706441
3.3510321638291125 0.9884488182622815
3.4557519189487724 1.1353431462596568
3.560471674068432 0.8645970204353083
3.665191429188092 0.8219283349676094
3.7699111843077517 0.9806971468661511
3.874630939427411 1.168231495752518
3.979350694547071 1.0021169421785194
4.084070449666731 0.9982359508372505
4.1887902047863905 0.7763003228800626
4.29350995990605 1.0272446096777654
4.39822971502571 1.0798339615921577
4.50294947014537 0.8467733555050869
4.607669225265029 0.7740058617120704
4.71238898038469 1.0220557304559736
4.817108735504349 1.0020332408020707
4.921828490624009 0.847998778405344
5.026548245743669 1.0476580464702803
5.1312680008633285 1.129385336864847
5.235987755982988 0.97281081795082
5.340707511102648 0.8565921527998634
5.445427266222308 0.8249066217045058
5.550147021341967 1.1435070654247774
5.654866776461628 0.8768567866559409
5.759586531581287 0.9387432634426456
5.864306286700947 0.8939687652402146
5.969026041820607 0.8857837874468387
6.073745796940266 0.8973258404263224
6.178465552059926 1.0237213609656302
6.283185307179586 1.0679936744019312
6.387905062299246 1.0642653606299604
6.492624817418905 0.9486751981974593
6.5973445725385655 0.8639584243040377
6.702064327658225 1.0768372345400565
6.8067840827778845 1.0031786924064288
6.911503837897545 0.9540847151581943
7.016223593017204 0.9562120223298628
7.120943348136864 0.9565082340995288
7.225663103256524 1.1031458819212232
7.330382858376184 0.9415180981574206
7.435102613495843 0.9196910805592053
7.5398223686155035 1.0189382499989266
7.644542123735163 1.0738943920165454
7.749261878854822 1.0378200258914114
7.853981633974483 1.0666315691416368
7.958701389094142 0.9236102779471436
8.063421144213802 0.9160627483890148
8.168140899333462 1.0572360264063856
8.27286065445312 1.1438154796157824
8.377580409572781 1.0565596456839668
8.482300164692441 1.042579124662064
8.5870199198121 1.131319373339884
8.69173967493176 0.9765746490388756
8.79645943005142 0.911550137178882
8.90117918517108 1.1424318074943656
9.00589894029074 0.9527039680147535
9.1106186954104 0.9832584514056797
9.215338450530059 1.000383661054879
9.320058205649719 0.9830458385984051
9.42477796076938 1.0204499739669555
9.529497715889038 1.0058764381421843
9.634217471008698 1.051320253242515
9.738937226128359 0.9155110864432638
9.843656981248017 1.0290845314189847
9.948376736367678 1.0377681590478547
10.053096491487338 0.9078262806486902
10.157816246606997 0.8897378176110078
10.262536001726657 1.0097842771952916
10.367255756846317 0.9464876596503207
