# block  <P^2>
1 0.0
2 0.018633218633218696
3 0.016480987654320996
4 0.02231703703703682
5 0.020881481481481327
6 0.01729629629629626
7 0.024336296296296335
8 0.02164238312386459
9 0.02560641975308609
10 0.02572498424350263
11 0.023417283950617217
12 0.025893827160493786
13 0.013937283950617269
14 0.014634074074074101
15 0.019548641975308544
16 0.02642716049382701
17 0.03125185185185171
18 0.022663703703703426
19 0.03367466231663778
20 0.04101185185185191
21 0.02913629629629614
22 0.020575802469135762
23 0.01585679012345684
24 0.0172414814814813
25 0.02129876543209855
26 0.025449382716049195
27 0.0200918518518516
28 0.018879012345678885
29 0.01774419753086404
30 0.024186666666666575
31 0.025741172407838967
32 0.013178271604938296
33 0.017574320987654133
34 0.022854676188009553
35 0.01960246913580228
36 0.024854978435225168
37 0.015078024691358058
38 0.02477234567901223
39 0.02604197530864187
40 0.02228994426525282
41 0.024955820017548324
42 0.02745283950617271
43 0.01369777777777775
44 0.020947654320987483
45 0.02395555555555529
46 0.018958711798217873
47 0.021777777777777726
48 0.024076049382715993
49 0.03349777777777772
50 0.022392114615451146
51 0.023115555555555434
52 0.03158123456790095
53 0.03150666666666653
54 0.029543960710461205
55 0.021896296296296257
56 0.01697185185185183
57 0.02006370370370371
58 0.01657333333333336
59 0.024094320987654128
60 0.02534419753086409
61 0.018999272332605576
62 0.02317037037037015
63 0.038685432098765536
64 0.02550864197530856
65 0.02425229091895738
66 0.028202029189683397
67 0.024732839506172694
68 0.025773333333333183
69 0.017533333333333297
70 0.01702937505406637
71 0.018652839506172858
72 0.024000197333530728
73 0.026224146224146178
74 0.025103785103784963
75 0.02092543209876534
76 0.025492345679012283
77 0.020361975308641908
78 0.022007901234567844
79 0.023470123456789862
80 0.022993086419753027
81 0.027819587819587745
82 0.022040493827160293
83 0.02107407407407393
84 0.023850022862368543
85 0.023593086419752878
86 0.016068641975308693
87 0.020993833339512262
88 0.018028148148148033
89 0.01810239143572477
90 0.026654814814814572
91 0.027268641975308355
92 0.019765925925925715
93 0.01920153920153912
94 0.019564444444444364
95 0.021936296296296162
96 0.019981006647673268
97 0.019102222222221982
98 0.025897283950617144
99 0.022989135802469134
100 0.01836197530864193
101 0.019435061728394987
102 0.03256493827160502
103 0.020302940155684446
104 0.027898765432098478
105 0.02529058116232453
106 0.027015308641975114
107 0.031135802469136022
108 0.022655802469135726
109 0.020685376734759276
110 0.03445321865074939
111 0.027110123456789845
112 0.024442469135802263
113 0.019633699633699576
114 0.014313587646920934
115 0.018699259259259193
116 0.026054320987654117
117 0.022179753086419587
118 0.022381888060900215
119 0.022542222222222123
120 0.026150123456789923
121 0.035487901234567736
122 0.02131999999999989
123 0.025992098765431924
124 0.025907160493827217
125 0.020653740159912996
126 0.019745679012345703
127 0.015704295704295688
128 0.024581728395061734
129 0.017962962962962903
130 0.031469629629629334
131 0.023216289882956376
132 0.023315555555555284
133 0.028281975308641866
134 0.026928888888888673
135 0.02127703703703704
136 0.018868148148147978
137 0.02761876543209853
138 0.02474513141179793
139 0.021236543209876224
140 0.013901728395061595
141 0.0167362962962963
142 0.02080592592592577
143 0.015554567901234504
144 0.038100246913580285
145 0.0202162962962963
146 0.023180711575773276
147 0.02097603776616119
148 0.019487901234567766
149 0.018710617283950567
150 0.025418532085198575
151 0.024403456790123193
152 0.023442962962962804
153 0.023130370370370083
154 0.027048888888888498
155 0.023705679012345344
156 0.054224197530864784
157 0.02006698056080751
158 0.018451851851851733
159 0.03092475191240602
160 0.02450123456790114
161 0.022396862396862376
162 0.01999087332420653
163 0.023691851851851766
164 0.018302747191635917
165 0.023778765432098736
166 0.024450611117277702
167 0.02235443568776882
168 0.024219753086419483
169 0.02241876543209854
170 0.02489333333333322
171 0.01949457949457939
172 0.022205925925925858
173 0.014999691049073756
174 0.021313007979674354
175 0.02738469135802436
176 0.021453333333333133
177 0.020199506172839353
178 0.016009095515268367
179 0.02168987654320967
180 0.017930711264044503
181 0.020521975308641856
182 0.02609530864197516
183 0.020495553828887143
184 0.02264585573227535
185 0.028772476179883377
186 0.018759012345678998
187 0.018858178858178778
188 0.015663362893409815
189 0.022076543209876443
190 0.022803456790123244
191 0.0273654320987653
192 0.02854419753086401
193 0.018461234567901136
194 0.020654320987654302
195 0.023058765432098654
196 0.03491604938271597
197 0.027367901234567813
198 0.02384938271604901
199 0.024672592592592503
200 0.03339703703703707
201 0.025053201349497456
202 0.01656296296296288
203 0.029213827160493505
204 0.028086913580246647
205 0.01933432098765418
206 0.03872098765432098
207 0.01875505134764383
208 0.025420246913579952
