# block  <P^4>
1 0.0
2 0.0009391892058558662
3 0.0008856820606614803
4 0.0012203047096479135
5 0.001445105807041606
6 0.001009042524005488
7 0.0015881532693187025
8 0.0011957556092901272
9 0.0018575278158817336
10 0.00206503275108671
11 0.001345421246761167
12 0.001949291876238375
13 0.0007703320835238511
14 0.0005242308184727919
15 0.0010524263984148731
16 0.001494013961286401
17 0.0026822664837677134
18 0.0011766855052583512
19 0.0028486594810021265
20 0.004396808047553741
21 0.0019398986739826301
22 0.001161022527053801
23 0.0009703823197683266
24 0.0009826370370370333
25 0.0012564548087181876
26 0.003091470934308819
27 0.0008850099679926875
28 0.0013886092973632107
29 0.0012115996951684253
30 0.001391909282121621
31 0.001603722782323612
32 0.0005058716659045857
33 0.0009755644566377006
34 0.001794020763568084
35 0.0012410583752476769
36 0.001610032407045056
37 0.0007870197835695791
38 0.0014679098917847952
39 0.0016872547477518793
40 0.0011673710595216566
41 0.0016305991100077392
42 0.002215631031854895
43 0.0006442564243255552
44 0.0009475714067977419
45 0.0011988440786465477
46 0.0008912142747838509
47 0.001122279652491997
48 0.0015864327998780638
49 0.002939846730681325
50 0.0012194955847576316
51 0.001295497393689981
52 0.0028869774729462076
53 0.004159850022862396
54 0.0022764912395871373
55 0.001300148148148153
56 0.0008732093278463612
57 0.0013187943301326038
58 0.0010799370827617699
59 0.0019622186861758847
60 0.0014525215058680079
61 0.0009780531920449576
62 0.001573999085505261
63 0.003434204785855819
64 0.0014654700198140408
65 0.001807255509313125
66 0.0020452293781359435
67 0.0015706825179088594
68 0.0019195237311385542
69 0.0008997655235482351
70 0.0011018018170586357
71 0.0009810192348727314
72 0.0013896112727388428
73 0.002210909529428033
74 0.0019022382281641582
75 0.0014153427831123282
76 0.0016742330742264982
77 0.0009710092973632047
78 0.0011748282274043583
79 0.0014587188538332531
80 0.001217709251638473
81 0.0019948176195089783
82 0.0013407322054564926
83 0.0013795943301326084
84 0.0013689516982307644
85 0.0013877767413504017
86 0.0008691433622923319
87 0.0013614277591110341
88 0.0007468927297668006
89 0.0014754433190647166
90 0.001541124096936449
91 0.0016943014784331792
92 0.0010238463648833992
93 0.0010312021768811893
94 0.0011711341563785944
95 0.001187136351165977
96 0.0010252490384177618
97 0.0008228594421582069
98 0.0019045608901082224
99 0.001484716354214299
100 0.0013070853833257064
101 0.00107217314433775
102 0.0022776547477518705
103 0.0013826144388558595
104 0.0019896271909769898
105 0.00148429863842913
106 0.0019333760097546113
107 0.0024996935832952327
108 0.0012542980643194645
109 0.0013315692769434585
110 0.0029949325029953113
111 0.0020244245694254082
112 0.0013403264136564576
113 0.0011048733616634797
114 0.0007109527570432868
115 0.0009642300868769986
116 0.0014543529340039674
117 0.0013079991464715736
118 0.0013350727346764545
119 0.0014244462734339265
120 0.0018076029873495025
121 0.003512577472946205
122 0.0011769759487882956
123 0.0018713288827922612
124 0.001562799329370519
125 0.001351754192845483
126 0.0009182466087486682
127 0.0006761311847731588
128 0.0014090773967382986
129 0.0010868828532235972
130 0.0030057832647462286
131 0.0012046193708745178
132 0.001571346319158664
133 0.0020608836457856957
134 0.0017455970736168294
135 0.0013335074531321445
136 0.0013646690443529928
137 0.0017297051059289785
138 0.0018420249465517038
139 0.000993945069349181
140 0.0006062263679317163
141 0.0007086858710562378
142 0.0009610300868769972
143 0.0007107799420820001
144 0.0033226634964182568
145 0.0011467837219935977
146 0.001449171408872675
147 0.001039461165173699
148 0.0011652026215515936
149 0.000925663039170854
150 0.0022626866807937
151 0.0017466178936137743
152 0.0012663630544124409
153 0.0015988652949245393
154 0.002006824325560132
155 0.0015275612863892743
156 0.006771145374180818
157 0.001141324345226194
158 0.0010105320530406916
159 0.0024558398972055378
160 0.0014669917390641675
161 0.0011619005594314176
162 0.0008885032358283353
163 0.0011790953818015533
164 0.0009517526671618986
165 0.00143236994360616
166 0.0013758303272706604
167 0.0012785753493572383
168 0.0017222060051821388
169 0.0018368209724127385
170 0.001918954549611341
171 0.0008624293858861772
172 0.0014628148148148183
173 0.0009950513232329975
174 0.0019367223844590157
175 0.0018256129248590107
176 0.0010736175582990422
177 0.0014230962353299777
178 0.0009386068891631992
179 0.0013347970126505189
180 0.0009634051971500546
181 0.0008422338058222796
182 0.0015671384240207307
183 0.0010907693738969402
184 0.0014656102223241413
185 0.0028401808301214302
186 0.0011992686480719406
187 0.0013564136823396057
188 0.0006887579401113282
189 0.0011310512421886941
190 0.0011952755982319744
191 0.0023661356500533476
192 0.002596131565310181
193 0.0010846297820454158
194 0.0011363772595640918
195 0.0017581861301630799
196 0.0031830886755067744
197 0.0018613065081542494
198 0.0016875210486206366
199 0.0014039572016460882
200 0.002422222222222224
201 0.0018560460780854035
202 0.0006313818015546428
203 0.0024302729461972675
204 0.001933902270995288
205 0.0008639522024081655
206 0.002771627739673823
207 0.0010275698652470436
208 0.0019191269623532988
