# k values and corresponding S(k) [pure estimator]
0.0 2.049177194179314
0.06981317007977318 1.2790035792142296
0.13962634015954636 1.0729079097233574
0.20943951023931956 1.030048723317618
0.2792526803190927 1.0153304589331076
0.3490658503988659 1.000862268839622
0.4188790204786391 1.0046149752404132
0.4886921905584123 0.9868258703805505
0.5585053606381855 1.0003508444030644
0.6283185307179586 0.9944531580450521
0.6981317007977318 0.9863320680475466
0.767944870877505 0.9938620803526723
0.8377580409572782 0.9959273670363984
0.9075712110370514 1.0004257582003175
0.9773843811168246 0.9955889811687555
1.0471975511965976 0.9883737038003543
1.117010721276371 0.986084180808822
1.1868238913561442 0.9836967270339004
1.2566370614359172 0.9901353993886843
1.3264502315156905 0.9901360107373377
1.3962634015954636 0.9938765104443014
1.4660765716752369 0.9841075416420293
1.53588974175501 0.9816119754821819
1.6057029118347832 0.9849620713584889
1.6755160819145565 0.9847400091637842
1.7453292519943295 0.9804251164782265
1.8151424220741028 0.9880695938832986
1.8849555921538759 1.0037036922392621
1.9547687622336491 0.9813947343405339
2.0245819323134224 0.9924051253671302
2.0943951023931953 0.9627690885604928
2.1642082724729685 0.9910340106899057
2.234021442552742 0.9971255813463642
2.303834612632515 0.9880974833631693
2.3736477827122884 0.9859977838236181
2.443460952792061 0.9791765324520342
2.5132741228718345 0.9865739245649242
2.5830872929516078 0.9791830931312993
2.652900463031381 0.9778529221801626
2.722713633111154 0.9962502874390071
2.792526803190927 0.9942443708518677
2.8623399732707004 0.9869286087783166
2.9321531433504737 0.9737192924700506
3.001966313430247 0.9821511369269617
3.07177948351002 0.9850480304350988
3.141592653589793 0.9811704810942754
3.2114058236695664 0.9649030742810635
3.2812189937493397 0.9840095065221889
3.351032163829113 0.9910014724975512
3.420845333908886 1.0004935514448212
3.490658503988659 0.9955203065386973
3.5604716740684323 0.9799098721489163
3.6302848441482056 0.9708494127339519
3.7000980142279785 0.9933796865152401
3.7699111843077517 0.987405017490899
3.839724354387525 0.9839281229091582
3.9095375244672983 0.9882837415838643
3.9793506945470716 0.9878587079806883
4.049163864626845 1.018511731235796
4.118977034706618 0.9674962110129243
4.1887902047863905 0.9777024493629795
4.258603374866164 0.9945815686856221
4.328416544945937 0.9788358321215029
4.39822971502571 0.9861609417539128
4.468042885105484 0.9780471495477921
4.537856055185257 0.9945150076106406
4.60766922526503 0.9834993161225575
4.6774823953448035 0.9795402662101969
4.747295565424577 0.9903864187810546
4.817108735504349 0.9892010243019668
4.886921905584122 0.9765397355522898
4.956735075663896 0.9863740594683483
5.026548245743669 0.9960636620334272
5.096361415823442 0.9948356084121207
5.1661745859032155 0.9809228119170024
