# k values and corresponding S(k) [pure estimator]
0.0 1.7139626153806065
0.6283185307179586 0.9744696885085473
1.2566370614359172 0.9720769472860723
1.8849555921538759 0.9767626742429897
2.5132741228718345 0.979944612222728
3.141592653589793 0.9807574803957523
3.7699111843077517 0.9743811998721369
4.39822971502571 0.9748081659071076
5.026548245743669 0.9696964741521847
5.654866776461628 0.9726006573137912
6.283185307179586 0.9660948763666725
6.911503837897545 0.9766877168616859
7.5398223686155035 0.9774143086501592
8.168140899333462 0.9748933274543851
8.79645943005142 0.9750569511369174
9.42477796076938 0.9768162224796825
10.053096491487338 0.9701919592615004
10.681415022205297 0.9750085170826852
11.309733552923255 0.96931429508492
11.938052083641214 0.9725033576623153
12.566370614359172 0.9704393993033062
13.194689145077131 0.9689649365822441
13.82300767579509 0.9754124160766351
14.451326206513048 0.9751570392315954
15.079644737231007 0.9646879478389961
15.707963267948966 0.966422439367509
16.336281798666924 0.9737922972698076
16.964600329384883 0.9700533411194229
17.59291886010284 0.9718764690004589
18.2212373908208 0.965774385135413
18.84955592153876 0.9735339610967788
19.477874452256717 0.975269626543228
20.106192982974676 0.9763018216879884
20.734511513692635 0.9692021227650914
21.362830044410593 0.9639795317415273
21.991148575128552 0.9720707439273287
22.61946710584651 0.970770608987827
23.24778563656447 0.9626029646527282
23.876104167282428 0.9737694193907199
24.504422698000386 0.9641217803508886
25.132741228718345 0.9688466474824567
25.761059759436304 0.9817688442289901
26.389378290154262 0.9729128385338599
27.01769682087222 0.9682554014438329
27.64601535159018 0.9731564141286381
28.274333882308138 0.9669355823077205
28.902652413026097 0.9788531644424306
29.530970943744055 0.9630829871006399
30.159289474462014 0.9776697012062312
30.787608005179973 0.9750348691746835
31.41592653589793 0.9675767793820508
32.044245066615886 0.9802397557049647
32.67256359733385 0.9795140243576242
33.30088212805181 0.9685341085037874
33.929200658769766 0.9748829933911055
34.55751918948772 0.973070365167111
35.18583772020568 0.9742919201081833
35.814156250923645 0.972968681563717
36.4424747816416 0.973345885974713
37.070793312359555 0.9678485331703655
37.69911184307752 0.9701097411996269
38.32743037379548 0.9684655881181773
38.955748904513435 0.9685947413211398
39.58406743523139 0.9689810649389649
40.21238596594935 0.9763306551669676
40.840704496667314 0.9760406845371224
41.46902302738527 0.9780919675766859
42.097341558103224 0.9709742802841171
42.725660088821186 0.970368580067539
43.35397861953915 0.967954492557428
43.982297150257104 0.971440182090751
44.61061568097506 0.962281747452763
45.23893421169302 0.9727438035342066
45.86725274241098 0.9800486403288868
46.49557127312894 0.9774154259486211
