# P_value  count
-1.0 0.0
-0.96 0.0
-0.92 103.0
-0.88 156.0
-0.84 552.0
-0.8 1605.0
-0.76 3196.0
-0.72 5453.0
-0.68 7824.0
-0.64 8742.0
-0.6 8957.0
-0.56 9593.0
-0.52 9095.0
-0.48 8618.0
-0.44 6242.0
-0.4 6021.0
-0.36 5394.0
-0.32 4611.0
-0.28 3398.0
-0.24 2573.0
-0.2 2084.0
-0.16 1997.0
-0.12 1478.0
-0.08 1321.0
-0.04 1116.0
0.0 2063.0
0.04 1026.0
0.08 1156.0
0.12 1279.0
0.16 1163.0
0.2 1470.0
0.24 1698.0
0.28 2055.0
0.32 2204.0
0.36 2871.0
0.4 3153.0
0.44 3927.0
0.48 4318.0
0.52 4371.0
0.56 4477.0
0.6 4810.0
0.64 4391.0
0.68 3254.0
0.72 2711.0
0.76 1706.0
0.8 1237.0
0.84 297.0
0.88 262.0
0.92 10.0
0.96 0.0
1.0 0.0
