# k  S_n(k)
0.0 80.0
0.07853981633974483 0.4622558597078693
0.15707963267948966 0.48679132922969337
0.23561944901923448 0.1878776209782617
0.3141592653589793 0.2840760221339509
0.39269908169872414 0.09489016257082372
0.47123889803846897 0.3935721885509152
0.5497787143782138 0.46174816682683845
0.6283185307179586 0.17105689994296977
0.7068583470577035 0.46725473090301317
0.7853981633974483 0.23144751234787037
0.8639379797371931 1.9304018206508018
0.9424777960769379 1.6198634703963346
1.0210176124166828 0.6116887975425687
1.0995574287564276 2.3664910648378132
1.1780972450961724 1.3881172870416945
1.2566370614359172 1.5788210538603618
1.335176877775662 0.5749069618496367
1.413716694115407 0.7515073926117706
1.4922565104551517 1.390042848018153
1.5707963267948966 0.499827713053059
1.6493361431346414 0.79396575675119
1.7278759594743862 1.1012542563051353
1.806415775814131 1.024539546294844
1.8849555921538759 0.8808980983166587
1.9634954084936207 1.4814623221648393
2.0420352248333655 0.6783508397471913
2.1205750411731104 1.0269766708672436
2.199114857512855 0.891605958442595
2.2776546738526 1.1289445089621133
2.356194490192345 0.8039234598700363
2.4347343065320897 0.6307674952995823
2.5132741228718345 0.9551200037640949
2.5918139392115793 1.1149181808132236
2.670353755551324 1.1279311580774074
2.748893571891069 0.841612379364519
2.827433388230814 0.9915436093496346
2.9059732045705586 0.8605371206245551
2.9845130209103035 1.2310117166970387
3.0630528372500483 1.2363533101016446
3.141592653589793 0.91798048450197
3.220132469929538 1.0185731765445845
3.2986722862692828 1.0368455350835295
3.3772121026090276 0.8978416303066902
3.4557519189487724 0.8671535292998966
3.5342917352885173 0.8822144998170799
3.612831551628262 1.0299994743659115
3.691371367968007 0.7105895364101973
3.7699111843077517 0.9905669850939104
3.8484510006474966 0.8864310568531625
3.9269908169872414 1.0735345773549247
4.005530633326986 0.9256081918565088
4.084070449666731 0.900598334055609
4.162610266006476 0.8898044825338143
4.241150082346221 0.8884628195644787
4.319689898685965 1.013228347959432
4.39822971502571 0.9797380623270221
4.476769531365456 0.9486255559825881
4.5553093477052 0.7743805981036841
4.633849164044944 1.1300021091197394
4.71238898038469 0.969096059193076
4.790928796724435 1.0835220951686635
4.869468613064179 1.1620238149632554
4.948008429403924 1.240618072772942
5.026548245743669 0.9018223820598014
5.105088062083414 0.9326651310734028
5.183627878423159 1.0604604491602403
5.262167694762903 1.132286970477749
5.340707511102648 1.2305309252413323
5.419247327442394 0.9376251783443478
5.497787143782138 1.003523346684233
5.576326960121882 0.848438133234625
5.654866776461628 0.9120221993360892
5.733406592801373 0.8816053308701113
5.811946409141117 0.9225023718574737
5.890486225480862 1.0862790090421817
5.969026041820607 0.8635860833789935
6.047565858160352 0.9365563668092486
6.126105674500097 0.8352739864150817
6.204645490839841 1.2426882778772514
6.283185307179586 0.8059208218220966
6.3617251235193315 1.107077566839885
6.440264939859076 1.136986981451794
6.51880475619882 0.8849709669563701
6.5973445725385655 1.1938327541557354
6.675884388878311 1.1318514827619814
6.754424205218055 0.8281797007165426
6.8329640215578 1.0262510859288112
6.911503837897545 0.9823541396712202
6.99004365423729 0.8408430879299971
7.0685834705770345 0.949200745860102
7.147123286916779 0.9426617838519518
7.225663103256524 1.0813797766631206
7.304202919596269 1.0187872305573131
7.382742735936014 1.0859935894800679
7.461282552275758 1.108144566281115
7.5398223686155035 0.8631724079095972
7.618362184955249 0.9520297419445958
7.696902001294993 0.8930264145452798
7.7754418176347375 0.906298257456161
