# k  S_n(k)
0.0 30.0
0.20943951023931953 0.6798802440366517
0.41887902047863906 0.4573125342588044
0.6283185307179586 2.1787363462120024
0.8377580409572781 0.9978744524162841
1.0471975511965976 0.8373298862633314
1.2566370614359172 1.055159244621949
1.4660765716752366 1.2997119624873985
1.6755160819145563 1.0808287222724895
1.8849555921538759 0.9886647365222123
2.0943951023931953 0.9594898563639729
2.3038346126325147 1.0816701206902883
2.5132741228718345 0.9558204646892602
2.722713633111154 0.8078825976310383
2.9321531433504733 0.851758817710733
3.141592653589793 1.013619152036842
3.3510321638291125 1.0205211161718275
3.560471674068432 0.837906393462374
3.7699111843077517 0.9780791324294594
3.979350694547071 0.9596565286009439
4.1887902047863905 0.9074997305725829
4.39822971502571 1.0393656537655929
4.607669225265029 0.9977855144219109
4.817108735504349 1.0375559282390758
5.026548245743669 1.0551458684582418
5.235987755982988 0.9802026551784154
5.445427266222308 0.9409114798092943
5.654866776461628 0.9857951002492363
5.864306286700947 1.0490988507875911
6.073745796940266 0.9269349380254784
6.283185307179586 0.9290068683382439
6.492624817418905 1.007829070706884
6.702064327658225 0.949081105554292
6.911503837897545 1.0175446430287172
7.120943348136864 0.8470796393011258
7.330382858376184 0.9325240893862011
7.5398223686155035 1.0946628471181135
7.749261878854822 1.0311561247062144
7.958701389094142 0.9269279218634154
8.168140899333462 0.9531894871128836
8.377580409572781 1.0080769228193076
8.5870199198121 0.985578281991309
8.79645943005142 0.9887553977765466
9.00589894029074 0.909201091507706
9.215338450530059 1.0016086131858513
9.42477796076938 0.9250902740167573
9.634217471008698 1.0579158452068622
9.843656981248017 0.9881476659773033
10.053096491487338 0.983683090075859
10.262536001726657 1.0142032404847254
10.471975511965976 1.0429634881634209
10.681415022205297 1.0030042705294129
10.890854532444616 1.011544926722144
11.100294042683934 1.0247595389752613
11.309733552923255 0.992321018787704
11.519173063162574 0.9666625836710416
11.728612573401893 1.0008557622648762
11.938052083641214 0.938154047090938
12.147491593880533 1.0469828198393167
12.356931104119852 0.9532203036379631
12.566370614359172 0.9447803069944747
12.775810124598491 0.9681006402387643
12.98524963483781 0.922983377255738
13.194689145077131 0.9890842186901138
13.40412865531645 1.0198112587655364
13.613568165555769 0.940687418103473
13.82300767579509 1.0404308548217294
14.032447186034409 0.9911479981328073
14.241886696273728 0.9983248933722148
14.451326206513048 0.9557613013284333
14.660765716752367 0.961985582973728
14.870205226991686 1.0295157256795338
15.079644737231007 0.9851544593793479
15.289084247470326 0.9693176517357152
15.498523757709645 1.0286561261163896
15.707963267948966 0.9881284238749104
15.917402778188285 0.9939030321982688
16.126842288427603 1.0325988845268808
16.336281798666924 0.9596027812746603
16.54572130890624 0.9875106074450232
16.755160819145562 1.0021315975642786
16.964600329384883 0.9944335854532387
17.1740398396242 1.040280589421282
17.38347934986352 0.9999654455978715
17.59291886010284 0.9902609662189789
17.80235837034216 0.9989675535856418
18.01179788058148 0.9652030102373825
18.2212373908208 1.0149214041073202
18.430676901060117 1.0063633173559716
18.640116411299438 0.9569425484777366
18.84955592153876 0.9879229479582938
19.058995431778076 1.0254728555638581
19.268434942017397 1.0167312464623666
19.477874452256717 1.0387871576075598
19.687313962496034 1.021178675504949
19.896753472735355 1.0213374940933975
20.106192982974676 1.0328152895493528
20.315632493213993 0.991898154492241
20.525072003453314 1.0402579941498444
20.734511513692635 0.9555787646928037
