# k values and corresponding S(k) [pure estimator]
0.0 1.237045566311503
0.20943951023931953 0.9732483015175121
0.41887902047863906 0.9708404250189534
0.6283185307179586 0.967590675133896
0.8377580409572781 0.9704320010775803
1.0471975511965976 0.9678129066193688
1.2566370614359172 0.9676593124734963
1.4660765716752366 0.9696335867347959
1.6755160819145563 0.9695667156277531
1.8849555921538759 0.9681845853019782
2.0943951023931953 0.9746973013917916
2.3038346126325147 0.9690207728379969
2.5132741228718345 0.971466031289161
2.722713633111154 0.9713178824978345
2.9321531433504733 0.9681611201450667
3.141592653589793 0.9662900282137018
3.3510321638291125 0.9670174927041981
3.560471674068432 0.9698711517689401
3.7699111843077517 0.9682286090135993
3.979350694547071 0.9666014585447571
4.1887902047863905 0.9701865553669341
4.39822971502571 0.96780418157662
4.607669225265029 0.9688511295117839
4.817108735504349 0.9697900694296708
5.026548245743669 0.9732128682162506
5.235987755982988 0.9711432717277352
5.445427266222308 0.9760210220486494
5.654866776461628 0.9677577599343385
5.864306286700947 0.9691930555812669
6.073745796940266 0.9748431573660213
6.283185307179586 0.9715725660822655
6.492624817418905 0.9694040590111344
6.702064327658225 0.967025072131302
6.911503837897545 0.9652398910640997
7.120943348136864 0.975598662684079
7.330382858376184 0.9717417599818655
7.5398223686155035 0.9679533863421859
7.749261878854822 0.9724186467305104
7.958701389094142 0.9704469879323497
8.168140899333462 0.969190946486435
8.377580409572781 0.9653515364834363
8.5870199198121 0.9669757211468314
8.79645943005142 0.9688662599286357
9.00589894029074 0.9724288708950224
9.215338450530059 0.9714251985139688
9.42477796076938 0.9726312258961778
9.634217471008698 0.970192167417658
9.843656981248017 0.9709226431321267
10.053096491487338 0.9732148790003278
10.262536001726657 0.9680035185906327
10.471975511965976 0.9653488039048254
10.681415022205297 0.9716043427370994
10.890854532444616 0.96757692632
11.100294042683934 0.9728722553654667
11.309733552923255 0.9670758738818458
11.519173063162574 0.9741963738274193
11.728612573401893 0.9676383149855055
11.938052083641214 0.9682432910823044
12.147491593880533 0.9709765777918797
12.356931104119852 0.9672215191788373
12.566370614359172 0.9772526826574379
12.775810124598491 0.9687358954580055
12.98524963483781 0.9739431251358318
13.194689145077131 0.969901321581045
13.40412865531645 0.9680017655548409
13.613568165555769 0.9731256050539479
13.82300767579509 0.9704837463733528
14.032447186034409 0.9674063690983226
14.241886696273728 0.9670394090894575
14.451326206513048 0.9720321900811855
14.660765716752367 0.9680734505523781
14.870205226991686 0.9692915315588204
15.079644737231007 0.9668041051472716
15.289084247470326 0.9671802682718484
15.498523757709645 0.9700676542937023
