block_size         error    difference      rel_diff
-------------------------------------------------------
       2  1.149974e-06  4.755588e-07  4.135389e-01
       4  1.625532e-06  6.713796e-07  4.130214e-01
       8  2.296912e-06  9.462598e-07  4.119704e-01
      16  3.243172e-06  1.329490e-06  4.099351e-01
      32  4.572662e-06  1.857044e-06  4.061188e-01
      64  6.429706e-06  2.565952e-06  3.990777e-01
     128  8.995657e-06  3.475235e-06  3.863236e-01
     256  1.247089e-05  4.541992e-06  3.642074e-01
     512  1.701288e-05  5.576957e-06  3.278079e-01
    1024  2.258984e-05  5.940012e-06  2.629506e-01
    2048  2.852985e-05  5.525568e-06  1.936767e-01
    4096  3.405542e-05  3.032363e-06  8.904201e-02
    8192  3.708778e-05  1.800185e-06  4.853848e-02
   16384  3.888797e-05  2.096375e-06  5.390805e-02
   32768  4.098434e-05  7.212151e-07  1.759733e-02
   65536  4.170556e-05  5.854355e-07  1.403735e-02
  131072  4.229099e-05           ---           ---
