# r  Cs(r) [pure estimator]
0.075 1.1564282280553383e-5
0.22499999999999998 1.2391766328940685e-5
0.375 1.4833572075067485e-5
0.525 8.589029513982663e-6
0.6749999999999999 5.208003919306566e-6
0.825 2.3131324936495285e-6
0.975 8.374305802041644e-6
1.125 3.8165765442956954e-6
1.275 3.4387325714406124e-6
1.425 2.906405431695825e-6
1.575 3.1533079335294268e-6
1.7249999999999999 1.707343298699888e-5
1.875 7.83628879398122e-6
2.025 -1.3726882166749952e-7
2.175 8.886699710960224e-6
2.3249999999999997 1.1636856584523215e-5
2.475 1.1993602153786994e-5
2.625 -2.2254625098735815e-6
2.775 8.102140177286436e-6
2.925 1.2395736474282639e-5
3.0749999999999997 6.467498486047883e-6
3.225 3.8429431319026855e-6
3.375 -7.050249252139288e-6
3.525 3.983447737638262e-6
3.675 1.4668343752923503e-5
3.8249999999999997 1.020150069893044e-5
3.9749999999999996 1.20141854393288e-5
4.125 7.454913979490288e-6
4.2749999999999995 5.939083913581764e-6
4.425 6.2198098503684035e-6
4.575 4.648385026622149e-6
4.725 5.944150652063223e-6
4.875 2.7385126465197517e-6
5.0249999999999995 1.1808601130241564e-6
5.175 1.1099765386306302e-5
5.325 5.053399658933521e-6
5.475 1.0779668234072219e-5
5.625 8.899756386509225e-6
5.7749999999999995 -2.959351448835657e-6
5.925 7.651139754966043e-6
6.075 7.653885206980699e-7
6.225 2.310055442799095e-6
6.375 1.2881187013804114e-5
6.5249999999999995 1.6830307852232866e-6
6.675 3.2568319101568093e-6
6.825 6.85540231770412e-7
6.975 5.036384147210936e-7
7.125 6.505118150364019e-6
7.2749999999999995 2.2598099292458118e-6
7.425 2.3844106495938844e-6
7.574999999999999 -7.372518909551364e-7
7.725 8.770195532595426e-6
7.875 4.390955595006168e-6
8.025 -5.882346579813905e-6
8.174999999999999 7.751957207996925e-6
8.325 6.070857102338786e-6
8.475 2.0558635481375065e-6
8.625 6.980390533943612e-6
8.775 8.658683008158927e-6
8.924999999999999 2.530656852362317e-6
9.075 3.0969337432416255e-6
9.225 -3.1470490468353023e-6
9.375 6.5572282664515265e-6
9.525 5.128268618983394e-6
9.674999999999999 1.8002839606534682e-5
9.825 7.506150888095835e-6
9.975 5.765569128238002e-6
10.125 5.146966211912272e-7
10.275 1.6425243249173956e-5
10.424999999999999 9.802415255184378e-6
10.575 1.0032158591936904e-5
10.725 1.940745861611616e-6
10.875 -1.359465520048706e-6
11.025 -5.6908594695533576e-6
11.174999999999999 -9.385735667363686e-6
11.325 6.057956981752937e-6
11.475 9.77316161166516e-7
11.625 7.093667092752743e-6
11.775 7.897798593287577e-6
11.924999999999999 8.279063490944701e-6
12.075 1.5896430228009e-6
12.225 -4.397371015565463e-6
12.375 4.347547463370566e-6
12.525 3.718478918538591e-6
12.674999999999999 -3.6762042833679133e-7
12.825 3.5694869463638737e-6
12.975 4.139939337502274e-6
13.125 8.953650330479739e-6
13.275 2.067696666406907e-6
13.424999999999999 8.73465980130371e-8
13.575 -5.342977247489277e-6
13.725 9.814308088333177e-6
13.875 7.906062396354044e-6
14.025 1.5485773112096716e-6
14.174999999999999 3.5587535285439477e-6
14.325 9.845060796303279e-6
14.475 -2.85010582031298e-6
14.625 -1.7664522367221709e-6
14.774999999999999 3.364103926894434e-6
14.924999999999999 -1.5183196810286637e-6
