# k  S_n(k)
0.0 50.0
0.12566370614359174 0.5649845469328294
0.25132741228718347 1.4696051877911915
0.3769911184307752 1.663045947461635
0.5026548245743669 0.7234313837093261
0.6283185307179586 0.4058395168133362
0.7539822368615504 0.4848819098800143
0.8796459430051422 1.4227765267885448
1.0053096491487339 0.6462671674602177
1.1309733552923256 0.5039979106311198
1.2566370614359172 0.6244696244179316
1.3823007675795091 1.038886425470564
1.5079644737231008 0.7966296001300611
1.6336281798666925 0.8745554835538555
1.7592918860102844 0.6187980381914455
1.884955592153876 0.9972080474367974
2.0106192982974678 0.7715303481118675
2.1362830044410597 0.7913601530757605
2.261946710584651 1.3467535376649582
2.387610416728243 0.7054051768490504
2.5132741228718345 0.9923192608489314
2.6389378290154264 0.8089501119865741
2.7646015351590183 1.1853314123204062
2.8902652413026098 1.0582262562765974
3.0159289474462017 1.122662420049573
3.1415926535897936 1.498911458707204
3.267256359733385 0.8836604738565089
3.392920065876977 1.0191279599077405
3.518583772020569 0.8847684236621071
3.6442474781641603 1.070214536908942
3.769911184307752 0.9029323262910054
3.8955748904513436 1.27219166783998
4.0212385965949355 1.0845410200557
4.1469023027385274 0.8860158710727806
4.272566008882119 1.030901331802905
4.39822971502571 0.9361593076013521
4.523893421169302 1.0376224414441757
4.649557127312894 1.0775999396155869
4.775220833456486 1.0290536292422914
4.900884539600078 0.9528880240397153
5.026548245743669 1.0864664958449124
5.152211951887261 0.921637603468051
5.277875658030853 1.0413495445255148
5.403539364174445 0.9698463989012176
5.529203070318037 1.0622203131499366
5.6548667764616285 0.8515815935890446
5.7805304826052195 1.07189985396429
5.906194188748811 0.9439752243076017
6.031857894892403 0.9531058994473703
6.157521601035995 1.0086171532244397
6.283185307179587 0.9541539308813481
6.408849013323178 1.0586795280415369
6.53451271946677 0.9872818443483423
6.660176425610362 0.9978100843093242
6.785840131753954 1.10358334500132
6.911503837897546 1.045610171486673
7.037167544041138 1.0310728412954149
7.162831250184729 1.1527435449981456
7.288494956328321 1.0971533692382804
7.4141586624719125 1.1024229726676171
7.539822368615504 0.9592932234811723
7.665486074759096 0.9419082394375056
7.791149780902687 1.0337039950840057
7.916813487046279 0.9473911752069186
8.042477193189871 0.9281322959840541
8.168140899333462 0.9844225847696816
8.293804605477055 0.9446591057922228
8.419468311620646 1.0157424851489076
8.545132017764239 0.9424779655949168
8.67079572390783 1.0085052450470597
8.79645943005142 0.9395124740968426
8.922123136195014 1.066734254389679
9.047786842338605 1.1166310790632032
9.173450548482197 0.9703411535497406
9.299114254625788 1.021131747339849
9.42477796076938 1.0442122159022942
9.550441666912972 0.9707491565278585
9.676105373056563 1.0342502912842382
9.801769079200156 1.1337331424593817
9.927432785343747 0.962688425672078
10.053096491487338 0.9898087266412382
10.17876019763093 0.9731297062329348
10.304423903774522 0.9775385750578016
10.430087609918115 0.9954029349271466
10.555751316061706 1.021780324741863
10.681415022205298 0.9696471624381644
10.80707872834889 0.9382538825610771
10.93274243449248 0.9784015481352603
11.058406140636073 0.9741746613305042
11.184069846779664 1.0440747929871745
11.309733552923257 1.0131255034317885
11.435397259066848 0.9890353615085703
11.561060965210439 0.9964195481491797
11.686724671354032 1.0990837128017696
11.812388377497623 0.9890491950197126
11.938052083641216 0.9536599778264783
12.063715789784807 1.1018323881780256
12.189379495928398 0.9864918973654422
12.31504320207199 1.0770425475370942
12.440706908215581 0.9585917368381447
