# P_value  count
-1.0 0.0
-0.96 0.0
-0.92 0.0
-0.88 0.0
-0.84 0.0
-0.8 130.0
-0.76 39.0
-0.72 105.0
-0.68 211.0
-0.64 599.0
-0.6 783.0
-0.56 1304.0
-0.52 1910.0
-0.48 2639.0
-0.44 3025.0
-0.4 3998.0
-0.36 5231.0
-0.32 5901.0
-0.28 6796.0
-0.24 6805.0
-0.2 8097.0
-0.16 8274.0
-0.12 8979.0
-0.08 9188.0
-0.04 9611.0
0.0 10840.0
0.04 9789.0
0.08 9183.0
0.12 9482.0
0.16 8977.0
0.2 7878.0
0.24 7202.0
0.28 7720.0
0.32 5767.0
0.36 4942.0
0.4 4384.0
0.44 3118.0
0.48 2567.0
0.52 1610.0
0.56 1309.0
0.6 815.0
0.64 401.0
0.68 217.0
0.72 49.0
0.76 278.0
0.8 104.0
0.84 0.0
0.88 0.0
0.92 0.0
0.96 0.0
1.0 0.0
