# k values and corresponding S(k) [pure estimator]
0.0 0.9214853321867473
0.12566370614359174 0.9294265523519345
0.25132741228718347 0.9669334295374786
0.3769911184307752 0.9716738563362888
0.5026548245743669 0.9794397044080141
0.6283185307179586 0.9833892948030938
0.7539822368615504 0.9561177061985967
0.8796459430051422 0.9784956961330904
1.0053096491487339 0.9629083583966243
1.1309733552923256 0.963625656601885
1.2566370614359172 0.9582859236282592
1.3823007675795091 0.9815376474272725
1.5079644737231008 0.9735788620756317
1.6336281798666925 0.9681231175383028
1.7592918860102844 0.977559690510575
1.884955592153876 0.971585734583969
2.0106192982974678 0.997183888166748
2.1362830044410597 0.9780798502006905
2.261946710584651 0.9485453249142859
2.387610416728243 0.9718138846120972
2.5132741228718345 0.9610791854495483
2.6389378290154264 0.9623596101488338
2.7646015351590183 0.979199053294844
2.8902652413026098 0.9646403217679688
3.0159289474462017 0.9804345077038817
3.1415926535897936 0.9820871091660038
3.267256359733385 0.9798946305978609
3.392920065876977 0.9670289568186791
3.518583772020569 0.9680905366940051
3.6442474781641603 0.9491706197806965
3.769911184307752 0.9753885515789876
3.8955748904513436 0.9724089007334887
4.0212385965949355 0.9892283071994847
4.1469023027385274 0.9812754641897935
4.272566008882119 0.982759109453935
4.39822971502571 0.9748475557087383
4.523893421169302 0.977576215046674
4.649557127312894 0.9916463332033637
4.775220833456486 0.9261683238296774
4.900884539600078 0.9429925917714378
5.026548245743669 0.9537936377431094
5.152211951887261 0.9703107416320735
5.277875658030853 0.9705767464879822
5.403539364174445 0.9749554989035206
5.529203070318037 0.9680333755120445
5.6548667764616285 0.9737564017379283
5.7805304826052195 0.96740189202089
5.906194188748811 0.9575352734593772
6.031857894892403 0.966583417661874
6.157521601035995 0.9692895688734882
6.283185307179587 0.9850907702237907
6.408849013323178 0.955985021370406
6.53451271946677 0.9911693277385325
6.660176425610362 0.9665389025349843
6.785840131753954 0.9569331755191596
6.911503837897546 0.9678005015678716
7.037167544041138 0.9852665661090443
7.162831250184729 0.9682608095476164
7.288494956328321 0.9795217824280621
7.4141586624719125 0.9723520017543946
7.539822368615504 0.982457445115227
7.665486074759096 0.9633494659692476
7.791149780902687 0.9920495622525808
7.916813487046279 0.9656115774229964
8.042477193189871 1.0084047719891343
8.168140899333462 0.9762157112715576
8.293804605477055 0.9951695589684222
8.419468311620646 0.9916852866664785
8.545132017764239 0.9874747178142654
8.67079572390783 0.9615828234743922
8.79645943005142 0.9927953543584712
8.922123136195014 0.9684255703261491
9.047786842338605 0.9900186311507935
9.173450548482197 0.9802695241317575
9.299114254625788 0.9587950303549406
