# P_value  count
-1.0 0.0
-0.9666666666666667 0.0
-0.9333333333333333 0.0
-0.9 0.0
-0.8666666666666667 281.0
-0.8333333333333334 324.0
-0.8 550.0
-0.7666666666666667 468.0
-0.7333333333333333 1841.0
-0.7 2251.0
-0.6666666666666666 2309.0
-0.6333333333333333 3193.0
-0.6 3125.0
-0.5666666666666667 2838.0
-0.5333333333333333 3033.0
-0.5 3111.0
-0.4666666666666667 2746.0
-0.43333333333333335 2142.0
-0.4 2024.0
-0.36666666666666664 1732.0
-0.3333333333333333 1536.0
-0.3 1283.0
-0.26666666666666666 978.0
-0.23333333333333334 750.0
-0.2 746.0
-0.16666666666666666 590.0
-0.13333333333333333 687.0
-0.1 679.0
-0.06666666666666667 552.0
-0.03333333333333333 521.0
0.0 1764.0
0.03333333333333333 706.0
0.06666666666666667 910.0
0.1 1242.0
0.13333333333333333 1419.0
0.16666666666666666 1699.0
0.2 1988.0
0.23333333333333334 2962.0
0.26666666666666666 3627.0
0.3 4609.0
0.3333333333333333 5670.0
0.36666666666666664 7285.0
0.4 8533.0
0.43333333333333335 10369.0
0.4666666666666667 10713.0
0.5 12863.0
0.5333333333333333 13837.0
0.5666666666666667 14320.0
0.6 14101.0
0.6333333333333333 12989.0
0.6666666666666666 11663.0
0.7 9597.0
0.7333333333333333 6689.0
0.7666666666666667 4002.0
0.8 2494.0
0.8333333333333334 933.0
0.8666666666666667 432.0
0.9 203.0
0.9333333333333333 31.0
0.9666666666666667 0.0
1.0 0.0
