# block  <P>
1 0.0
2 -0.07988677988677932
3 -0.11493333333333242
4 -0.17786666666666592
5 -0.2691666666666666
6 -0.12904619474908474
7 0.03160000000000012
8 6.666666666329929e-5
9 0.020333333333333654
10 0.18706666666666613
11 0.05813333333333352
12 0.010999999999999385
13 -0.020499999999999553
14 -0.09553333333333214
15 -0.16490176490176348
16 -0.040106773440106984
17 -0.0692282102461752
18 -0.17526666666666513
19 -0.17813333333333267
20 -0.14119999999999988
21 -0.05106666666666705
22 0.11883333333333418
23 -0.10369999999999872
24 -0.11923333333333146
25 -0.14133333333333123
26 -0.25810000000000194
27 -0.46570000000000483
28 -0.5438666666666649
29 -0.5246000000000018
30 -0.4802666666666688
31 -0.5318333333333356
32 -0.5006666666666676
33 -0.6185666666666717
34 -0.5862000000000004
35 -0.5388999999999978
36 -0.5375666666666643
37 -0.5253080253080262
38 -0.5202666666666652
39 -0.4970362970362946
40 -0.6297666666666681
41 -0.5648999999999991
42 -0.5186333333333353
43 -0.46513333333333257
44 -0.3794333333333327
45 -0.3552333333333298
46 -0.29046666666666787
47 -0.3178333333333311
48 -0.09350000000000065
49 -0.0764333333333354
50 0.14170000000000016
51 0.25566666666666554
52 0.3491666666666661
53 0.4152333333333322
54 0.41863333333333325
55 0.5627666666666662
56 0.5275391275391307
57 0.42886666666666845
58 0.5480333333333318
59 0.42699366032699543
60 0.4024666666666667
61 0.5776333333333374
62 0.5427000000000082
63 0.5105666666666699
64 0.5678999999999997
65 0.5680666666666679
66 0.5382666666666663
67 0.4663333333333316
68 0.4470000000000041
69 0.46289999999999754
70 0.41090000000000115
71 0.4460000000000002
72 0.5001333333333348
73 0.5267999999999975
74 0.5729333333333287
75 0.5437333333333357
76 0.4962666666666646
77 0.5811333333333341
78 0.6241333333333291
79 0.5737000000000015
80 0.49359359359359056
81 0.4418999999999991
82 0.47066666666666773
83 0.49799799799799754
84 0.4332666666666639
85 0.4696666666666674
86 0.47950000000000204
87 0.5330000000000016
88 0.4900999999999994
89 0.43913913913913855
90 0.4846486846486853
91 0.5270729270729276
92 0.5407333333333357
93 0.5491175491175514
94 0.5315000000000005
95 0.46779886779886676
96 0.44246666666666534
97 0.4890666666666703
98 0.46580000000000127
99 0.5939060939061002
100 0.5143666666666659
101 0.4971999999999993
102 0.46773333333333234
103 0.5405261405261406
104 0.5385999999999984
105 0.4481000000000006
106 0.42906666666666626
107 0.5080999999999986
108 0.4838666666666678
109 0.5078666666666672
110 0.4720333333333326
111 0.519799999999999
112 0.5299333333333317
113 0.5313333333333327
114 0.528566666666668
115 0.5043999999999973
116 0.49786666666666607
117 0.4443889443889455
118 0.46116666666667017
119 0.5267666666666652
120 0.5915000000000021
121 0.5988677988678027
122 0.5104333333333316
123 0.5186999999999993
124 0.5551666666666693
125 0.5771333333333374
126 0.5488333333333346
127 0.504733333333333
128 0.5031000000000001
129 0.5164999999999982
130 0.49743076409743237
131 0.5492333333333376
132 0.46233333333333526
133 0.40193333333333287
134 0.4549900199600774
135 0.43426666666666697
136 0.49976666666666797
137 0.41856666666666625
138 0.35186666666666594
139 0.39022355689022153
140 0.4691974691974694
141 0.4173666666666677
142 0.3663666666666677
143 0.41033333333333655
144 0.4035666666666656
145 0.4920587253920548
146 0.524891558224894
147 0.6054666666666672
148 0.5010343677010368
149 0.5880999999999947
150 0.5453453453453474
151 0.48956666666666765
152 0.4857999999999973
153 0.48066666666666724
154 0.5462441314553964
155 0.47423333333333423
156 0.5262999999999983
157 0.5587921254587999
158 0.6233000000000017
159 0.5313999999999991
160 0.4719666666666676
161 0.5488000000000022
162 0.46706666666666663
163 0.44481147814481264
164 0.5159999999999983
165 0.5202999999999965
166 0.5303970637304004
167 0.4776333333333316
168 0.4802000000000031
169 0.4533333333333323
170 0.4765000000000048
171 0.6009333333333305
172 0.6242333333333375
173 0.48943333333333117
174 0.5004666666666705
175 0.5285618952285613
176 0.5574758574758579
177 0.464366666666666
178 0.46803333333333474
179 0.45719999999999905
180 0.47480814147481143
181 0.496966666666668
182 0.5245333333333323
183 0.5764999999999993
184 0.48169999999999824
185 0.5858333333333265
186 0.5352999999999999
187 0.5368666666666698
188 0.48610000000000164
189 0.5523523523523528
190 0.4746253746253749
191 0.4737666666666631
192 0.4217884551217872
193 0.4360306360306343
194 0.3773999999999975
195 0.39883333333333526
196 0.4189333333333354
197 0.4579579579579577
198 0.5001333333333348
199 0.494766666666668
200 0.5089666666666649
201 0.5162000000000011
202 0.5107999999999999
203 0.4467333333333352
204 0.4851297405189612
205 0.5499000000000034
206 0.5193666666666686
207 0.5320666666666675
208 0.6130000000000013
