# P_value  count
-1.0 0.0
-0.9333333333333333 0.0
-0.8666666666666667 0.0
-0.8 0.0
-0.7333333333333333 25.0
-0.6666666666666666 98.0
-0.6 369.0
-0.5333333333333333 976.0
-0.4666666666666667 2426.0
-0.4 4527.0
-0.3333333333333333 7085.0
-0.26666666666666666 11261.0
-0.2 16188.0
-0.13333333333333333 21120.0
-0.06666666666666667 25060.0
0.0 27404.0
0.06666666666666667 24349.0
0.13333333333333333 20913.0
0.2 16730.0
0.26666666666666666 12187.0
0.3333333333333333 7887.0
0.4 4357.0
0.4666666666666667 2213.0
0.5333333333333333 1065.0
0.6 377.0
0.6666666666666666 102.0
0.7333333333333333 45.0
0.8 2.0
0.8666666666666667 0.0
0.9333333333333333 3.0
1.0 0.0
