# block  <P^4>
1 0.0
2 0.005055269135802471
3 0.005889441975308646
4 0.00841141728395064
5 0.0074663308641975895
6 0.00718303209876544
7 0.008636404938271636
8 0.006401362962962995
9 0.004529837037037021
10 0.004901909316724146
11 0.0038524444444444188
12 0.0030105320223749957
13 0.007173254320987679
14 0.005446320987654299
15 0.005776967901234576
16 0.006997135802469122
17 0.0047831703703703704
18 0.007194864197530903
19 0.004043950617283933
20 0.004209938333395119
21 0.0036951111111110965
22 0.004997274074074055
23 0.005578409876543207
24 0.005914785185185191
25 0.00701451851851853
26 0.004979733333333319
27 0.006332009876543215
28 0.004124523456790101
29 0.005075733333333334
30 0.0045577283950617095
31 0.0033558518518518325
32 0.004183012345678989
33 0.005568513580246956
34 0.0056569283950617605
35 0.0051819259259259405
36 0.005455466666666676
37 0.004971891358024733
38 0.006530508641975316
39 0.0062598913580246985
40 0.006982696296296324
41 0.0049958716049382824
42 0.004630735802469117
43 0.0031317530864197335
44 0.008735446913580233
45 0.006010745679012356
46 0.004512680581816372
47 0.004528691358024687
48 0.004842113580246918
49 0.004356503703703696
50 0.004577659259259239
51 0.005442666666666655
52 0.006541471604938261
53 0.007397837343516381
54 0.005709945679012352
55 0.007148859259259281
56 0.0047712592592592746
57 0.0063094518518518545
58 0.005142360493827186
59 0.006501175308641993
60 0.003769046913580219
61 0.0066955654320987506
62 0.0038362271604938107
63 0.004549688888888905
64 0.003842172839506146
65 0.007248987654321003
66 0.004792454320987643
67 0.0072775703703703825
68 0.004870656790123429
69 0.004691851851851855
70 0.00473098271604939
71 0.0037044740740740626
72 0.006521106172839495
73 0.006719565432098785
74 0.005921540740740742
75 0.007411792592592631
76 0.005248651851851863
77 0.006528987654321
78 0.00601736296296298
79 0.006886123456790137
80 0.005720237037037069
81 0.0069999604938272095
82 0.005365155555555577
83 0.0056151506172839516
84 0.0036937876543209755
85 0.007778923456790163
86 0.005123022222222236
87 0.005201125925925926
88 0.00574601481481481
89 0.0054962172839505925
90 0.006922370370370378
91 0.005446597530864213
92 0.004405234567901214
93 0.007219634567901232
94 0.004070972839506152
95 0.005020266666666686
96 0.005936809876543207
97 0.0062165587498920994
98 0.004092246913580234
99 0.004677708641975323
100 0.004528750617283933
101 0.004877333333333347
102 0.0061117710302895705
103 0.007803338271604942
104 0.006474548148148171
105 0.004871664197530868
106 0.004166874074074065
107 0.005078103703703726
108 0.004247367901234558
109 0.006053530864197543
110 0.005611595061728409
111 0.005397590123456796
112 0.004462559662559647
113 0.009156661728395046
114 0.005267595061728392
115 0.007338706172839526
116 0.008002409876543281
117 0.005525056790123452
118 0.006115713580246908
119 0.0056286617283950935
120 0.004435753086419748
121 0.0039400599400599215
122 0.0033437037037036808
123 0.004856493827160486
124 0.006269056790123473
125 0.004484918518518517
126 0.004896296296296311
127 0.007744238065225726
128 0.005664790123456807
129 0.0030886320987654147
130 0.0077781333333333995
131 0.005697046913580236
132 0.0045172543209876575
133 0.004803417283950618
134 0.008211259259259245
135 0.005624316049382733
136 0.004132997530864185
137 0.005152296296296301
138 0.004154449382716016
139 0.004415782716049389
140 0.006344177777777789
141 0.004998951665618325
142 0.005828108641975324
143 0.004698311111111109
144 0.005618883950617285
145 0.005343574943574931
146 0.0035952197530863873
147 0.004141748148148136
148 0.0041333333333333075
149 0.005862933333333347
150 0.004734064197530839
151 0.0069130864197531165
152 0.007016829629629631
153 0.0065901037037037055
154 0.005009935802469134
155 0.009617481481481477
156 0.0031218370370370194
157 0.006029175308641997
158 0.005243022222222241
159 0.006310558024691355
160 0.005542933333333336
161 0.006054863654863679
162 0.006797353086419796
163 0.005674232098765437
164 0.005613807407407444
165 0.007984770370370374
166 0.004827812345678999
167 0.005743545679012355
168 0.005220345679012347
169 0.00556612345679013
170 0.005807150617283979
171 0.005234014814814816
172 0.005816316049382736
173 0.006058330864197542
174 0.005704987654320991
175 0.004554508641975312
176 0.005528750617283986
177 0.005986350617283971
178 0.00498723950617286
179 0.0036585481481481133
180 0.006134577777777788
181 0.004157491358024662
182 0.005706883950617285
183 0.005175960493827169
184 0.004766603640677698
185 0.004030498765432085
186 0.0053582617283950505
187 0.004791861728395064
188 0.005591721858388537
189 0.006358656790123478
190 0.005647723456790176
191 0.004909866666666661
192 0.0055110913580247115
193 0.009041758024691373
194 0.005553995061728381
195 0.0034152691358024347
196 0.005479822222222223
197 0.0062995358024691495
198 0.006663624691358067
199 0.006401264197530908
200 0.004329382716049371
201 0.004263565432098735
202 0.006158897892231227
203 0.006197353086419761
204 0.006274508641975344
205 0.004956485489818834
206 0.00495768888888887
207 0.006975644444444429
208 0.0052584098765432056
