# block  <|P|>
1 0.0
2 0.15833333333333355
3 0.16953333333333306
4 0.17426666666666682
5 0.17166666666666644
6 0.1718000000000004
7 0.19519999999999962
8 0.16486666666666658
9 0.1782
10 0.16289622956289654
11 0.15146666666666728
12 0.13912175648702624
13 0.17493333333333302
14 0.17613333333333367
15 0.16980000000000003
16 0.1826666666666672
17 0.1658666666666668
18 0.16519999999999993
19 0.15673333333333306
20 0.16529863196529818
21 0.14646666666666663
22 0.16153333333333333
23 0.1654000000000005
24 0.15586666666666704
25 0.1639999999999999
26 0.1599333333333336
27 0.16173333333333342
28 0.16319999999999987
29 0.1502000000000002
30 0.15846666666666764
31 0.1472000000000002
32 0.15473333333333367
33 0.15666666666666673
34 0.1654666666666669
35 0.17019999999999955
36 0.17713333333333353
37 0.1622666666666665
38 0.1684666666666667
39 0.17873333333333286
40 0.1801999999999999
41 0.16000000000000028
42 0.16660000000000003
43 0.15393333333333364
44 0.18466666666666695
45 0.1678666666666669
46 0.1609609609609611
47 0.15779999999999977
48 0.16546666666666707
49 0.1552000000000004
50 0.1605333333333338
51 0.16780000000000003
52 0.17786666666666745
53 0.18011344678011304
54 0.17653333333333293
55 0.18099999999999972
56 0.16246666666666723
57 0.16760000000000042
58 0.16453333333333278
59 0.15826666666666656
60 0.15880000000000044
61 0.17459999999999962
62 0.16006666666666616
63 0.16626666666666576
64 0.14973333333333338
65 0.17319999999999977
66 0.16639999999999983
67 0.16726666666666667
68 0.1634000000000002
69 0.1561999999999999
70 0.15759999999999996
71 0.1619333333333334
72 0.1776666666666668
73 0.18159999999999965
74 0.17440000000000047
75 0.16906666666666623
76 0.16366666666666696
77 0.17586666666666703
78 0.16486666666666636
79 0.1662666666666664
80 0.16953333333333304
81 0.1721999999999995
82 0.17246666666666693
83 0.1735333333333324
84 0.15080000000000002
85 0.17639999999999947
86 0.1654000000000006
87 0.17433333333333367
88 0.16426666666666698
89 0.16640000000000063
90 0.1822000000000004
91 0.1737333333333329
92 0.14473333333333374
93 0.17773333333333388
94 0.16473333333333376
95 0.15073333333333352
96 0.16646666666666668
97 0.1662337662337659
98 0.15373333333333386
99 0.16140000000000013
100 0.16106666666666675
101 0.15526666666666702
102 0.17290623957290646
103 0.18693333333333317
104 0.16239999999999963
105 0.15906666666666694
106 0.15586666666666665
107 0.16286666666666627
108 0.15633333333333388
109 0.1780000000000002
110 0.17113333333333355
111 0.16593333333333332
112 0.16203796203796159
113 0.20146666666666735
114 0.16893333333333327
115 0.1757333333333326
116 0.17613333333333417
117 0.17000000000000073
118 0.16186666666666727
119 0.17380000000000007
120 0.16173333333333348
121 0.15804195804195792
122 0.14846666666666697
123 0.17120000000000005
124 0.16046666666666673
125 0.15486666666666665
126 0.16553333333333317
127 0.18738738738738694
128 0.16640000000000005
129 0.1498666666666668
130 0.16826666666666676
131 0.17193333333333288
132 0.16493333333333302
133 0.15486666666666682
134 0.17313333333333286
135 0.1687333333333333
136 0.1551333333333338
137 0.15900000000000075
138 0.16299999999999995
139 0.16486666666666633
140 0.16359999999999972
141 0.15151515151515127
142 0.18386666666666704
143 0.1671999999999999
144 0.17373333333333268
145 0.16510156510156504
146 0.15306666666666666
147 0.16493333333333335
148 0.15746666666666687
149 0.1683333333333331
150 0.15866666666666654
151 0.18166666666666637
152 0.17633333333333295
153 0.16933333333333325
154 0.1705333333333334
155 0.18606666666666632
156 0.13886666666666708
157 0.18593333333333367
158 0.1518666666666663
159 0.1678666666666669
160 0.1635333333333338
161 0.16756576756576766
162 0.16626666666666642
163 0.16706666666666692
164 0.1608666666666664
165 0.1858000000000002
166 0.1738666666666668
167 0.17820000000000033
168 0.15239999999999992
169 0.1564666666666672
170 0.1632666666666663
171 0.16200000000000042
172 0.1668666666666671
173 0.16939999999999988
174 0.17513333333333342
175 0.1596
176 0.15513333333333312
177 0.17193333333333372
178 0.16393333333333307
179 0.15639999999999993
180 0.16979999999999995
181 0.16126666666666642
182 0.1653999999999996
183 0.16939999999999972
184 0.16576576576576563
185 0.14266666666666672
186 0.16560000000000039
187 0.16413333333333294
188 0.17302697302697265
189 0.16913333333333314
190 0.17013333333333355
191 0.15813333333333354
192 0.1726
193 0.1856666666666659
194 0.16526666666666656
195 0.15186666666666676
196 0.1563999999999998
197 0.16986666666666658
198 0.16493333333333263
199 0.1547999999999998
200 0.1569999999999999
201 0.1575333333333335
202 0.17049617049617055
203 0.16886666666666642
204 0.1728666666666665
205 0.1603063603063597
206 0.1716666666666671
207 0.1751999999999997
208 0.16313333333333296
