# r  Cs(r) [pure estimator]
0.075 -7.25815657744958e-6
0.22499999999999998 -7.919231021999074e-6
0.375 -5.7865223489675485e-6
0.525 -2.0377676529433658e-6
0.6749999999999999 -4.852539160768242e-6
0.825 -1.4709766774039369e-6
0.975 -6.414115017851433e-6
1.125 -5.51738834232387e-6
1.275 -4.941131805964103e-6
1.425 -7.190517979290425e-6
1.575 -5.749867072700175e-6
1.7249999999999999 -6.785556848291804e-6
1.875 -6.182415383521023e-6
2.025 -4.879910833606503e-6
2.175 -6.735207420253001e-6
2.3249999999999997 -4.624815333656495e-6
2.475 -3.3653399026291116e-6
2.625 -4.450051463258383e-6
2.775 -7.590482195399052e-6
2.925 -4.657415209705329e-6
3.0749999999999997 -1.8249592540584835e-6
3.225 -6.0720636694263965e-6
3.375 -3.7902866482926094e-6
3.525 -5.403431547746951e-6
3.675 -4.296670959657609e-6
3.8249999999999997 -6.031652632708787e-6
3.9749999999999996 -4.1834813087657485e-6
4.125 -6.379283209130516e-6
4.2749999999999995 -4.953374648894712e-6
4.425 -4.195021573571334e-6
4.575 -2.1378511499046444e-6
4.725 -7.504893426255747e-6
4.875 -2.1833015598514783e-6
5.0249999999999995 -3.73066117040337e-6
5.175 -4.979472918714405e-6
5.325 -3.663666040533765e-6
5.475 -6.972141797975335e-6
5.625 -4.496693872984876e-6
5.7749999999999995 -3.918417209317227e-6
5.925 -5.530504350676604e-6
6.075 -7.060494164992328e-6
6.225 -5.577794872379492e-6
6.375 -4.303722887682985e-6
6.5249999999999995 -4.9561282811045335e-6
6.675 -5.828899360615321e-6
6.825 -4.581600217943112e-6
6.975 -5.007568070019926e-6
7.125 -4.139230452823333e-6
7.2749999999999995 -7.1385694589176735e-6
7.425 -4.337603931806135e-6
7.574999999999999 -5.270217781120553e-6
7.725 -4.663701452141403e-6
7.875 -3.3023282999007814e-6
8.025 -4.148092501589585e-6
8.174999999999999 -3.1329208196214024e-6
8.325 -1.2420346097811992e-6
8.475 -2.159897331887525e-6
8.625 -4.148191421149039e-6
8.775 -3.743341274813688e-6
8.924999999999999 -8.89542525241199e-6
9.075 -5.7348838077854115e-6
9.225 -6.1601893718291245e-6
9.375 -5.703643905370851e-6
9.525 -3.065391945560415e-6
9.674999999999999 -2.2394888990185576e-6
9.825 -2.93147645078493e-6
9.975 -4.867103987590476e-6
10.125 -3.6118877706990618e-6
10.275 -3.463198813069414e-6
10.424999999999999 -4.172790954589916e-6
10.575 -5.288777933566977e-6
10.725 -2.6728425068908824e-6
10.875 -3.941009694907973e-6
11.025 -4.959536587640894e-6
11.174999999999999 -4.79950363681461e-6
11.325 -6.6669155559035515e-6
11.475 -3.7748364699189243e-6
11.625 -5.26099057849159e-6
11.775 -2.4789925938699024e-6
11.924999999999999 -6.106190986327651e-6
12.075 -4.2662243035237235e-6
12.225 -4.560475539739348e-6
12.375 -5.474947366567074e-6
12.525 -8.412789764333268e-6
12.674999999999999 -2.200846211918637e-6
12.825 -6.017880522280582e-6
12.975 -4.2701667448597315e-6
13.125 -3.2986047951731287e-6
13.275 -6.267466178177052e-6
13.424999999999999 -2.2757575352489575e-6
13.575 -5.036127471068329e-6
13.725 -5.9386878001788826e-6
13.875 -5.755359566808849e-6
14.025 -6.361085524007378e-6
14.174999999999999 -5.3200208367968315e-6
14.325 -5.605975039323109e-6
14.475 -1.3232491074020963e-6
14.625 -4.516897926273707e-6
14.774999999999999 -3.624334096520924e-6
14.924999999999999 -5.838260508529442e-6
