# P_value  count
-1.0 0.0
-0.9333333333333333 0.0
-0.8666666666666667 0.0
-0.8 0.0
-0.7333333333333333 5.0
-0.6666666666666666 8.0
-0.6 45.0
-0.5333333333333333 175.0
-0.4666666666666667 643.0
-0.4 1969.0
-0.3333333333333333 4628.0
-0.26666666666666666 9425.0
-0.2 16045.0
-0.13333333333333333 23032.0
-0.06666666666666667 28059.0
0.0 31568.0
0.06666666666666667 28158.0
0.13333333333333333 22136.0
0.2 15271.0
0.26666666666666666 8720.0
0.3333333333333333 4258.0
0.4 1939.0
0.4666666666666667 641.0
0.5333333333333333 205.0
0.6 55.0
0.6666666666666666 8.0
0.7333333333333333 3.0
0.8 0.0
0.8666666666666667 0.0
0.9333333333333333 0.0
1.0 0.0
