# P_value  count
-1.0 0.0
-0.96 0.0
-0.92 0.0
-0.88 0.0
-0.84 0.0
-0.8 0.0
-0.76 0.0
-0.72 3.0
-0.68 0.0
-0.64 0.0
-0.6 66.0
-0.56 107.0
-0.52 333.0
-0.48 435.0
-0.44 1021.0
-0.4 1586.0
-0.36 2283.0
-0.32 4136.0
-0.28 4761.0
-0.24 6426.0
-0.2 8069.0
-0.16 9881.0
-0.12 12122.0
-0.08 11914.0
-0.04 12882.0
0.0 14736.0
0.04 14712.0
0.08 13529.0
0.12 13297.0
0.16 9979.0
0.2 9128.0
0.24 6013.0
0.28 4529.0
0.32 2985.0
0.36 2102.0
0.4 2346.0
0.44 725.0
0.48 537.0
0.52 421.0
0.56 133.0
0.6 312.0
0.64 102.0
0.68 27.0
0.72 0.0
0.76 0.0
0.8 0.0
0.84 0.0
0.88 0.0
0.92 0.0
0.96 0.0
1.0 0.0
