# k values and corresponding S(k) [pure estimator]
0.0 1.7235696317923488
0.12566370614359174 1.1675560367818472
0.25132741228718347 1.033097597892049
0.3769911184307752 1.0082973289600423
0.5026548245743669 0.9753001939073559
0.6283185307179586 0.9818589291314971
0.7539822368615504 0.9510732446109084
0.8796459430051422 0.9456039971275504
1.0053096491487339 0.9744711543444835
1.1309733552923256 0.9682788422453115
1.2566370614359172 0.9779484847123434
1.3823007675795091 1.002117945628373
1.5079644737231008 0.9750433513628727
1.6336281798666925 0.9636678067787744
1.7592918860102844 0.9651989243970893
1.884955592153876 0.9703111975582025
2.0106192982974678 0.9820389327631093
2.1362830044410597 0.9713767383727389
2.261946710584651 0.9660351411196972
2.387610416728243 0.994462751106088
2.5132741228718345 0.9702876348739612
2.6389378290154264 0.9612906776870573
2.7646015351590183 0.9382746872082287
2.8902652413026098 0.9551828320600956
3.0159289474462017 0.9731097555469781
3.1415926535897936 0.9534879848336202
3.267256359733385 0.9750202900744945
3.392920065876977 0.9404274109689177
3.518583772020569 0.9645420345963404
3.6442474781641603 0.9904627965696396
3.769911184307752 0.9884050884458936
3.8955748904513436 0.9865329500985985
4.0212385965949355 0.9725788291906923
4.1469023027385274 0.9520442777413628
4.272566008882119 0.979268671734551
4.39822971502571 0.9543192955556757
4.523893421169302 0.9570666488110101
4.649557127312894 0.9693022621008692
4.775220833456486 0.9796560796890759
4.900884539600078 0.9676547554858499
5.026548245743669 0.9667734679826154
5.152211951887261 0.9570318454732123
5.277875658030853 0.9861478929164733
5.403539364174445 0.968961259318184
5.529203070318037 0.9795097871595877
5.6548667764616285 0.9807901271985273
5.7805304826052195 0.9885893150193449
5.906194188748811 0.9854998529118295
6.031857894892403 0.9680028485703067
6.157521601035995 0.9633904762383786
6.283185307179587 0.9599045883221033
6.408849013323178 0.9697233390521158
6.53451271946677 0.9577289071331007
6.660176425610362 0.985452477774949
6.785840131753954 0.9695853815441633
6.911503837897546 0.9686174592326816
7.037167544041138 0.9561731925690427
7.162831250184729 0.9815201674954452
7.288494956328321 0.9647211036500635
7.4141586624719125 0.9521075352304391
7.539822368615504 0.9483142380818992
7.665486074759096 0.9602111749118392
7.791149780902687 0.9550590741946974
7.916813487046279 0.9469012084762666
8.042477193189871 0.9960807635963723
8.168140899333462 0.9902919748433631
8.293804605477055 0.9749255794617909
8.419468311620646 0.9751612988993805
8.545132017764239 0.9480124056251623
8.67079572390783 0.9783203955046637
8.79645943005142 0.9485089817052902
8.922123136195014 0.94875022569676
9.047786842338605 0.9740080625668793
9.173450548482197 0.9470068124406803
9.299114254625788 0.9851200886150773
