# k  S_s(k)
0.0 0.0
0.15707963267948966 0.5644206020366171
0.3141592653589793 0.6883801316919792
0.47123889803846897 0.39108402716905966
0.6283185307179586 1.5871072110233329
0.7853981633974483 0.42090993295435275
0.9424777960769379 1.0320927111417149
1.0995574287564276 0.6083473197065875
1.2566370614359172 0.7691514508510997
1.413716694115407 0.9172904618851523
1.5707963267948966 1.614702747797734
1.7278759594743862 1.1377089581067794
1.8849555921538759 0.9273570492811439
2.0420352248333655 1.047831659979617
2.199114857512855 0.6763174237429243
2.356194490192345 0.8571364628274594
2.5132741228718345 1.1019968632745296
2.670353755551324 1.3029843596523198
2.827433388230814 1.0169099129961507
2.9845130209103035 1.005598812605221
3.141592653589793 1.1288046256813105
3.2986722862692828 1.0053403061722785
3.4557519189487724 1.0180396435018886
3.612831551628262 1.2522698169431388
3.7699111843077517 0.9168306035700495
3.9269908169872414 0.859337042403637
4.084070449666731 1.1042524223830115
4.241150082346221 1.154468111224989
4.39822971502571 1.072541507095464
4.5553093477052 1.023607771621577
4.71238898038469 1.399925220156734
4.869468613064179 1.0045275892778796
5.026548245743669 0.9942107208501367
5.183627878423159 1.1005538494060771
5.340707511102648 0.9404632339924862
5.497787143782138 0.8896698169188056
5.654866776461628 1.0802042573203412
5.811946409141117 0.9648070147789038
5.969026041820607 0.9676763021672391
6.126105674500097 0.9915169189896914
6.283185307179586 1.104176427284828
6.440264939859076 1.0869015394510824
6.5973445725385655 1.0380915512588957
6.754424205218055 1.0274793147927221
6.911503837897545 1.0528002891253154
7.0685834705770345 1.0084716872051676
7.225663103256524 1.0588977864669706
7.382742735936014 1.0031875356674242
7.5398223686155035 0.9534186822780989
7.696902001294993 1.0630947155011259
7.853981633974483 0.9109702449055055
8.011061266653972 1.049745614701173
8.168140899333462 0.9444931115556207
8.325220532012953 0.9868973607314194
8.482300164692441 0.9681662497376071
8.63937979737193 1.004492733586865
8.79645943005142 1.0529885650478892
8.953539062730911 1.0187112982858184
9.1106186954104 1.0441441178636395
9.267698328089889 0.9825732728421167
9.42477796076938 1.075877024454503
9.58185759344887 1.0115248823969654
9.738937226128359 1.078635530003124
9.896016858807847 1.0135697510214008
10.053096491487338 0.9606522229865254
10.210176124166829 0.9907962598876636
10.367255756846317 0.9613481167335168
10.524335389525806 0.968656921871952
10.681415022205297 0.9635178112141298
10.838494654884787 0.959434652956105
10.995574287564276 0.954946266843385
11.152653920243765 1.0297091673559329
11.309733552923255 0.9169226327923772
11.466813185602746 0.9664287806172226
11.623892818282235 0.9636071855596146
11.780972450961723 0.9610465428849387
11.938052083641214 0.9944768154637983
12.095131716320704 0.9547827924248233
12.252211349000193 1.0956009080226858
12.409290981679682 0.952120432479337
12.566370614359172 0.9651155530701927
12.723450247038663 1.029664677962115
12.880529879718152 1.0624252340601517
13.03760951239764 1.0075165258644743
13.194689145077131 0.8967864023222167
13.351768777756622 1.0504399605675656
13.50884841043611 1.0354851892314423
13.6659280431156 0.9803441445763668
13.82300767579509 0.9836801007718725
13.98008730847458 0.9666464200998975
14.137166941154069 1.004118125978097
14.294246573833558 0.9820201435368188
14.451326206513048 0.9528028671203278
14.608405839192539 0.951646074061025
14.765485471872028 1.0505265866587528
14.922565104551516 0.9535147995236549
15.079644737231007 1.0001107683967114
15.236724369910498 1.0169642372394385
15.393804002589986 0.9741999785997069
15.550883635269475 0.9725893260492561
