# k  S_n(k)
0.0 30.0
0.20943951023931953 0.7780017545062311
0.41887902047863906 0.5175240737095234
0.6283185307179586 2.3613685367419506
0.8377580409572781 0.9585422393501539
1.0471975511965976 0.9572176220826648
1.2566370614359172 1.0754418329371551
1.4660765716752366 1.15209196083676
1.6755160819145563 0.9284848187021477
1.8849555921538759 0.8533240835718955
2.0943951023931953 0.9453583315539852
2.3038346126325147 1.1123469699651445
2.5132741228718345 0.9692205061122617
2.722713633111154 0.7847811879206339
2.9321531433504733 0.9321935182657728
3.141592653589793 0.9790999309376416
3.3510321638291125 1.0042983189865604
3.560471674068432 0.8443554429908847
3.7699111843077517 0.9777992702314838
3.979350694547071 1.0510602782503544
4.1887902047863905 0.9751790789971182
4.39822971502571 1.0252488488687517
4.607669225265029 1.0585302232164404
4.817108735504349 1.0182589588813236
5.026548245743669 0.90495111901663
5.235987755982988 0.9043168128858747
5.445427266222308 0.9152187050997476
5.654866776461628 1.0937380220454425
5.864306286700947 0.9102133877331077
6.073745796940266 0.9776616400574705
6.283185307179586 0.9326492400642677
6.492624817418905 0.8604406381579196
6.702064327658225 1.0006806035125928
6.911503837897545 1.0075686584844066
7.120943348136864 0.9811783903022143
7.330382858376184 0.9075224673441068
7.5398223686155035 0.9924888729345244
7.749261878854822 0.962980150878971
7.958701389094142 0.8771211175052773
8.168140899333462 0.9901387774448785
8.377580409572781 1.0261032987083019
8.5870199198121 0.9437820797512514
8.79645943005142 1.0311608731159327
9.00589894029074 1.022235450236592
9.215338450530059 0.9647995293142194
9.42477796076938 0.922148258091228
9.634217471008698 1.0010945465605319
9.843656981248017 0.9375782470855666
10.053096491487338 1.0039761821432343
10.262536001726657 1.0030532703395332
10.471975511965976 0.9867153075559704
10.681415022205297 0.9444517568792188
10.890854532444616 1.0247361540356412
11.100294042683934 0.9721489203055477
11.309733552923255 0.9687676502790062
11.519173063162574 0.9727110315308642
11.728612573401893 0.9886409138314542
11.938052083641214 0.9783447309240539
12.147491593880533 0.9798699293759311
12.356931104119852 0.9758122899806596
12.566370614359172 0.9956488756978381
12.775810124598491 1.0246812091758175
12.98524963483781 1.0118454499862184
13.194689145077131 0.9802157325758009
13.40412865531645 0.976595329186579
13.613568165555769 0.9495503064940781
13.82300767579509 0.9933819918704845
14.032447186034409 1.0239295478699855
14.241886696273728 1.0030249796830712
14.451326206513048 0.9618522081279566
14.660765716752367 0.9987217854782215
14.870205226991686 1.0064370337899062
15.079644737231007 0.9649003049199492
15.289084247470326 0.9800153761638276
15.498523757709645 1.0234562241057445
15.707963267948966 0.9699678765037721
15.917402778188285 0.9988307536776097
16.126842288427603 1.0395521336418252
16.336281798666924 0.9754081968925552
16.54572130890624 0.9435556292589932
16.755160819145562 1.0092311441446284
16.964600329384883 0.976762072123601
17.1740398396242 1.062542452371718
17.38347934986352 1.0192542595262706
17.59291886010284 1.0006753524654046
17.80235837034216 0.9430752515168396
18.01179788058148 0.971682147043263
18.2212373908208 0.9439078294351537
18.430676901060117 0.9901369441782197
18.640116411299438 0.9829733701912045
18.84955592153876 0.9563429674973326
19.058995431778076 1.0291701645554605
19.268434942017397 0.9897230420567571
19.477874452256717 0.9793556412287309
19.687313962496034 1.0202622834954853
19.896753472735355 0.9771546113601347
20.106192982974676 0.9652684755077013
20.315632493213993 0.9937573116276659
20.525072003453314 1.026484632972332
20.734511513692635 0.9768356394913852
