# r  Cs(r) [pure estimator]
0.075 3.797253336231821e-5
0.22499999999999998 3.374636917223832e-5
0.375 3.566570024449718e-5
0.525 3.67905799573709e-5
0.6749999999999999 3.99361984474171e-5
0.825 3.7129038993780315e-5
0.975 3.4917254222183565e-5
1.125 3.6471835929543505e-5
1.275 3.52701932274736e-5
1.425 3.819269032175824e-5
1.575 3.256752436651721e-5
1.7249999999999999 3.595514550647492e-5
1.875 3.655691411536728e-5
2.025 3.463263573027805e-5
2.175 3.632127771432231e-5
2.3249999999999997 3.2707036526116676e-5
2.475 3.821933817257521e-5
2.625 3.595925996203972e-5
2.775 3.469999146487535e-5
2.925 3.803842078892863e-5
3.0749999999999997 3.618210393548204e-5
3.225 3.4720833793160776e-5
3.375 3.674993432065876e-5
3.525 3.707220331696144e-5
3.675 3.867722611716367e-5
3.8249999999999997 3.691688386062047e-5
3.9749999999999996 3.755631384753702e-5
4.125 3.44292099477113e-5
4.2749999999999995 3.175432945305298e-5
4.425 3.610637976653673e-5
4.575 3.389912020982496e-5
4.725 3.6003090399367165e-5
4.875 3.360098049807979e-5
5.0249999999999995 3.213673876769716e-5
5.175 3.8055438500235614e-5
5.325 3.601794387272965e-5
5.475 3.533999959016167e-5
5.625 3.7498507009446944e-5
5.7749999999999995 3.378299947993336e-5
5.925 3.22502085984989e-5
6.075 3.616408720741012e-5
6.225 3.598614762292141e-5
6.375 3.7445750218699634e-5
6.5249999999999995 3.335319000504481e-5
6.675 3.4884222812359844e-5
6.825 3.5989735084433126e-5
6.975 3.390012335484089e-5
7.125 3.487065055755068e-5
7.2749999999999995 3.913307332427837e-5
7.425 3.474211100688141e-5
7.574999999999999 3.427228265087023e-5
7.725 3.382666036002638e-5
7.875 3.6402056876906405e-5
8.025 3.4677329402715384e-5
8.174999999999999 3.6415987748653766e-5
8.325 3.403147658976951e-5
8.475 3.65601713934199e-5
8.625 3.6125635700781244e-5
8.775 3.379513775129514e-5
8.924999999999999 3.462733648851081e-5
9.075 3.86878758340989e-5
9.225 3.712777285534255e-5
9.375 3.5791519202241886e-5
9.525 3.5617422833768393e-5
9.674999999999999 3.3304447858501056e-5
9.825 3.3236827119213166e-5
9.975 3.495664347600153e-5
10.125 3.4058539210844904e-5
10.275 3.479834221963011e-5
10.424999999999999 3.611987088030819e-5
10.575 3.749225492849265e-5
10.725 3.4280955645144605e-5
10.875 3.345707842352139e-5
11.025 3.626848585170481e-5
11.174999999999999 3.564301667473149e-5
11.325 3.807293475154538e-5
11.475 3.594283224797607e-5
11.625 3.508334639068016e-5
11.775 3.315273375455706e-5
11.924999999999999 3.856233360487358e-5
12.075 3.4834693783661027e-5
12.225 3.607515287373318e-5
12.375 3.52027000350384e-5
12.525 3.6618350627902364e-5
12.674999999999999 3.6756931624374906e-5
12.825 3.5727652778339546e-5
12.975 3.428860869146614e-5
13.125 3.4548753202287326e-5
13.275 3.336692130916578e-5
13.424999999999999 3.6361902452598666e-5
13.575 3.3753966677688147e-5
13.725 3.635970564520139e-5
13.875 3.4306600308940835e-5
14.025 3.716756789372137e-5
14.174999999999999 3.575938038569452e-5
14.325 3.430577430470933e-5
14.475 3.454523873851189e-5
14.625 3.257279702359834e-5
14.774999999999999 3.742658220087622e-5
14.924999999999999 3.495121418717732e-5
