# k values and corresponding S(k) [pure estimator]
0.0 1.9702389234697923
0.20943951023931953 0.9691024977700229
0.41887902047863906 0.9716294257678467
0.6283185307179586 0.9728181378862186
0.8377580409572781 0.9687067129149816
1.0471975511965976 0.9703772983065575
1.2566370614359172 0.9677996528676647
1.4660765716752366 0.9721918677985291
1.6755160819145563 0.974165375682383
1.8849555921538759 0.9714831031955589
2.0943951023931953 0.9757240342144496
2.3038346126325147 0.9701869205755129
2.5132741228718345 0.9672179166002759
2.722713633111154 0.9681114485529536
2.9321531433504733 0.966858353721498
3.141592653589793 0.9664490111685938
3.3510321638291125 0.9709385222282003
3.560471674068432 0.9741615455677601
3.7699111843077517 0.9662259052496618
3.979350694547071 0.9687436338760139
4.1887902047863905 0.9673135001555273
4.39822971502571 0.9654956931743415
4.607669225265029 0.9698716265769659
4.817108735504349 0.9708310926637723
5.026548245743669 0.9727471191176907
5.235987755982988 0.9672927911418401
5.445427266222308 0.9728422791194231
5.654866776461628 0.9639440097950799
5.864306286700947 0.9679714475688959
6.073745796940266 0.972416165580632
6.283185307179586 0.9676968178512841
6.492624817418905 0.9652133052973146
6.702064327658225 0.975523634710178
6.911503837897545 0.9755012469051962
7.120943348136864 0.9729040771061469
7.330382858376184 0.9678290030602079
7.5398223686155035 0.965576108508948
7.749261878854822 0.9701832320887985
7.958701389094142 0.9752248900077148
8.168140899333462 0.9724122655561921
8.377580409572781 0.9770120137741581
8.5870199198121 0.9671787420479006
8.79645943005142 0.9746288922513352
9.00589894029074 0.9721657582533482
9.215338450530059 0.9680593536938237
9.42477796076938 0.9777304427887324
9.634217471008698 0.9739176954593147
9.843656981248017 0.9703359700626565
10.053096491487338 0.9724442174452536
10.262536001726657 0.9750381158026248
10.471975511965976 0.9711127840997399
10.681415022205297 0.9695804320424296
10.890854532444616 0.9698068911425407
11.100294042683934 0.9759921350627555
11.309733552923255 0.9699042304082627
11.519173063162574 0.9652189096535057
11.728612573401893 0.9682933749607925
11.938052083641214 0.9740924811495268
12.147491593880533 0.9719461077628727
12.356931104119852 0.9712538052621615
12.566370614359172 0.9695582488117352
12.775810124598491 0.9673458940850432
12.98524963483781 0.9695304483213179
13.194689145077131 0.9740540472685216
13.40412865531645 0.967193817129683
13.613568165555769 0.9695761375664878
13.82300767579509 0.9683548342261069
14.032447186034409 0.9705995564110168
14.241886696273728 0.9696435521255012
14.451326206513048 0.9697860951164194
14.660765716752367 0.97142887814007
14.870205226991686 0.9746738706578386
15.079644737231007 0.9651646414596341
15.289084247470326 0.9712517780779377
15.498523757709645 0.9739037786453644
