# r  Cs(r) [pure estimator]
0.075 0.00019309207900878854
0.22499999999999998 0.00019697138402125427
0.375 0.0001947842529398457
0.525 0.00019048878762607514
0.6749999999999999 0.00019693861580379244
0.825 0.00019589184902655865
0.975 0.00019342484241629735
1.125 0.0001912706946465853
1.275 0.00019109890416046357
1.425 0.00019344570472398356
1.575 0.00019454060034468704
1.7249999999999999 0.0001941540124766832
1.875 0.00019233819346656952
2.025 0.00019879710013827564
2.175 0.00019461374132821312
2.3249999999999997 0.0001955119074732175
2.475 0.00019917667578794355
2.625 0.00019094748486206853
2.775 0.00019469544709226088
2.925 0.00019481899913877636
3.0749999999999997 0.0001956425189270966
3.225 0.0001986072761748077
3.375 0.00019453286789684584
3.525 0.00018985562953396706
3.675 0.0001898762535863026
3.8249999999999997 0.0001954976042184058
3.9749999999999996 0.00018762566221104427
4.125 0.0001936123183863236
4.2749999999999995 0.0001961932742737777
4.425 0.00019533300973284017
4.575 0.00019079092095842742
4.725 0.0001966753580603358
4.875 0.00019337014021301158
5.0249999999999995 0.000196280799532636
5.175 0.00019721844061041874
5.325 0.0001969933635209615
5.475 0.00019186943254899036
5.625 0.00019637846948383756
5.7749999999999995 0.0001870139295751396
5.925 0.00019072235893269053
6.075 0.000188805527085139
6.225 0.0001887082534098767
6.375 0.00018721077375760827
6.5249999999999995 0.0001887809428565093
6.675 0.0001882981606975752
6.825 0.00019680060126236836
6.975 0.0001948309089063077
7.125 0.00019223162641808834
7.2749999999999995 0.00018995513279345568
7.425 0.00019324242944209236
7.574999999999999 0.00019111651321349933
7.725 0.00019107952268225634
7.875 0.0001907758439043273
8.025 0.00019538033522608183
8.174999999999999 0.0001905854473410913
8.325 0.0001894610519593752
8.475 0.00019184314264320416
8.625 0.00019328637836648458
8.775 0.00018804017282291537
8.924999999999999 0.00018823860982343678
9.075 0.0001893078661724248
9.225 0.00018879292765542867
9.375 0.0001940457080183413
9.525 0.00019234082717912
9.674999999999999 0.0001953254121347189
9.825 0.00019036084535100045
9.975 0.0001900390857404809
10.125 0.0001946292245869236
10.275 0.00018857796881311466
10.424999999999999 0.0001885296257706068
10.575 0.00018877893758945062
10.725 0.00018808856979221766
10.875 0.0001897555367959441
11.025 0.0001845569858674405
11.174999999999999 0.00019244991755376008
11.325 0.00018524657090743566
11.475 0.0001868016807278514
11.625 0.00019126008408178907
11.775 0.00019285716784410404
11.924999999999999 0.00018655756592419228
12.075 0.0001895072556907662
12.225 0.00019416018266209774
12.375 0.0001909146297522504
12.525 0.0001887631098884977
12.674999999999999 0.0001897750560235284
12.825 0.00019280425809491318
12.975 0.0001878671340735067
13.125 0.0001901368433599232
13.275 0.0001932344139945339
13.424999999999999 0.00019052780000971447
13.575 0.00019425165057747603
13.725 0.00019018274294036648
13.875 0.00019511849677817576
14.025 0.00019181453593784155
14.174999999999999 0.0001899860117710168
14.325 0.00019355994191522244
14.475 0.00018765375234126947
14.625 0.0001869127590538527
14.774999999999999 0.0001890740138957926
14.924999999999999 0.00018848670175278793
