# k  S_n(k)
0.0 10.0
0.6283185307179586 0.7248923914187531
1.2566370614359172 0.9949178599040354
1.8849555921538759 0.9873616194664875
2.5132741228718345 0.9408897313819488
3.141592653589793 0.8266467703376474
3.7699111843077517 0.9631645519935382
4.39822971502571 1.060952963887014
5.026548245743669 1.0329538120728297
5.654866776461628 1.0210330232552933
6.283185307179586 0.9546952103982875
6.911503837897545 0.9867880225145976
7.5398223686155035 1.000519191820473
8.168140899333462 0.9753445842922708
8.79645943005142 0.992164932441009
9.42477796076938 0.9725616578665073
10.053096491487338 0.9757951200169526
10.681415022205297 1.000179320738905
11.309733552923255 0.992105710140478
11.938052083641214 0.9943320837588359
12.566370614359172 1.01470147862223
13.194689145077131 1.009973048357325
13.82300767579509 0.9736311930704089
14.451326206513048 1.0201852677148922
15.079644737231007 0.9833340285084107
15.707963267948966 1.0053009060869773
16.336281798666924 0.9960384080806992
16.964600329384883 0.9771795595118887
17.59291886010284 0.9930426733298207
18.2212373908208 1.0198578518788628
18.84955592153876 0.976067671524981
19.477874452256717 1.007187200581617
20.106192982974676 1.0123471404619546
20.734511513692635 0.9891889254237193
21.362830044410593 0.9985788741051658
21.991148575128552 1.0120896584376649
22.61946710584651 0.9894003577806544
23.24778563656447 1.0135252217878348
23.876104167282428 1.0170631862092852
24.504422698000386 1.0279917713337756
25.132741228718345 0.9980908736752333
25.761059759436304 0.9902316998336516
26.389378290154262 0.9966368811828628
27.01769682087222 1.0060076403477543
27.64601535159018 0.9748183418745692
28.274333882308138 0.9859789751603641
28.902652413026097 1.0134502792124809
29.530970943744055 1.0292856142963431
30.159289474462014 0.9711903968862853
30.787608005179973 0.9916793645681832
31.41592653589793 1.0156176842863178
32.044245066615886 1.0177874413346162
32.67256359733385 0.9973173602330015
33.30088212805181 0.9700654842456958
33.929200658769766 0.9868876125751598
34.55751918948772 1.012460206814574
35.18583772020568 1.0037700985571023
35.814156250923645 0.9726601315656567
36.4424747816416 0.9666390602506675
37.070793312359555 1.0173419913103838
37.69911184307752 0.9947074196322657
38.32743037379548 0.9795946616465584
38.955748904513435 1.0024757577444592
39.58406743523139 1.000434615769983
40.21238596594935 1.0319089253751301
40.840704496667314 0.987540403329496
41.46902302738527 1.0083092103551092
42.097341558103224 1.0036979205851457
42.725660088821186 0.986746934277538
43.35397861953915 0.9792505697574635
43.982297150257104 0.9909082395943877
44.61061568097506 1.023435585114033
45.23893421169302 0.9798120313294596
45.86725274241098 0.9889188349529454
46.49557127312894 0.9707127062401901
47.12388980384689 0.9974593398044811
47.752208334564855 0.9853330648028565
48.38052686528282 0.990722145323226
49.00884539600077 0.9899127649442653
49.63716392671873 0.9915061909237581
50.26548245743669 1.0066105312993885
50.89380098815465 1.0206042316127388
51.52211951887261 1.0165630915999884
52.15043804959056 1.0129165029558473
52.778756580308524 1.0255151726415337
53.40707511102649 1.023713340015223
54.03539364174444 0.9892495864375712
54.6637121724624 0.9810940996918175
55.29203070318036 0.9826161212918691
55.92034923389832 0.9882106204780428
56.548667764616276 1.0062634885783563
57.17698629533423 0.9729276693532968
57.80530482605219 1.004320132277433
58.433623356770156 1.0092756359314325
59.06194188748811 0.9759573065501731
59.690260418206066 1.0037256590216739
60.31857894892403 1.0186429881002608
60.94689747964199 0.9907975206913152
61.575216010359945 1.0129314838848902
62.2035345410779 1.001783875899541
