0.075 -0.012887034442408659
0.22499999999999998 -0.044590812808262596
0.375 -0.049746604500304076
0.525 -0.07003649778266159
0.6749999999999999 -0.0520929801815151
0.825 -0.005207096845670512
0.975 -0.061682794155305
1.125 -0.06038472775360202
1.275 -0.028733205074061907
1.425 -0.05454435690784509
1.575 -0.0362866370117604
1.7249999999999999 -0.0295559889767137
1.875 -0.01073826587913997
2.025 -0.041093327436939775
2.175 -0.04517208021118562
2.3249999999999997 -0.06674771429047247
2.475 -0.07377962196127781
2.625 -0.043087649911779
2.775 -0.029154690963647246
2.925 -0.0765757448594209
3.0749999999999997 -0.05167383159821136
3.225 -0.11632847836009792
3.375 -0.08981798015081408
3.525 -0.09519187635088291
3.675 -0.08679233206387814
3.8249999999999997 -0.09013202236054395
3.9749999999999996 -0.10011750881316099
4.125 -0.10375127894279794
4.2749999999999995 -0.0599057511864804
4.425 -0.058176257438250056
4.575 -0.027368352173272915
4.725 -0.0056600758601549166
4.875 0.01793180954269754
5.0249999999999995 -0.016753312984769023
5.175 -0.047759464237249596
5.325 -0.028257107932627434
5.475 -0.05241174344351179
5.625 -0.0007109341674960899
5.7749999999999995 -0.045240193577314965
5.925 -0.05414804569765676
6.075 -0.038029717077142276
6.225 -0.029526555513768753
6.375 -0.02288646291829342
6.5249999999999995 -0.036689150854188994
6.675 -0.06048396451854888
6.825 -0.019391602859973427
6.975 -0.027986003169960413
7.125 -0.020512330197768575
7.2749999999999995 -0.026701419055893426
7.425 -0.03623178061071536
7.574999999999999 -0.06660474305386617
7.725 -0.09563398692810457
7.875 -0.07050561797752809
8.025 -0.050907236027107776
8.174999999999999 -0.10040416932567539
8.325 -0.14439369590346499
8.475 -0.14326977841664182
8.625 -0.1516199826344972
8.775 -0.1305875168954847
8.924999999999999 -0.10906461678971002
9.075 -0.10245187492282151
9.225 -0.07938526021655606
9.375 -0.07410607050296045
9.525 -0.07515698989388235
9.674999999999999 -0.1120976692563818
9.825 -0.0909078592621696
9.975 -0.04296387268447446
10.125 -0.04456018929731189
10.275 -0.043335600255203985
10.424999999999999 -0.09751553225236707
10.575 -0.07137536017991426
10.725 -0.054882525697503674
10.875 -0.05246811183973685
11.025 -0.023087991145545102
11.174999999999999 -0.023602962667255967
11.325 -0.03418745633606022
11.475 -0.041628869594383416
11.625 -0.04240555127216654
11.775 -0.034156177441036294
11.924999999999999 0.02875941685005896
12.075 0.026644831306318544
12.225 0.027665484767045327
12.375 0.0126890318094907
12.525 0.04544212731080958
12.674999999999999 0.07850473117273847
12.825 0.056741082068801144
12.975 0.05993830578185557
13.125 0.03573355857441168
13.275 -0.0230373627086747
13.424999999999999 0.0031862764192173757
13.575 0.04952936952687199
13.725 0.07550055509405544
13.875 0.09191497922453748
14.025 0.08338183604822556
14.174999999999999 0.1007422954057933
14.325 0.06421154943919033
14.475 0.07111635220125787
14.625 0.11270032334961883
14.774999999999999 0.08968465893518555
14.924999999999999 0.09360833360126034
