# k  S_n(k)
0.0 80.0
0.07853981633974483 0.6407103667221189
0.15707963267948966 0.6072183894731161
0.23561944901923448 0.3240563697704635
0.3141592653589793 0.3584953674247425
0.39269908169872414 0.1973968505894589
0.47123889803846897 0.4356626711016722
0.5497787143782138 0.44293475300959056
0.6283185307179586 0.2246413251852717
0.7068583470577035 0.5896726482058554
0.7853981633974483 0.2975098299091962
0.8639379797371931 1.9519030944733213
0.9424777960769379 1.9447112539404
1.0210176124166828 0.911328343857083
1.0995574287564276 1.4438522625408488
1.1780972450961724 1.8485511440820286
1.2566370614359172 2.0934414880569197
1.335176877775662 0.6342426408148956
1.413716694115407 0.842618867433477
1.4922565104551517 2.0478334322364278
1.5707963267948966 0.5212712017569298
1.6493361431346414 0.7626270043708994
1.7278759594743862 1.0981025760811365
1.806415775814131 0.8909561486423456
1.8849555921538759 0.6469954979818269
1.9634954084936207 1.2995381721800345
2.0420352248333655 0.6976171898158869
2.1205750411731104 0.8044727213598851
2.199114857512855 1.0551858465488517
2.2776546738526 0.6486959671913025
2.356194490192345 0.7663837442733495
2.4347343065320897 0.7620014568072254
2.5132741228718345 0.9510665690456206
2.5918139392115793 0.6857437224376427
2.670353755551324 1.1791205092447392
2.748893571891069 0.8969191311925834
2.827433388230814 0.824800693885294
2.9059732045705586 1.0596875066465734
2.9845130209103035 1.1211515969580037
3.0630528372500483 1.0874062016564707
3.141592653589793 1.0153586718457925
3.220132469929538 0.5857909576272058
3.2986722862692828 1.488972803066141
3.3772121026090276 0.7945431161476618
3.4557519189487724 1.0364604513031788
3.5342917352885173 0.8221741108670044
3.612831551628262 0.846154922952944
3.691371367968007 0.8158062573349049
3.7699111843077517 1.0496457116563431
3.8484510006474966 1.0294107356883926
3.9269908169872414 1.2844631813335985
4.005530633326986 0.9014634357309302
4.084070449666731 0.9160817805872208
4.162610266006476 1.172629877321747
4.241150082346221 1.0479853589102113
4.319689898685965 1.09846614117813
4.39822971502571 0.8796551810621941
4.476769531365456 1.0904094197118153
4.5553093477052 0.8771793078272043
4.633849164044944 0.9325315010030778
4.71238898038469 1.0530463163113875
4.790928796724435 0.8851251139720279
4.869468613064179 1.0125897308120138
4.948008429403924 1.221147058521653
5.026548245743669 0.9626082524038236
5.105088062083414 0.9529246870129434
5.183627878423159 0.9565060511048048
5.262167694762903 0.9757564451988883
5.340707511102648 1.1692893762292
5.419247327442394 0.8478137564748106
5.497787143782138 0.9141869937903533
5.576326960121882 1.0204000383577436
5.654866776461628 0.852037652504407
5.733406592801373 0.8655444869246947
5.811946409141117 1.0130764715971574
5.890486225480862 0.8586545103210018
5.969026041820607 1.0726115579240627
6.047565858160352 1.005254136989055
6.126105674500097 0.9903474646137274
6.204645490839841 1.1990723448392433
6.283185307179586 1.0610739608591764
6.3617251235193315 0.9690490603958262
6.440264939859076 1.0419109335117176
6.51880475619882 1.1372543986569392
6.5973445725385655 0.9937988389119407
6.675884388878311 0.9430451646616469
6.754424205218055 0.9243832341596151
6.8329640215578 0.9448725204366591
6.911503837897545 0.9527811628707414
6.99004365423729 0.9178510444808788
7.0685834705770345 1.0924073361709903
7.147123286916779 1.1009740308120477
7.225663103256524 0.9500971704995611
7.304202919596269 1.0205624947507432
7.382742735936014 0.8889468444107078
7.461282552275758 1.0248832909429535
7.5398223686155035 1.0897128395934377
7.618362184955249 1.0718982868258116
7.696902001294993 1.0388381553711914
7.7754418176347375 1.028560361049063
