block_size         error    difference      rel_diff
-------------------------------------------------------
       2  1.134747e-06  4.692570e-07  4.135346e-01
       4  1.604004e-06  6.624759e-07  4.130140e-01
       8  2.266480e-06  9.336861e-07  4.119543e-01
      16  3.200166e-06  1.311854e-06  4.099331e-01
      32  4.512019e-06  1.832470e-06  4.061307e-01
      64  6.344489e-06  2.532088e-06  3.991004e-01
     128  8.876577e-06  3.430753e-06  3.864950e-01
     256  1.230733e-05  4.475260e-06  3.636256e-01
     512  1.678259e-05  5.386387e-06  3.209509e-01
    1024  2.216898e-05  5.855291e-06  2.641209e-01
    2048  2.802427e-05  4.897978e-06  1.747763e-01
    4096  3.292225e-05  2.714169e-06  8.244179e-02
    8192  3.563642e-05  3.542677e-06  9.941172e-02
   16384  3.917909e-05  8.710832e-07  2.223337e-02
   32768  4.005018e-05  -3.888563e-06  9.709229e-02
   65536  3.616161e-05  -1.326486e-06  3.668217e-02
  131072  3.483513e-05           ---           ---
