# k values and corresponding S(k) [pure estimator]
0.0 24.11070964205569
0.07853981633974483 1.0047181649293642
0.15707963267948966 0.8932053159737038
0.23561944901923448 0.9055701584143351
0.3141592653589793 0.8716095487163448
0.39269908169872414 0.8937945840689233
0.47123889803846897 0.945456946106291
0.5497787143782138 0.9311955494377743
0.6283185307179586 0.9626854463825624
0.7068583470577035 0.9787671242388789
0.7853981633974483 0.9228207735933027
0.8639379797371931 0.9772301886990123
0.9424777960769379 0.9077932602179191
1.0210176124166828 0.9301394759609494
1.0995574287564276 0.94612786723551
1.1780972450961724 0.9860281913426123
1.2566370614359172 0.9086210289857318
1.335176877775662 1.019730698645022
1.413716694115407 0.982428533105273
1.4922565104551517 1.0047751198443966
1.5707963267948966 0.9565810085338654
1.6493361431346414 1.000401803219969
1.7278759594743862 0.9589316193257642
1.806415775814131 0.9584044536898793
1.8849555921538759 0.9370984622670002
1.9634954084936207 0.9801015044122968
2.0420352248333655 0.9588597185003986
2.1205750411731104 0.9575370654260169
2.199114857512855 1.021220443593593
2.2776546738526 0.9573423037811077
2.356194490192345 0.9470501220298915
2.4347343065320897 0.989677522895403
2.5132741228718345 0.9146861722164734
2.5918139392115793 0.958909112217708
2.670353755551324 0.9594575151922012
2.748893571891069 0.9336693607060705
2.827433388230814 0.930443690033225
2.9059732045705586 1.032954370729988
2.9845130209103035 0.949726875434621
3.0630528372500483 0.9559352793119443
3.141592653589793 0.9586509108645559
3.220132469929538 0.9215454180603676
3.2986722862692828 0.9877643439548007
3.3772121026090276 0.9595637922521099
3.4557519189487724 0.9680026459778946
3.5342917352885173 1.0233433810009291
3.612831551628262 0.9751791346209063
3.691371367968007 0.9321724095899421
3.7699111843077517 0.9614651565203917
3.8484510006474966 0.9861582486983601
3.9269908169872414 0.9802405850233677
4.005530633326986 0.9873446345452425
4.084070449666731 0.9747614268872877
4.162610266006476 0.9435246129864531
4.241150082346221 0.9786167833738899
4.319689898685965 0.9940204802922087
4.39822971502571 0.9253207609359108
4.476769531365456 0.9939797405123344
4.5553093477052 0.9667577743124451
4.633849164044944 0.9585086045232238
4.71238898038469 0.915743212944069
4.790928796724435 0.9746140579947828
4.869468613064179 1.0526040420551617
4.948008429403924 0.9518488520001676
5.026548245743669 1.0018901036084462
5.105088062083414 0.9798240824774672
5.183627878423159 0.9809452956425224
5.262167694762903 0.9697798700962628
5.340707511102648 0.9925058391042683
5.419247327442394 1.00215377505567
5.497787143782138 0.966096977730861
5.576326960121882 0.9656695497108968
5.654866776461628 1.0014679713592738
5.733406592801373 0.9294361879000101
5.811946409141117 0.9571871266065141
