# r  Cs(r) [pure estimator]
0.075 0.0007403418948897523
0.22499999999999998 0.0007584513151708133
0.375 0.0007410147314719513
0.525 0.0007649539174359935
0.6749999999999999 0.0007568232858564612
0.825 0.0007533421361815729
0.975 0.0007385813260115943
1.125 0.0007582228611460677
1.275 0.0007606790500161524
1.425 0.0007302014446467386
1.575 0.0007415086686710525
1.7249999999999999 0.0007387629904614052
1.875 0.0007295858504312867
2.025 0.0007278495170722389
2.175 0.0007467252792592996
2.3249999999999997 0.0007280717524233621
2.475 0.0007268505011793727
2.625 0.000710803077817611
2.775 0.0007510362506277926
2.925 0.0007510138579852719
3.0749999999999997 0.0007343800798480768
3.225 0.000738962874458157
3.375 0.0007437873371254984
3.525 0.0007397102979829004
3.675 0.0007399480480633115
3.8249999999999997 0.0007453728390001335
3.9749999999999996 0.000743130754519358
4.125 0.000749454281430288
4.2749999999999995 0.0007325288669552286
4.425 0.0007475564052654476
4.575 0.0007382584490112401
4.725 0.0007363314979950708
4.875 0.0007386194350186279
5.0249999999999995 0.0007368411138750662
5.175 0.0007599491610629287
5.325 0.0007288403111245949
5.475 0.0007660849117454023
5.625 0.0007331951658909664
5.7749999999999995 0.0007418955651594883
5.925 0.0007314399513993934
6.075 0.0007331647409937269
6.225 0.0007238708887098684
6.375 0.0007650881075283813
6.5249999999999995 0.0007404152759018101
6.675 0.0007394295407222017
6.825 0.0007603321257389112
6.975 0.0007367521701593004
7.125 0.0007312064378518575
7.2749999999999995 0.0007212906111795661
7.425 0.0007504425677548311
7.574999999999999 0.0007322322630895449
7.725 0.0007605786098914853
7.875 0.0007463533780002363
8.025 0.0007298635692789626
8.174999999999999 0.0007382335033213651
8.325 0.000733897790963712
8.475 0.0007496699738362142
8.625 0.0007346273392541936
8.775 0.0007424290681430434
8.924999999999999 0.000763326683212967
9.075 0.0007288727797205046
9.225 0.0007364085022409254
9.375 0.0007288995063109384
9.525 0.0007493414387158001
9.674999999999999 0.0007262939066105215
9.825 0.0007457300641953168
9.975 0.0007268765723140841
10.125 0.0007444081091448034
10.275 0.0007280040126635356
10.424999999999999 0.0007483022514810367
10.575 0.0007325889617020894
10.725 0.0007511590700597702
10.875 0.000768550977237344
11.025 0.0007327275709071616
11.174999999999999 0.0007448163663550089
11.325 0.0007403232357376935
11.475 0.0007296247336650886
11.625 0.0007351343353563025
11.775 0.0007347945196506718
11.924999999999999 0.0007501399222115945
12.075 0.00072159995063575
12.225 0.000737174854052438
12.375 0.0007408460597812282
12.525 0.0007331791028837587
12.674999999999999 0.0007237785430600112
12.825 0.000748749399237926
12.975 0.000725495506221558
13.125 0.0007339607310610122
13.275 0.0007365770217559522
13.424999999999999 0.0007310396848365982
13.575 0.0007387849746801235
13.725 0.0007309497802185678
13.875 0.0007367428170786757
14.025 0.0007342159295447377
14.174999999999999 0.0007396499807991129
14.325 0.0007435932647112216
14.475 0.0007358025124950155
14.625 0.0007294157180607302
14.774999999999999 0.000743841271277335
14.924999999999999 0.0007433990908971836
