# block  <P^2>
1 0.0
2 0.6223644444444498
3 0.7798266666666629
4 0.8056646626586449
5 0.5655555555555549
6 0.8249671894116244
7 0.6748857839875726
8 0.6010222222222203
9 0.7278622222222175
10 0.7561244444444465
11 0.5670044444444446
12 0.7718237318237249
13 0.6455111111111103
14 0.7665555555555519
15 0.7295999999999868
16 0.6961066666666653
17 0.7792399999999924
18 0.7823554223554249
19 0.801902222222225
20 0.5740533333333304
21 0.7184815184815179
22 0.7037185037185214
23 0.8483294483294377
24 0.6840936840936788
25 0.7883822222222132
26 0.7102444444444378
27 0.8273066666666621
28 0.7794711111111094
29 0.6858044444444442
30 0.6770088888888889
31 0.7705422222222212
32 0.7690223556890173
33 0.7276444444444454
34 0.779631111111102
35 0.8154311111111044
36 0.704711111111111
37 0.8341288888888823
38 0.7280658436214008
39 0.7410044444444406
40 0.7024936047158202
41 0.6650933333333323
42 0.5712645979312685
43 0.6066422466422371
44 0.7814311111111147
45 0.656608888888894
46 0.6839955555555559
47 0.6021555555555513
48 0.6397330663997287
49 0.6750977777777658
50 0.8217382617382556
51 0.7462755555555526
52 0.5715555555555493
53 0.644684444444459
54 0.7673955555555553
55 0.5885174062951796
56 0.6394355555555583
57 0.7434965034965016
58 0.5684533333333301
59 0.5029223440788791
60 0.8358352758352765
61 0.5765422222222194
62 0.6616399999999977
63 0.7029562896229561
64 0.9151911111111104
65 0.7580907980907943
66 0.7451999999999953
67 0.7248799999999949
68 0.6762355555555508
69 0.8181866666666737
70 0.7475066666666598
71 0.6711999999999968
72 0.7503555555555534
73 0.8300666666666598
74 0.650204444444431
75 0.6170666666666743
76 0.5991511111111039
77 0.7696533333333325
78 0.67646222222222
79 0.9239644444444439
80 0.6722610722610696
81 0.643408888888894
82 0.6657999999999877
83 0.8285155555555486
84 0.6459244444444388
85 0.8617061505950322
86 0.7825200000000051
87 0.6999066666666675
88 0.7094044444444455
89 0.5850177777777752
90 0.6400088977866746
91 0.6083817150483849
92 0.7505155555555523
93 0.6303074703074713
94 0.5390088888888976
95 0.759079079079078
96 0.4895384273162126
97 0.7625111111111043
98 0.6758091424758021
99 0.8123511111111084
100 0.6545644444444408
101 0.7689199999999956
102 0.7496266666666607
103 0.6034256478700876
104 0.6089644444444392
105 0.714106666666663
106 0.8952799999999874
107 0.7864799999999897
108 0.6428444444444382
109 0.7088799999999995
110 0.6966088888888873
111 0.5995822222222222
112 0.6470088888888957
113 0.6311733333333355
114 0.6100266666666689
115 0.7634666666666681
116 0.7020977777777773
117 0.8003199999999953
118 0.7565911111111193
119 0.6053777777777692
120 0.7448799999999937
121 0.688849008529961
122 0.6691955555555522
123 0.8183650316983585
124 0.6901809301809226
125 0.6185199999999967
126 0.6963333333333359
127 0.6516900467601876
128 0.651093333333337
129 0.6137329337329314
130 0.7691688888888847
131 0.6750666666666686
132 0.5705955555555561
133 0.7011911111111119
134 0.7943022222222157
135 0.7489066666666593
136 0.7852266666666573
137 0.6333978422867378
138 0.5684133333333379
139 0.6947066666666709
140 0.6865155555555503
141 0.702915555555554
142 0.6708933333333215
143 0.6132888443999489
144 0.7725199999999943
145 0.7554799999999953
146 0.7714666666666649
147 0.8325896325896277
148 0.7379244444444438
149 0.542799999999995
150 0.6091022222222245
151 0.8694416694416673
152 0.8022555889222451
153 0.7449422222222145
154 0.5620933333333306
155 0.7063329996663237
156 0.6461066666666567
157 0.6410444444444465
158 0.6312531912531872
159 0.7085333333333416
160 0.6206622222222247
161 0.7398687576465293
162 0.7275377777777733
163 0.7794755555555479
164 0.6141600000000002
165 0.7334088888888896
166 0.6477610609606625
167 0.6737822222222201
168 0.7089200000000132
169 0.7944577777777715
170 0.7495451006562076
171 0.5969555555555583
172 0.8416044444444377
173 0.8230355555555479
174 0.6789155555555584
175 0.668891113335549
176 0.5998179598179579
177 0.6563303363303343
178 0.791639999999996
179 0.739791111111103
180 0.5022666222666284
181 0.6841333333333454
182 0.5871866666666622
183 0.6958711111111179
184 0.6859259259259259
185 0.7065822222222133
186 0.6725688888888824
187 0.6839288888888843
188 0.9196133333333327
189 0.908928888888884
190 0.7018844444444412
191 0.6451955555555546
192 0.8044177777777725
193 0.7102791680569447
194 0.7018044444444307
195 0.8144622222222104
196 0.6646888888888922
197 0.760213333333336
198 0.6788977777777829
199 0.5791288888888919
200 0.680764444444442
201 0.6680235791346815
202 0.8286868686868619
203 0.579550238174366
204 0.6243155555555546
205 0.6171866666666622
206 0.6305866666666571
207 0.7592703814925996
208 0.6496096096096147
