0.125 0.03925627062513847
0.375 0.013159939280207499
0.625 0.011145386148669353
0.875 -0.018831102714077227
1.125 -0.0066892987942538925
1.375 -0.03316649337879118
1.625 -0.060130615455736586
1.875 -0.09497511420194996
2.125 -0.10989025061790055
2.375 -0.09986194201564658
2.625 -0.10290643961786602
2.875 -0.10103692463328275
3.125 -0.056903615245483666
3.375 -0.07471708056122785
3.625 -0.08901426314093074
3.875 -0.04393670268536513
4.125 0.014045947856569823
4.375 -0.004236338664564754
4.625 0.041499450827982426
4.875 -0.016905469159531714
5.125 -0.003029166068925943
5.375 -0.0023831226594331024
5.625 -0.014921031467634025
5.875 0.011669882704941136
6.125 0.030324787998455203
6.375 -0.008365042843748938
6.625 -0.03844907776026709
6.875 -0.021614542996747258
7.125 -0.0011610273228429976
7.375 -0.008465932575849938
7.625 -0.022128003920697064
7.875 0.000587179905398793
8.125 -0.010478414142206663
8.375 -0.023556767681157845
8.625 -0.04509690278622015
8.875 -0.02318280881240331
9.125 0.012546830023288444
9.375 0.007765382238038371
9.625 -0.01935603837504576
9.875 0.004554588077695914
10.125 -0.011872180009339407
10.375 0.027135842188976047
10.625 -0.01783903036577988
10.875 -0.08559294745220028
11.125 -0.09087164302067693
11.375 -0.07702602795367743
11.625 -0.054688857539192844
11.875 -0.07366494021865815
12.125 -0.07976178964911183
12.375 -0.06820850162628572
12.625 -0.09115170630303765
12.875 -0.046766845646925306
13.125 -0.0707121538605672
13.375 -0.06907296669574264
13.625 -0.073545587798205
13.875 -0.026670375024211934
14.125 -0.043983302981931545
14.375 -0.05275075347064978
14.625 -0.05465515564949055
14.875 -0.03869875208280669
15.125 -0.04859192457470793
15.375 -0.02604271902704468
15.625 -0.025773513607675505
15.875 -0.025005857251540656
16.125 -0.059641794475270626
16.375 -0.027491940821075554
16.625 -0.07699897897533448
16.875 -0.0658032997925939
17.125 -0.09309782365822049
17.375 -0.08085625672780757
17.625 -0.09929317803660566
17.875 -0.04398436986931109
18.125 -0.01546870850668319
18.375 -0.031203516915358356
18.625 0.019455949484510918
18.875 0.03064128467342309
19.125 0.05245080840669095
19.375 0.062252318503084526
19.625 0.07716998379523829
19.875 0.06928183370814303
20.125 0.03604288608447599
20.375 0.07372362495572535
20.625 0.09507515121563404
20.875 0.08421987501052443
21.125 0.02522012760183608
21.375 -0.005692084063523115
21.625 -0.03257128192374547
21.875 -0.027696246226160216
22.125 -0.05128642530304246
22.375 0.009290428764957687
22.625 -0.005742810333588625
22.875 -0.002125639537950314
23.125 0.00959489139059576
23.375 0.021947355254746087
23.625 0.02629293284665113
23.875 0.02791641558736344
24.125 0.028174290546682607
24.375 0.08420079170848888
24.625 0.0627066225871814
24.875 -0.0027971439392876682
