block_size         error    difference      rel_diff
-------------------------------------------------------
       2  3.406029e-07  1.410676e-07  4.141703e-01
       4  4.816704e-07  1.994809e-07  4.141440e-01
       8  6.811514e-07  2.820554e-07  4.140863e-01
      16  9.632068e-07  3.987487e-07  4.139804e-01
      32  1.361956e-06  5.635567e-07  4.137849e-01
      64  1.925512e-06  7.960745e-07  4.134352e-01
     128  2.721587e-06  1.123542e-06  4.128261e-01
     256  3.845129e-06  1.583217e-06  4.117462e-01
     512  5.428346e-06  2.227015e-06  4.102566e-01
    1024  7.655361e-06  3.119252e-06  4.074599e-01
    2048  1.077461e-05  4.326158e-06  4.015140e-01
    4096  1.510077e-05  5.847349e-06  3.872219e-01
    8192  2.094812e-05  7.386973e-06  3.526318e-01
   16384  2.833509e-05  6.701774e-06  2.365185e-01
   32768  3.503687e-05  6.546778e-06  1.868540e-01
   65536  4.158365e-05  7.947317e-06  1.911164e-01
  131072  4.953096e-05           ---           ---
