# P_value  count
-1.0 0.0
-0.9666666666666667 3.0
-0.9333333333333333 62.0
-0.9 165.0
-0.8666666666666667 141.0
-0.8333333333333334 181.0
-0.8 289.0
-0.7666666666666667 373.0
-0.7333333333333333 135.0
-0.7 106.0
-0.6666666666666666 55.0
-0.6333333333333333 31.0
-0.6 14.0
-0.5666666666666667 26.0
-0.5333333333333333 9.0
-0.5 12.0
-0.4666666666666667 2.0
-0.43333333333333335 0.0
-0.4 0.0
-0.36666666666666664 0.0
-0.3333333333333333 0.0
-0.3 0.0
-0.26666666666666666 0.0
-0.23333333333333334 0.0
-0.2 0.0
-0.16666666666666666 0.0
-0.13333333333333333 0.0
-0.1 0.0
-0.06666666666666667 0.0
-0.03333333333333333 0.0
0.0 986.0
0.03333333333333333 0.0
0.06666666666666667 0.0
0.1 0.0
0.13333333333333333 0.0
0.16666666666666666 0.0
0.2 0.0
0.23333333333333334 0.0
0.26666666666666666 0.0
0.3 1.0
0.3333333333333333 0.0
0.36666666666666664 0.0
0.4 16.0
0.43333333333333335 26.0
0.4666666666666667 58.0
0.5 153.0
0.5333333333333333 292.0
0.5666666666666667 1013.0
0.6 1904.0
0.6333333333333333 2824.0
0.6666666666666666 6148.0
0.7 9236.0
0.7333333333333333 15346.0
0.7666666666666667 22245.0
0.8 31146.0
0.8333333333333334 34925.0
0.8666666666666667 33220.0
0.9 27378.0
0.9333333333333333 12925.0
0.9666666666666667 4901.0
1.0 1334.0
