# k values and corresponding S(k) [pure estimator]
0.0 19.961454764258626
0.20943951023931953 0.8465118909875214
0.41887902047863906 0.8855871474165962
0.6283185307179586 0.9473331513769717
0.8377580409572781 0.9452790346306438
1.0471975511965976 0.9619378056041891
1.2566370614359172 0.9659551037704652
1.4660765716752366 0.8946845888011913
1.6755160819145563 0.9666814694304308
1.8849555921538759 0.9983539553814557
2.0943951023931953 0.9313609896934272
2.3038346126325147 0.9999599008919616
2.5132741228718345 0.997461472953922
2.722713633111154 0.9596384259739728
2.9321531433504733 0.990280185904142
3.141592653589793 0.9980875647140486
3.3510321638291125 0.9465867106817141
3.560471674068432 0.9954093901410833
3.7699111843077517 1.0088732478414486
3.979350694547071 0.9836554611839776
4.1887902047863905 0.9584892246529441
4.39822971502571 0.9454326041279892
4.607669225265029 1.003049536498055
4.817108735504349 0.9638783709741081
5.026548245743669 1.0173408580781442
5.235987755982988 0.9991628691077421
5.445427266222308 0.9607988623646395
5.654866776461628 1.0509674539291767
5.864306286700947 0.9838186604574565
6.073745796940266 1.0091214620659945
6.283185307179586 0.9892707305245071
6.492624817418905 0.9971830119038909
6.702064327658225 0.9863946162182684
6.911503837897545 0.9753682424348297
7.120943348136864 1.0239495041899365
7.330382858376184 1.0155380154346165
7.5398223686155035 0.99834164298319
7.749261878854822 0.9786410372475131
7.958701389094142 0.9932025660052418
8.168140899333462 0.9940761585349946
8.377580409572781 0.9710318704627048
8.5870199198121 0.9454066015121245
8.79645943005142 0.9291176946731656
9.00589894029074 1.0324091420585972
9.215338450530059 1.0027292471254312
9.42477796076938 0.9948655350031363
9.634217471008698 1.029344220351612
9.843656981248017 0.9884229026271181
10.053096491487338 1.009158286585059
10.262536001726657 0.9404172349449325
10.471975511965976 1.0101908900611258
10.681415022205297 0.9763935697737025
10.890854532444616 1.0270312172828338
11.100294042683934 0.9568582792244974
11.309733552923255 0.9942997071144378
11.519173063162574 1.0268401328216614
11.728612573401893 0.9438202866406975
11.938052083641214 0.9954518655254962
12.147491593880533 0.9681953882163292
12.356931104119852 0.989435668235741
12.566370614359172 1.017384733866875
12.775810124598491 0.9927331510990705
12.98524963483781 1.0033141595201396
13.194689145077131 0.9641568705456838
13.40412865531645 0.9617388072391475
13.613568165555769 0.9637112189075908
13.82300767579509 0.9976442537101854
14.032447186034409 0.9815244314299688
14.241886696273728 0.9277836932930321
14.451326206513048 0.9347551241380972
14.660765716752367 0.9819790937600396
14.870205226991686 0.9694523195554713
15.079644737231007 1.0038430064363524
15.289084247470326 0.9647024703964496
15.498523757709645 0.9947689260828478
