# r  Cs(r) [pure estimator]
0.2 4.178743323400364e-7
0.6000000000000001 6.076473297602623e-7
1.0 -1.5289035525279762e-6
1.4000000000000001 -1.4145010239078387e-6
1.8 2.726257747903529e-7
2.2 -1.2950544767903172e-7
2.6 -5.127841845836361e-7
3.0 3.5672381357651206e-7
3.4000000000000004 -3.1875742066566333e-7
3.8000000000000003 -7.290093404137573e-7
4.2 5.184246790022941e-7
4.6000000000000005 -1.250783279201114e-6
5.0 1.2960908259839576e-6
5.4 4.792587050303312e-7
5.800000000000001 -1.0958992958170868e-6
6.2 -5.645790832321664e-9
6.6000000000000005 1.4401291668188777e-6
7.0 -1.4968057926244176e-7
7.4 -9.942122913797754e-7
7.800000000000001 -1.1619877485009205e-6
8.200000000000001 -6.851591424395658e-7
8.6 7.81767968199487e-7
9.0 2.0176116733432583e-6
9.4 4.864570867200454e-7
9.8 -1.1829173323826648e-6
10.200000000000001 7.569595873995129e-7
10.600000000000001 -3.506898247923886e-7
11.0 -1.1026731560515651e-6
11.4 2.134459729803199e-7
11.8 9.99417524458916e-7
12.200000000000001 -3.5769851960973646e-8
12.600000000000001 1.0406093456316962e-6
13.0 -1.9330959542283526e-6
13.4 1.2800158896736923e-6
13.8 -1.263727959652313e-6
14.200000000000001 -7.35271028313937e-7
14.600000000000001 -9.036926808581635e-8
15.0 3.5078264792207736e-7
15.4 -2.2088867353940267e-7
15.8 2.4487956704633405e-7
16.2 -6.914314311784279e-7
16.6 -2.8884088816273576e-7
17.0 4.239017906343096e-7
17.400000000000002 -7.63528161632313e-7
17.8 -3.926346260719277e-7
18.2 -1.194765033016761e-6
18.6 -1.3232892138408948e-6
19.0 -1.2461689351905588e-6
19.400000000000002 1.901465431426355e-6
19.8 7.186462798761057e-7
20.200000000000003 -7.26457043880664e-8
20.6 9.098275625519909e-7
21.0 -8.196437984362165e-7
21.400000000000002 -7.311888231147182e-7
21.8 2.0186931785535995e-7
22.200000000000003 -6.858888876307205e-7
22.6 -7.028741047828529e-7
23.0 3.4842177272448376e-7
23.400000000000002 -3.7894615696685573e-7
23.8 -1.6072453548823432e-6
24.200000000000003 1.8459584242433963e-7
24.6 6.35238286338805e-7
25.0 1.0261588225926475e-6
25.400000000000002 -9.608597825504937e-8
25.8 -1.797632668706764e-6
26.200000000000003 -2.1127519635071678e-7
26.6 9.45020416106598e-7
27.0 3.774186927334628e-7
27.400000000000002 1.0467799709179311e-6
27.8 1.189885175175403e-7
28.200000000000003 1.1918781053188006e-6
28.6 6.00289518112836e-7
29.0 -5.093766769243567e-7
29.400000000000002 6.581970631377518e-7
29.8 1.2063985994659108e-6
30.200000000000003 1.1763746396910483e-6
30.6 -8.610658215905876e-7
31.0 -4.892714568354523e-7
31.400000000000002 -6.726597764852801e-7
31.8 -1.3809339914944406e-6
32.2 1.4126886046290733e-7
32.6 -1.4888519601911023e-6
33.0 -5.329115327921246e-7
33.4 3.468100837739053e-7
33.800000000000004 -6.862965842504602e-7
34.2 -4.719306515630583e-7
34.6 -3.1504794441610166e-7
35.0 6.142441385031695e-7
35.4 -5.135718539277527e-7
35.800000000000004 -4.0233277242794394e-7
36.2 3.0570195399852085e-7
36.6 9.448770117367617e-7
37.0 -2.6802853323610395e-7
37.4 -2.0449934761003573e-6
37.800000000000004 -8.252457814339227e-8
38.2 1.9949054093999513e-7
38.6 5.510683027881739e-8
39.0 5.505086715143109e-7
39.400000000000006 1.3844710804396588e-6
39.800000000000004 2.9457053306203446e-6
