block_size         error    difference      rel_diff
-------------------------------------------------------
       2  3.827825e-08  1.584466e-08  4.139337e-01
       4  5.412291e-08  2.239101e-08  4.137067e-01
       8  7.651391e-08  3.161826e-08  4.132355e-01
      16  1.081322e-07  4.458501e-08  4.123195e-01
      32  1.527172e-07  6.269018e-08  4.104985e-01
      64  2.154074e-07  8.768939e-08  4.070863e-01
     128  3.030968e-07  1.213740e-07  4.004464e-01
     256  4.244708e-07  1.647592e-07  3.881522e-01
     512  5.892300e-07  2.162835e-07  3.670613e-01
    1024  8.055135e-07  2.670677e-07  3.315496e-01
    2048  1.072581e-06  2.947007e-07  2.747584e-01
    4096  1.367282e-06  2.579229e-07  1.886391e-01
    8192  1.625205e-06  1.618113e-07  9.956363e-02
   16384  1.787016e-06  7.235180e-08  4.048749e-02
   32768  1.859368e-06  2.655005e-08  1.427907e-02
   65536  1.885918e-06  -1.028306e-07  5.452550e-02
  131072  1.783087e-06           ---           ---
