# r  Cs(r) [pure estimator]
0.075 0.0001188752565265222
0.22499999999999998 0.00012567716691780785
0.375 0.0001244695465487042
0.525 0.00011160786767356223
0.6749999999999999 0.000120258213786933
0.825 0.00011412884793683966
0.975 0.00012074388181915122
1.125 0.0001092507513418719
1.275 0.00012227140647123113
1.425 0.00011579856461606432
1.575 0.00012070083702556154
1.7249999999999999 0.00010753827427442006
1.875 0.00011289920592665515
2.025 0.00011757058096078077
2.175 0.00012035258192510366
2.3249999999999997 0.00010848524946609865
2.475 0.00012013538823862819
2.625 0.00012205147373473674
2.775 0.00010791200903009679
2.925 0.00011654858966093095
3.0749999999999997 0.00011170631249288062
3.225 0.0001156131451891086
3.375 0.00011124045073166269
3.525 0.00011402186904619223
3.675 0.00011246388650088192
3.8249999999999997 0.00011212750683688818
3.9749999999999996 0.00011392847934204655
4.125 0.00011500256963130277
4.2749999999999995 0.0001119129384291197
4.425 0.00011520126688459503
4.575 0.00011145872066926443
4.725 0.00010442230937506926
4.875 0.00011660300899893084
5.0249999999999995 0.00011613182848637949
5.175 0.0001108094702442668
5.325 0.00011060264169473535
5.475 0.00011495688086182115
5.625 0.00011003618115932016
5.7749999999999995 0.00011325764172303126
5.925 0.00011640149615410378
6.075 0.00011173191505672774
6.225 0.00011778534058276781
6.375 0.00011014762501394133
6.5249999999999995 0.00011121438850874352
6.675 0.0001058069490827725
6.825 0.00010562692184163078
6.975 0.00010470537887272785
7.125 0.00010584011281342946
7.2749999999999995 0.00010943532047823935
7.425 9.71680496687476e-5
7.574999999999999 0.00011120638499595315
7.725 0.00010792363533291844
7.875 0.00010758574559102027
8.025 0.00010839349742103965
8.174999999999999 0.00010209193328138244
8.325 0.00010384426273164069
8.475 0.00011949894795221374
8.625 0.00010829946146212729
8.775 0.00010887335960437427
8.924999999999999 0.00010351639867116635
9.075 0.00010245466863640103
9.225 0.00011053675561511223
9.375 0.00010399936048615448
9.525 0.00010828775138737745
9.674999999999999 0.00011170968365476764
9.825 0.00010121001819171577
9.975 0.0001089098763481812
10.125 0.00011098993254933385
10.275 0.00010796633330353984
10.424999999999999 0.00010773472163813053
10.575 0.00010428804061067108
10.725 0.0001034148688156881
10.875 0.00010484814395316044
11.025 0.00010524433287405589
11.174999999999999 0.00011778298546426566
11.325 0.00010120707478111234
11.475 0.00010067278366512865
11.625 9.464137860032446e-5
11.775 0.00011152597656439019
11.924999999999999 0.00011165224333614403
12.075 0.00010773590788399999
12.225 0.00011139450067739447
12.375 0.00010681465214267902
12.525 0.00010721567932748655
12.674999999999999 0.00011165815073607486
12.825 0.00011069083791291777
12.975 0.0001045668650917775
13.125 0.00010354829434708954
13.275 9.726400528556137e-5
13.424999999999999 0.00011019261675759983
13.575 0.00010214859065056519
13.725 0.00010285735717020693
13.875 0.0001045007818877456
14.025 9.531674944722561e-5
14.174999999999999 0.00010152667342730894
14.325 0.00010620508110092424
14.475 0.00011144243603211401
14.625 9.819207257584725e-5
14.774999999999999 9.874450131002282e-5
14.924999999999999 0.00010834165223702235
