block_size         error    difference      rel_diff
-------------------------------------------------------
       2  1.386717e-07  5.741397e-08  4.140281e-01
       4  1.960856e-07  8.116113e-08  4.139066e-01
       8  2.772468e-07  1.146853e-07  4.136577e-01
      16  3.919320e-07  1.619397e-07  4.131830e-01
      32  5.538717e-07  2.283708e-07  4.123172e-01
      64  7.822425e-07  3.213417e-07  4.107955e-01
     128  1.103584e-06  4.504211e-07  4.081439e-01
     256  1.554005e-06  6.282495e-07  4.042776e-01
     512  2.182255e-06  8.720318e-07  3.996013e-01
    1024  3.054287e-06  1.204193e-06  3.942633e-01
    2048  4.258480e-06  1.647987e-06  3.869896e-01
    4096  5.906467e-06  2.217315e-06  3.754045e-01
    8192  8.123782e-06  2.808277e-06  3.456859e-01
   16384  1.093206e-05  2.759143e-06  2.523901e-01
   32768  1.369120e-05  1.971853e-06  1.440234e-01
   65536  1.566305e-05  1.280823e-06  8.177350e-02
  131072  1.694388e-05           ---           ---
