# P_value  count
-1.0 0.0
-0.9333333333333333 0.0
-0.8666666666666667 152.0
-0.8 507.0
-0.7333333333333333 968.0
-0.6666666666666666 1320.0
-0.6 2799.0
-0.5333333333333333 4342.0
-0.4666666666666667 6476.0
-0.4 8549.0
-0.3333333333333333 10540.0
-0.26666666666666666 12576.0
-0.2 13896.0
-0.13333333333333333 15476.0
-0.06666666666666667 15598.0
0.0 16821.0
0.06666666666666667 15261.0
0.13333333333333333 15426.0
0.2 14269.0
0.26666666666666666 12620.0
0.3333333333333333 10857.0
0.4 8800.0
0.4666666666666667 6788.0
0.5333333333333333 5274.0
0.6 3065.0
0.6666666666666666 1529.0
0.7333333333333333 873.0
0.8 266.0
0.8666666666666667 219.0
0.9333333333333333 0.0
1.0 0.0
