# k values and corresponding S(k) [pure estimator]
0.0 2.8067436299767925
0.20943951023931953 1.0230237493878542
0.41887902047863906 0.993032368435669
0.6283185307179586 1.0005202055929667
0.8377580409572781 0.9823824847528478
1.0471975511965976 0.9806541160297664
1.2566370614359172 0.9874695925384
1.4660765716752366 0.9869921247193891
1.6755160819145563 0.9953485252971317
1.8849555921538759 0.9866362711212561
2.0943951023931953 0.9906508625121782
2.3038346126325147 0.9906465836335668
2.5132741228718345 0.9742869571255729
2.722713633111154 0.977316533980148
2.9321531433504733 0.9815478350508553
3.141592653589793 0.9837666771270978
3.3510321638291125 0.9703558518348687
3.560471674068432 0.9790015955300397
3.7699111843077517 0.9825227527041769
3.979350694547071 0.980523237954827
4.1887902047863905 0.9876377258654507
4.39822971502571 0.9818383706771321
4.607669225265029 0.9853702736283908
4.817108735504349 0.9726884146650677
5.026548245743669 0.9717997284560744
5.235987755982988 0.9813218420944788
5.445427266222308 0.9842569259742631
5.654866776461628 0.9811732471221208
5.864306286700947 0.9804616538052671
6.073745796940266 0.9907066790029545
6.283185307179586 0.9764800512086508
6.492624817418905 0.9769423433871296
6.702064327658225 0.9914762003934924
6.911503837897545 0.9752450984817667
7.120943348136864 0.9850507751647728
7.330382858376184 0.9681637614861514
7.5398223686155035 0.9839349597947121
7.749261878854822 0.9760766177080709
7.958701389094142 0.9785731742342709
8.168140899333462 0.986031964228869
8.377580409572781 0.9859522874134894
8.5870199198121 0.9715294527865155
8.79645943005142 0.9797699069002294
9.00589894029074 0.9824226276008962
9.215338450530059 0.9969520552816354
9.42477796076938 0.9906012653246046
9.634217471008698 0.9819373294751154
9.843656981248017 0.9738078943179758
10.053096491487338 0.9957910684492057
10.262536001726657 0.9840613501881147
10.471975511965976 0.9966177766528842
10.681415022205297 0.9890974567870097
10.890854532444616 0.9867725240737152
11.100294042683934 0.9759163011225461
11.309733552923255 0.9839498926059972
11.519173063162574 0.9827212835504585
11.728612573401893 0.9862646870155192
11.938052083641214 0.9838264994303366
12.147491593880533 0.9816265366668369
12.356931104119852 0.9768277300319024
12.566370614359172 0.9870493436205405
12.775810124598491 0.9879129109196614
12.98524963483781 0.9750128663010338
13.194689145077131 0.9784786218064696
13.40412865531645 0.985088645605486
13.613568165555769 0.9828527491126356
13.82300767579509 0.9826811808525423
14.032447186034409 0.9887225972320931
14.241886696273728 0.9889298745089415
14.451326206513048 0.9774308712751247
14.660765716752367 0.9853164504975305
14.870205226991686 0.974708701213051
15.079644737231007 0.9846712851261693
15.289084247470326 0.9878663410645477
15.498523757709645 0.9906913944897661
