# k  S_n(k)
0.0 40.0
0.15707963267948966 0.07463314417756285
0.3141592653589793 0.21452158087892415
0.47123889803846897 0.4476285497728716
0.6283185307179586 1.2924246833964375
0.7853981633974483 0.989640569521563
0.9424777960769379 1.3040665559234956
1.0995574287564276 0.8837049449440054
1.2566370614359172 1.2442917576437795
1.413716694115407 0.8292206799712979
1.5707963267948966 0.9910884064284924
1.7278759594743862 1.1878757824342259
1.8849555921538759 0.7637840696855421
2.0420352248333655 1.1950986030303945
2.199114857512855 0.8736602331678756
2.356194490192345 1.234998704473232
2.5132741228718345 0.7603079198887779
2.670353755551324 0.9744424305591738
2.827433388230814 1.1966510668780215
2.9845130209103035 0.8260844745881456
3.141592653589793 1.1869148182207498
3.2986722862692828 1.254115048481894
3.4557519189487724 0.9690438114563232
3.612831551628262 1.0989411738672625
3.7699111843077517 0.9223009003763863
3.9269908169872414 0.8583083209574727
4.084070449666731 1.1208997413652906
4.241150082346221 0.9274050726406081
4.39822971502571 0.9301610112083061
4.5553093477052 0.935974357890369
4.71238898038469 1.0750351740610034
4.869468613064179 0.9579416219575176
5.026548245743669 1.0450646760220699
5.183627878423159 0.7818564988698773
5.340707511102648 1.1635820996976383
5.497787143782138 0.9550967679815056
5.654866776461628 1.0609655905129218
5.811946409141117 0.8753551342604342
5.969026041820607 0.9954575026041899
6.126105674500097 1.013081182702685
6.283185307179586 0.9495382283384038
6.440264939859076 0.8306998962374018
6.5973445725385655 1.0887952033801955
6.754424205218055 0.9517433627602916
6.911503837897545 1.0754244752484259
7.0685834705770345 0.8987370095195144
7.225663103256524 1.0537399422201388
7.382742735936014 0.8393678317464086
7.5398223686155035 0.9786656671147733
7.696902001294993 1.0601891233174345
7.853981633974483 1.1195247329301348
8.011061266653972 1.1175531144909039
8.168140899333462 0.9966253304457945
8.325220532012953 1.0920297013776814
8.482300164692441 0.9597573633852413
8.63937979737193 0.9661492496976366
8.79645943005142 1.0464967832629983
8.953539062730911 0.93538705916512
9.1106186954104 1.0100085124031937
9.267698328089889 0.9604934340756252
9.42477796076938 0.9692513626802997
9.58185759344887 1.0491958809742539
9.738937226128359 0.9095593793065115
9.896016858807847 0.949969227885994
10.053096491487338 1.0447919719243437
10.210176124166829 0.889199528694766
10.367255756846317 1.0187818302510359
10.524335389525806 0.9372471978646078
10.681415022205297 1.0243459863213817
10.838494654884787 0.9971990173837415
10.995574287564276 0.9822438061585402
11.152653920243765 0.9358843185585304
11.309733552923255 1.0338836031489316
11.466813185602746 0.993820753693992
11.623892818282235 1.037559679065175
11.780972450961723 1.0562980382192524
11.938052083641214 0.9624733871183314
12.095131716320704 0.9976720469080242
12.252211349000193 1.0035516870976997
12.409290981679682 1.0211583209124975
12.566370614359172 1.074484936472321
12.723450247038663 1.0162514808040697
12.880529879718152 0.9414661920635281
13.03760951239764 0.9822365321723503
13.194689145077131 0.969857922074723
13.351768777756622 1.0058735662951284
13.50884841043611 0.9908330905092936
13.6659280431156 0.979941266666453
13.82300767579509 1.0151432484204628
13.98008730847458 0.9106991903287064
14.137166941154069 0.9621114566498399
14.294246573833558 1.012154321932154
14.451326206513048 0.987762601417935
14.608405839192539 1.00904611307633
14.765485471872028 1.039040431472167
14.922565104551516 0.9531956231443867
15.079644737231007 1.0038255012778183
15.236724369910498 1.0074385982890255
15.393804002589986 1.0044261193125845
15.550883635269475 1.0219398254029317
