block_size         error    difference      rel_diff
-------------------------------------------------------
       2  5.370082e-07  2.224204e-07  4.141844e-01
       4  7.594286e-07  3.145284e-07  4.141645e-01
       8  1.073957e-06  4.447488e-07  4.141216e-01
      16  1.518706e-06  6.288057e-07  4.140405e-01
      32  2.147512e-06  8.888378e-07  4.138920e-01
      64  3.036349e-06  1.255818e-06  4.135946e-01
     128  4.292167e-06  1.773151e-06  4.131132e-01
     256  6.065318e-06  2.500503e-06  4.122625e-01
     512  8.565821e-06  3.518212e-06  4.107268e-01
    1024  1.208403e-05  4.938386e-06  4.086704e-01
    2048  1.702242e-05  6.894809e-06  4.050428e-01
    4096  2.391723e-05  9.543328e-06  3.990148e-01
    8192  3.346056e-05  1.274096e-05  3.807756e-01
   16384  4.620152e-05  1.584604e-05  3.429766e-01
   32768  6.204756e-05  1.797184e-05  2.896463e-01
   65536  8.001940e-05  3.448779e-06  4.309929e-02
  131072  8.346818e-05           ---           ---
