0.1 -0.05625318567258236
0.30000000000000004 -0.06621126968867855
0.5 -0.14688754321245448
0.7000000000000001 -0.12355455356723498
0.9 -0.1402728196884087
1.1 -0.11582264323435874
1.3 -0.08664220869274425
1.5 -0.0628902353419293
1.7000000000000002 -0.08084826839626569
1.9000000000000001 -0.05293819897428061
2.1 -0.07608404525513739
2.3000000000000003 -0.08519683661202437
2.5 -0.036871613221046706
2.7 -0.013248977280493639
2.9000000000000004 -0.05413083538083538
3.1 -0.05868891047675983
3.3000000000000003 -0.03407861268427043
3.5 -0.01734668047405362
3.7 0.01350967584891882
3.9000000000000004 0.02869402450305528
4.1000000000000005 0.03705734270846183
4.3 0.021831356926973095
4.5 -0.03671000518593647
4.7 -0.025650605571345332
4.9 -0.0517311971517579
5.1000000000000005 -0.04894958270469349
5.300000000000001 -0.08717640970781748
5.5 -0.07612073788802627
5.7 -0.1364347833365419
5.9 -0.1187429872892
6.1000000000000005 -0.1297304564092223
6.300000000000001 -0.11737459429396774
6.5 -0.062364701256234605
6.7 -0.01078647162042122
6.9 -0.002786147426280556
7.1000000000000005 0.04635658724611379
7.300000000000001 0.057751981808816695
7.5 0.05515070746023194
7.7 0.027997040464696095
7.9 0.03370336873614368
8.1 0.027359933711517626
8.3 0.009884795018162947
8.5 -0.002267782812637545
8.700000000000001 0.0058483424150409715
8.9 0.018213064070517038
9.1 -0.005972487006874293
9.3 0.025769638751858292
9.5 -0.033689000279829184
9.700000000000001 -0.0029765658502131525
9.9 0.00036074270557029175
10.100000000000001 -0.010297138848524328
10.3 0.005366155155970513
10.5 -0.00011871690766198922
10.700000000000001 0.029411764705882353
10.9 0.0050421277614108055
11.100000000000001 -0.017521568119648435
11.3 -0.028903620114755012
11.5 -0.013443903994896738
11.700000000000001 0.03333388476236166
11.9 0.06363010231600959
12.100000000000001 0.10439489463837022
12.3 0.08224496103027404
12.5 -0.002153828463263293
12.700000000000001 -0.03301067689080687
12.9 -0.0567291282087005
13.100000000000001 -0.026160228713914147
13.3 -0.01776765375854214
13.5 -0.059764980250786276
13.700000000000001 -0.09437198614841905
13.9 -0.11228288858637712
14.100000000000001 -0.08645056835430229
14.3 -0.09255547941367881
14.5 -0.07138480003719058
14.700000000000001 -0.04679974032930965
14.9 -0.08338048060439257
15.100000000000001 -0.08551587702121646
15.3 -0.086544530676247
15.5 -0.034237167017348843
15.700000000000001 -0.01828940721794142
15.9 -0.026695511541450504
16.1 -0.04516861785776691
16.3 -0.09870529917037331
16.5 -0.0971231548324534
16.7 -0.10994648151831517
16.900000000000002 -0.06899497560198659
17.1 -0.07545980269871867
17.3 -0.037019620137419336
17.5 -0.04139573919751778
17.7 -0.05855323675456991
17.900000000000002 -0.0214884984282384
18.1 -0.020212473521659686
18.3 -0.008056151860874598
18.5 0.042554729284785014
18.7 0.05193272351726173
18.900000000000002 0.04615988851837445
19.1 0.0794017669632859
19.3 0.07078832736459059
19.5 0.09575021091293344
19.700000000000003 0.08602536640128111
19.900000000000002 0.1135591601230393
