# r  Cs(r) [pure estimator]
0.025 0.0003476068856427445
0.07500000000000001 0.0003054223193252452
0.125 0.0003312933959817838
0.17500000000000002 0.00033266693715677744
0.225 0.0003057587293191762
0.275 0.00034974591138378994
0.325 0.0003094477530657414
0.375 0.000316564326814439
0.42500000000000004 0.0003286715130093467
0.47500000000000003 0.000315505588362211
0.525 0.00032947143719374
0.5750000000000001 0.0003428549514435103
0.625 0.0003450005112056824
0.675 0.00030812239475664055
0.7250000000000001 0.0003184668113209034
0.775 0.0003279122140054952
0.8250000000000001 0.00033164291713764604
0.875 0.00033920138148948857
0.925 0.0003217854534772602
0.9750000000000001 0.0003078728199217565
1.0250000000000001 0.0003506359054684948
1.075 0.0003431570683011211
1.125 0.00031188008932655803
1.175 0.00031690102593946994
1.225 0.0003200902217814895
1.2750000000000001 0.00032784283083405147
1.3250000000000002 0.0003132198703259419
1.375 0.0003083051839542448
1.425 0.0003396495920024206
1.475 0.00032249086210391775
1.5250000000000001 0.00032480116108854127
1.5750000000000002 0.0003185791029672943
1.625 0.0003242972626978626
1.675 0.0002978318134514589
1.725 0.0003032801739804392
1.7750000000000001 0.00033087143636484535
1.8250000000000002 0.0003326996523906084
1.875 0.00031538067367724916
1.925 0.00034107991967232115
1.975 0.00032282752193675307
2.025 0.00032519707583007366
2.075 0.0003233506753240212
2.125 0.0003356712483017578
2.1750000000000003 0.00033156561925709653
2.225 0.0003147847883641386
2.275 0.0003539614292397562
2.325 0.00032587193609934906
2.375 0.0003345222285374804
2.4250000000000003 0.00034186148351040776
2.475 0.00030028217313515413
2.5250000000000004 0.0003370019279407848
2.575 0.0002935063975776184
2.625 0.00031209393678179156
2.6750000000000003 0.0003275117159366873
2.725 0.0003189286452227476
2.7750000000000004 0.00030729401301544495
2.825 0.00032101648277756573
2.875 0.00032066937819914826
2.9250000000000003 0.0003017062768770809
2.975 0.00030590186603214576
3.0250000000000004 0.00032315476682823733
3.075 0.00031052252189714527
3.125 0.00031579961369950643
3.1750000000000003 0.00032277370127299605
3.225 0.00035654522154421103
3.2750000000000004 0.0003457537243741849
3.325 0.00035259212823666
3.375 0.0003557401469958254
3.4250000000000003 0.0003154854927246199
3.475 0.0003287909370911493
3.5250000000000004 0.0003329665146521491
3.575 0.0003145376436556834
3.625 0.00031339743800745575
3.6750000000000003 0.00031937883890775223
3.725 0.0003037875160687724
3.7750000000000004 0.0003556330582966027
3.825 0.000323703779646539
3.875 0.0003354349799307031
3.9250000000000003 0.0003449868518087021
3.975 0.00031866718485660373
4.025 0.0003221869475824981
4.075 0.00033102490414246843
4.125 0.00031517588915578644
4.175 0.00033867758172017134
4.2250000000000005 0.0003307988861757956
4.275 0.0003357921036809139
4.325 0.0002997203653586986
4.375 0.00034932157602318226
4.425 0.0003246447085311534
4.4750000000000005 0.00033387150922816426
4.525 0.00030973272354033155
4.575 0.00029744083843791507
4.625 0.0003207120332305497
4.675 0.0003019471157894346
4.7250000000000005 0.00032398536540613146
4.775 0.00034554831070729186
4.825 0.00032885790041756424
4.875 0.00031333231866636704
4.925000000000001 0.00030075988382921955
4.9750000000000005 0.0003137245237873732
