# k values and corresponding S(k) [pure estimator]
0.0 3.8082936868953636
0.6283185307179586 0.9570022657261753
1.2566370614359172 0.9676957551314306
1.8849555921538759 0.9819733577466409
2.5132741228718345 0.959311673385972
3.141592653589793 0.9803629471093938
3.7699111843077517 0.9668770440552968
4.39822971502571 0.9507578342549335
5.026548245743669 0.9641713065340323
5.654866776461628 0.9975989590134643
6.283185307179586 0.9729486602735444
6.911503837897545 0.9588576240016758
7.5398223686155035 0.9833922180751905
8.168140899333462 0.9777102827594335
8.79645943005142 0.9631095346019541
9.42477796076938 0.9819013166072276
10.053096491487338 0.9681266818977409
10.681415022205297 0.9600888612750735
11.309733552923255 0.9810451315558273
11.938052083641214 0.9696631359992091
12.566370614359172 0.956943740960547
13.194689145077131 0.9985897712000315
13.82300767579509 0.9674997598218757
14.451326206513048 0.9570051336873283
15.079644737231007 0.952433652041381
15.707963267948966 0.9758973392508106
16.336281798666924 0.9638694589764527
16.964600329384883 0.979736963142317
17.59291886010284 0.9673118606441274
18.2212373908208 0.9764350682046217
18.84955592153876 0.9602077928509772
19.477874452256717 0.9691472004315292
20.106192982974676 0.9707360157025006
20.734511513692635 0.9736669568870658
21.362830044410593 0.980791071823976
21.991148575128552 0.9612103014460345
22.61946710584651 0.9775143797427155
23.24778563656447 0.9712213202737622
23.876104167282428 0.9789726836311704
24.504422698000386 0.9688587999279198
25.132741228718345 0.9812087568324432
25.761059759436304 0.9603766049184977
26.389378290154262 0.9643059819344852
27.01769682087222 0.9684313116303344
27.64601535159018 0.9607936731559233
28.274333882308138 0.965104965499585
28.902652413026097 0.9728894887956372
29.530970943744055 0.9670525294789619
30.159289474462014 0.9890826636094797
30.787608005179973 0.9842983404130666
31.41592653589793 0.9744955839268916
32.044245066615886 0.9603350528066905
32.67256359733385 0.9711606170073198
33.30088212805181 0.9592992706417642
33.929200658769766 0.9611097734215829
34.55751918948772 0.9591886298098667
35.18583772020568 0.9782263545024655
35.814156250923645 0.9724741109791115
36.4424747816416 0.9675802069887234
37.070793312359555 0.9703327443543142
37.69911184307752 0.9660418246185442
38.32743037379548 0.9795248459812319
38.955748904513435 0.9721407072178813
39.58406743523139 0.9792181854422046
40.21238596594935 0.9586640294386692
40.840704496667314 0.9718648463528529
41.46902302738527 0.9997973040369094
42.097341558103224 0.9754934130178022
42.725660088821186 0.9679983186993428
43.35397861953915 0.9843273511037762
43.982297150257104 0.9650180806012842
44.61061568097506 0.9829648176001767
45.23893421169302 0.9593231065185427
45.86725274241098 0.9719109278483072
46.49557127312894 0.9850105387399363
