# P_value  count
-1.0 0.0
-0.975 0.0
-0.95 0.0
-0.925 0.0
-0.9 0.0
-0.875 0.0
-0.85 0.0
-0.825 0.0
-0.8 0.0
-0.775 0.0
-0.75 0.0
-0.725 0.0
-0.7 0.0
-0.675 0.0
-0.65 0.0
-0.625 0.0
-0.6 0.0
-0.575 1.0
-0.55 0.0
-0.525 15.0
-0.5 5.0
-0.475 98.0
-0.45 106.0
-0.425 259.0
-0.4 279.0
-0.375 667.0
-0.35 912.0
-0.325 1501.0
-0.3 2097.0
-0.275 2642.0
-0.25 3839.0
-0.225 4641.0
-0.2 6079.0
-0.175 7507.0
-0.15 7720.0
-0.125 9922.0
-0.1 9730.0
-0.075 12008.0
-0.05 12461.0
-0.025 12834.0
0.0 14803.0
0.025 13192.0
0.05 12996.0
0.075 12185.0
0.1 10899.0
0.125 9696.0
0.15 8498.0
0.175 6939.0
0.2 5667.0
0.225 5023.0
0.25 3733.0
0.275 2832.0
0.3 1991.0
0.325 1377.0
0.35 885.0
0.375 514.0
0.4 319.0
0.425 283.0
0.45 73.0
0.475 83.0
0.5 23.0
0.525 13.0
0.55 0.0
0.575 2.0
0.6 0.0
0.625 0.0
0.65 0.0
0.675 0.0
0.7 0.0
0.725 0.0
0.75 0.0
0.775 0.0
0.8 0.0
0.825 0.0
0.85 0.0
0.875 0.0
0.9 0.0
0.925 0.0
0.95 0.0
0.975 0.0
1.0 0.0
