# k  S_s(k)
0.0 0.0
0.3141592653589793 1.4012700537011695
0.6283185307179586 0.8555892104701751
0.9424777960769379 2.0442563900013213
1.2566370614359172 0.644498696698766
1.5707963267948966 1.2706118175339556
1.8849555921538759 0.9641773805564458
2.199114857512855 1.0370587540735177
2.5132741228718345 0.9544816768999597
2.827433388230814 0.9709437131407237
3.141592653589793 0.8751323940877824
3.4557519189487724 1.0508612115799374
3.7699111843077517 0.9902749265613926
4.084070449666731 0.9797886447297972
4.39822971502571 1.105199861670775
4.71238898038469 1.0732171423758556
5.026548245743669 0.9799483161892503
5.340707511102648 0.9297295806388551
5.654866776461628 0.9663719517652558
5.969026041820607 0.9914085737326455
6.283185307179586 1.0226752573450122
6.5973445725385655 1.0779917807944952
6.911503837897545 0.9639854042961629
7.225663103256524 1.0138466186216575
7.5398223686155035 1.0081745594960305
7.853981633974483 0.9602488980578409
8.168140899333462 1.0205834176958006
8.482300164692441 0.9944260133669041
8.79645943005142 0.9871648355283176
9.1106186954104 1.0041713407537627
9.42477796076938 0.9782061435473813
9.738937226128359 0.9200937843245344
10.053096491487338 1.0243857903894737
10.367255756846317 0.9872772576424222
10.681415022205297 1.0083486661080279
10.995574287564276 0.9337317838859439
11.309733552923255 0.9977799480127956
11.623892818282235 1.0076786190391165
11.938052083641214 1.0087807497534211
12.252211349000193 0.9833446165785005
12.566370614359172 1.0350452997844732
12.880529879718152 1.0101066144199442
13.194689145077131 0.9663965154277582
13.50884841043611 0.9974432692122622
13.82300767579509 0.9894421330389304
14.137166941154069 1.0488203861185104
14.451326206513048 1.010514457710867
14.765485471872028 0.9671594585195079
15.079644737231007 0.9782399018997112
15.393804002589986 1.0160855193623703
15.707963267948966 1.0263395110701885
16.022122533307943 0.9487587793875153
16.336281798666924 0.9638982344833025
16.650441064025905 0.9901522611558304
16.964600329384883 0.9754794230664433
17.27875959474386 0.9826120448284745
17.59291886010284 1.0260102725415123
17.907078125461823 0.94569958296134
18.2212373908208 0.9461431241986529
18.535396656179778 0.9588326492325978
18.84955592153876 1.0344582554698571
19.16371518689774 0.9830699247314062
19.477874452256717 0.964286049724991
19.792033717615695 1.0038760414256678
20.106192982974676 1.042327686183174
20.420352248333657 1.0199837923479886
20.734511513692635 0.9898594973537655
21.048670779051612 1.0122491534323184
21.362830044410593 0.9891358830845559
21.676989309769574 0.9982060435390405
21.991148575128552 1.0180746715766684
22.30530784048753 1.0193985701263755
22.61946710584651 1.008532569116233
22.93362637120549 1.0305045958217591
23.24778563656447 0.98937062924982
23.561944901923447 1.0071868247640126
23.876104167282428 0.9985780473869449
24.19026343264141 1.0353468434801674
24.504422698000386 1.0153173519370575
24.818581963359364 1.0150103409073952
25.132741228718345 0.9815373567753239
25.446900494077326 1.011143619647344
25.761059759436304 0.9848619652868768
26.07521902479528 1.0073197706675017
26.389378290154262 0.9993935689400532
26.703537555513243 0.9901751561695864
27.01769682087222 1.0115112739057845
27.3318560862312 0.9863732402163532
27.64601535159018 0.9633535105773323
27.96017461694916 0.9974860906736824
28.274333882308138 0.9858218258054126
28.588493147667116 1.0062092603460202
28.902652413026097 0.9974358462599273
29.216811678385078 0.9944898480185969
29.530970943744055 1.0141634584439287
29.845130209103033 1.0068574322717172
30.159289474462014 1.0007387562573746
30.473448739820995 0.9761627582670043
30.787608005179973 0.9930666252059019
31.10176727053895 0.9789324818939765
