block_size         error    difference      rel_diff
-------------------------------------------------------
       2  3.443816e-07  1.418972e-07  4.120348e-01
       4  4.862788e-07  1.995866e-07  4.104366e-01
       8  6.858654e-07  2.793044e-07  4.072293e-01
      16  9.651698e-07  3.871907e-07  4.011633e-01
      32  1.352360e-06  5.275249e-07  3.900771e-01
      64  1.879885e-06  6.976698e-07  3.711236e-01
     128  2.577555e-06  8.746486e-07  3.393327e-01
     256  3.452204e-06  9.974162e-07  2.889216e-01
     512  4.449620e-06  9.858352e-07  2.215549e-01
    1024  5.435455e-06  8.544936e-07  1.572074e-01
    2048  6.289949e-06  6.538080e-07  1.039449e-01
    4096  6.943757e-06  5.469402e-07  7.876719e-02
    8192  7.490697e-06  6.206187e-07  8.285193e-02
   16384  8.111316e-06  3.865430e-07  4.765479e-02
   32768  8.497859e-06  -2.515034e-07  2.959609e-02
   65536  8.246355e-06  -5.485547e-07  6.652086e-02
  131072  7.697801e-06           ---           ---
