# r  Cs(r) [pure estimator]
0.075 1.2429712211112884e-5
0.22499999999999998 1.249016792377039e-5
0.375 8.444496380811889e-6
0.525 1.2017980401854258e-5
0.6749999999999999 1.0665476621979377e-5
0.825 1.7542787134571365e-5
0.975 1.210972512662225e-5
1.125 1.1860378651022912e-5
1.275 1.4521142855904808e-5
1.425 1.4875750981043093e-5
1.575 1.704447696474788e-5
1.7249999999999999 1.2378387194305414e-5
1.875 1.0775391444998175e-5
2.025 1.3506664221157516e-5
2.175 1.0553632899280481e-5
2.3249999999999997 1.8849439584635794e-5
2.475 1.4039786168658387e-5
2.625 1.4027873650326035e-5
2.775 1.3745575829388615e-5
2.925 1.632419272417978e-5
3.0749999999999997 1.3872151938527268e-5
3.225 1.1818280181630749e-5
3.375 1.4640371316420986e-5
3.525 1.7439714435902142e-5
3.675 1.9587060464591732e-5
3.8249999999999997 1.3258133964006335e-5
3.9749999999999996 1.3743566352958347e-5
4.125 1.238829132587863e-5
4.2749999999999995 1.3506379694144252e-5
4.425 1.3243820360388233e-5
4.575 1.471756414304386e-5
4.725 1.0726975880282022e-5
4.875 1.321178646238486e-5
5.0249999999999995 1.464575793809927e-5
5.175 8.289219642693747e-6
5.325 1.2948651464368952e-5
5.475 1.150875487459641e-5
5.625 1.2457482428807016e-5
5.7749999999999995 6.024016715884673e-6
5.925 1.4524959702046979e-5
6.075 1.6335801896750803e-5
6.225 1.1986403717206321e-5
6.375 7.40886477778673e-6
6.5249999999999995 9.304681332188e-6
6.675 1.226209701763092e-5
6.825 1.1897913521217203e-5
6.975 1.0983895872577179e-5
7.125 1.4239675699555999e-5
7.2749999999999995 7.026764718151213e-6
7.425 1.471142509344091e-5
7.574999999999999 1.2134607304532734e-5
7.725 1.1177843606221127e-5
7.875 1.0391191399424746e-5
8.025 1.205728431985315e-5
8.174999999999999 1.4254857171310606e-5
8.325 1.0115948097215502e-5
8.475 7.268299398660012e-6
8.625 9.791676702367608e-6
8.775 7.050504700033084e-6
8.924999999999999 1.0344928562130718e-5
9.075 1.4092263928026517e-5
9.225 1.2803396675304431e-5
9.375 1.0738772859481492e-5
9.525 1.7373410008224103e-5
9.674999999999999 1.0231151265167883e-5
9.825 1.3871845315915171e-5
9.975 1.1723190444275409e-5
10.125 8.951222942544764e-6
10.275 1.1678015498214327e-5
10.424999999999999 1.109142113994555e-5
10.575 1.0517948058464273e-5
10.725 1.1854952211677961e-5
10.875 1.0908270835840452e-5
11.025 7.615479192348962e-6
11.174999999999999 9.553412491077646e-6
11.325 1.581372022306203e-5
11.475 9.966892608800912e-6
11.625 1.2977125169741645e-5
11.775 1.069988769653978e-5
11.924999999999999 1.0317409032964983e-5
12.075 8.690377396613438e-6
12.225 7.646679547817398e-6
12.375 7.817460890598711e-6
12.525 1.2048771379798814e-5
12.674999999999999 8.656041230216784e-6
12.825 1.7784060728815132e-5
12.975 1.24361455974171e-5
13.125 1.588450450808683e-5
13.275 1.4416268118183409e-5
13.424999999999999 1.3794130086339704e-5
13.575 1.2816545080610607e-5
13.725 1.3564864857587299e-5
13.875 1.51899286835335e-5
14.025 1.1910795983682634e-5
14.174999999999999 1.5559425510165437e-5
14.325 7.874672497967176e-6
14.475 1.1189807550747678e-5
14.625 8.581541612740376e-6
14.774999999999999 7.42597780061641e-6
14.924999999999999 1.4665627228241625e-5
