# P_value  count
-1.0 0.0
-0.9333333333333333 0.0
-0.8666666666666667 0.0
-0.8 44.0
-0.7333333333333333 65.0
-0.6666666666666666 128.0
-0.6 349.0
-0.5333333333333333 1028.0
-0.4666666666666667 2101.0
-0.4 3979.0
-0.3333333333333333 7028.0
-0.26666666666666666 10729.0
-0.2 14339.0
-0.13333333333333333 18537.0
-0.06666666666666667 20952.0
0.0 23069.0
0.06666666666666667 21272.0
0.13333333333333333 18541.0
0.2 14152.0
0.26666666666666666 10375.0
0.3333333333333333 6864.0
0.4 4128.0
0.4666666666666667 2080.0
0.5333333333333333 750.0
0.6 326.0
0.6666666666666666 78.0
0.7333333333333333 10.0
0.8 8.0
0.8666666666666667 1.0
0.9333333333333333 6.0
1.0 0.0
