0.075 -0.04831326812139453
0.22499999999999998 -0.019594152950264423
0.375 0.003741425898981501
0.525 0.01199696949636266
0.6749999999999999 -0.008764357304850392
0.825 0.0007453528379873967
0.975 -0.018797162351452713
1.125 -0.05083018199007327
1.275 -0.0260908051488216
1.425 -0.026590649238280646
1.575 -0.03160947009527451
1.7249999999999999 -0.023899251061393883
1.875 -0.054723778697657016
2.025 -0.059044874782829784
2.175 -0.06542300128120385
2.3249999999999997 -0.07871210054090494
2.475 -0.1109898399756031
2.625 -0.0980861631048485
2.775 -0.04398107021142571
2.925 -0.06453662813613585
3.0749999999999997 -0.11924538480456323
3.225 -0.0899054748762171
3.375 -0.06800624555494698
3.525 -0.04914300170767187
3.675 -0.077212070942402
3.8249999999999997 -0.08540660384828569
3.9749999999999996 -0.13666298649660677
4.125 -0.15220095501785644
4.2749999999999995 -0.09561542525092445
4.425 -0.09722533283563518
4.575 -0.10018080141277383
4.725 -0.10407607120078854
4.875 -0.07156261011365778
5.0249999999999995 -0.05578524190457552
5.175 -0.0020931364595164694
5.325 -0.0004084184205042717
5.475 -0.02437421982786939
5.625 -0.04672325210584806
5.7749999999999995 -0.010767886921305488
5.925 0.008906908440812157
6.075 0.0185380863420036
6.225 0.009131587669870732
6.375 0.011863859521306102
6.5249999999999995 0.0037014285939296573
6.675 -0.004851777790170569
6.825 -0.004640390421440092
6.975 0.0030144966806665762
7.125 -0.017397596426099542
7.2749999999999995 -0.011108357179874271
7.425 -0.010844852508553124
7.574999999999999 -0.07022621891246311
7.725 -0.054218891883968855
7.875 -0.06517541827270748
8.025 -0.10890788119140234
8.174999999999999 -0.09180436860257352
8.325 -0.12198450608116244
8.475 -0.1297899150984321
8.625 -0.09050388650323422
8.775 -0.08567441467093301
8.924999999999999 -0.12760164736449323
9.075 -0.1597764134014452
9.225 -0.1699837871079555
9.375 -0.16317814706752928
9.525 -0.14687211008281242
9.674999999999999 -0.13463903869807928
9.825 -0.1274727984065089
9.975 -0.10459216948943094
10.125 -0.11439251308972474
10.275 -0.08593945459094321
10.424999999999999 -0.13049283550833105
10.575 -0.1268102837135954
10.725 -0.054938516461721536
10.875 -0.038244523028539305
11.025 0.005968389110206664
11.174999999999999 0.019100903908917263
11.325 0.06757970525045089
11.475 0.03820974396445468
11.625 0.02886067212148229
11.775 0.013978159578553778
11.924999999999999 -0.012106355460643066
12.075 -0.015289568079427945
12.225 -0.010934188276162857
12.375 0.03173394661036239
12.525 0.041370475104285466
12.674999999999999 0.024990335857379996
12.825 0.042128872837863526
12.975 0.09626456849325699
13.125 0.10360879312492216
13.275 0.09082510818301162
13.424999999999999 0.1143549959317173
13.575 0.06237884902602561
13.725 0.06971807411882854
13.875 0.08967892330060025
14.025 0.09405205407377863
14.174999999999999 0.12441486804483692
14.325 0.08742920382787579
14.475 0.09602945566723058
14.625 0.06334474603188156
14.774999999999999 0.062239729881823296
14.924999999999999 0.05759913567533805
