# r  Cs(r) [pure estimator]
0.2 4.046260068022475e-5
0.6000000000000001 3.894795121956641e-5
1.0 4.250717203624095e-5
1.4000000000000001 3.782671666035281e-5
1.8 4.011092592761327e-5
2.2 3.7038474268444836e-5
2.6 3.754614698753012e-5
3.0 3.847165368649124e-5
3.4000000000000004 3.5146746589982327e-5
3.8000000000000003 3.385304675411307e-5
4.2 3.635381382247001e-5
4.6000000000000005 3.685587543262855e-5
5.0 3.379565422630321e-5
5.4 3.4251260998002386e-5
5.800000000000001 3.571934010333571e-5
6.2 3.3607716866367264e-5
6.6000000000000005 3.525143906286286e-5
7.0 3.363944067814392e-5
7.4 3.3870833405900145e-5
7.800000000000001 3.3478743678182214e-5
8.200000000000001 3.120886334226982e-5
8.6 3.105072056121205e-5
9.0 3.461857278446744e-5
9.4 3.186318497789545e-5
9.8 3.000012601437704e-5
10.200000000000001 3.400216361038032e-5
10.600000000000001 3.12805047069697e-5
11.0 3.172987187237677e-5
11.4 3.264518450402941e-5
11.8 3.0277544433094644e-5
12.200000000000001 2.746045914123829e-5
12.600000000000001 2.817088446164712e-5
13.0 2.5393353497818134e-5
13.4 2.979428879525323e-5
13.8 3.0176084481062327e-5
14.200000000000001 2.6515462021093692e-5
14.600000000000001 2.581414311368464e-5
15.0 2.7805249935806117e-5
15.4 2.771473293789297e-5
15.8 2.575159797482763e-5
16.2 2.878221342182846e-5
16.6 2.2963103434042564e-5
17.0 2.6432294833269154e-5
17.400000000000002 2.5516340203676066e-5
17.8 2.701297345887377e-5
18.2 2.7797936056563734e-5
18.6 2.7349742545399268e-5
19.0 2.68929231293029e-5
19.400000000000002 2.5353719399762207e-5
19.8 2.6448315480415664e-5
20.200000000000003 2.5824539219749535e-5
20.6 2.4833383176954505e-5
21.0 2.5117847203335833e-5
21.400000000000002 2.4082965586995222e-5
21.8 2.7085707714787533e-5
22.200000000000003 2.257959114308311e-5
22.6 2.3943634845380622e-5
23.0 2.28080656191773e-5
23.400000000000002 2.4737097458011456e-5
23.8 2.534657451382493e-5
24.200000000000003 2.4274327814249977e-5
24.6 2.461878881906229e-5
25.0 2.4716745251427012e-5
25.400000000000002 2.3053794311536783e-5
25.8 2.2876995095582848e-5
26.200000000000003 1.6534412888179482e-5
26.6 2.2693195083857794e-5
27.0 2.4898320887070138e-5
27.400000000000002 2.0236384696908888e-5
27.8 2.3683097298658673e-5
28.200000000000003 2.062119914236839e-5
28.6 2.5058098549466933e-5
29.0 2.1944799347229347e-5
29.400000000000002 2.0042755417444546e-5
29.8 2.1200840192213722e-5
30.200000000000003 2.334910991773748e-5
30.6 2.280639794662747e-5
31.0 2.0986449992264434e-5
31.400000000000002 2.2296749994931812e-5
31.8 2.0221223343382253e-5
32.2 2.0279478740173284e-5
32.6 2.168006365481388e-5
33.0 2.3706708874960782e-5
33.4 2.4441876986592628e-5
33.800000000000004 2.0347156187178056e-5
34.2 2.1547100197814017e-5
34.6 2.2131774719215268e-5
35.0 2.284731855905347e-5
35.4 2.3008213523654687e-5
35.800000000000004 2.4567398195112866e-5
36.2 1.989726180524538e-5
36.6 2.1259089837531173e-5
37.0 1.9495325236663802e-5
37.4 2.325124390589121e-5
37.800000000000004 2.0931980444544755e-5
38.2 1.9644023512547117e-5
38.6 2.0183876634018726e-5
39.0 2.219107466891078e-5
39.400000000000006 1.98674047004326e-5
39.800000000000004 2.2143670658546237e-5
