0.075 0.9660766283524904
0.22499999999999998 1.0370421455938696
0.375 1.0295019157088123
0.525 1.0452260536398468
0.6749999999999999 1.0503524904214558
0.825 1.029808429118774
0.975 1.0092030651340995
1.125 1.0406819923371649
1.275 1.0442911877394636
1.425 0.9773946360153257
1.575 0.9737164750957854
1.7249999999999999 0.9601609195402299
1.875 0.9342911877394636
2.025 0.9013026819923372
2.175 0.9353716475095786
2.3249999999999997 0.9600536398467433
2.475 0.9600919540229885
2.625 0.9464597701149425
2.775 0.9445823754789272
2.925 0.9499463601532567
3.0749999999999997 0.9584367816091954
3.225 0.9727509578544061
3.375 0.9384597701149425
3.525 0.9651494252873564
3.675 0.9655249042145594
3.8249999999999997 0.9624137931034483
3.9749999999999996 0.9702605363984674
4.125 0.9631111111111111
4.2749999999999995 0.9329578544061302
4.425 0.9220383141762453
4.575 0.9163295019157088
4.725 0.9217011494252874
4.875 0.9186819923371647
5.0249999999999995 0.9297547892720307
5.175 0.9508199233716476
5.325 0.9337777777777778
5.475 0.9200383141762453
5.625 0.9625900383141762
5.7749999999999995 0.9534942528735633
5.925 0.949455938697318
6.075 0.905272030651341
6.225 0.9306513409961685
6.375 0.926352490421456
6.5249999999999995 0.9733333333333334
6.675 0.9689808429118774
6.825 0.9333180076628352
6.975 0.9152413793103449
7.125 0.9715325670498084
7.2749999999999995 1.0248199233716475
7.425 1.0539386973180076
7.574999999999999 1.0840689655172413
7.725 1.0695555555555556
7.875 1.0898390804597702
8.025 1.1090268199233717
8.174999999999999 1.107632183908046
8.325 1.1389961685823755
8.475 1.1257854406130268
8.625 1.117639846743295
8.775 1.0726896551724139
8.924999999999999 1.11655938697318
9.075 1.1097088122605363
9.225 1.1170268199233717
9.375 1.084536398467433
9.525 1.0995708812260536
9.674999999999999 1.1425900383141763
9.825 1.1570498084291188
9.975 1.126704980842912
10.125 1.1119310344827587
10.275 1.104927203065134
10.424999999999999 1.0759386973180076
10.575 1.0579003831417624
10.725 1.0689961685823755
10.875 1.0944444444444446
11.025 1.0877624521072797
11.174999999999999 1.0180383141762452
11.325 1.0869808429118775
11.475 1.0438390804597701
11.625 1.0582528735632184
11.775 1.0559540229885058
11.924999999999999 1.0250574712643679
12.075 0.9796781609195402
12.225 0.9942068965517241
12.375 0.9892030651340996
12.525 0.9819846743295019
12.674999999999999 1.0035172413793103
12.825 1.0064904214559387
12.975 0.9965900383141763
13.125 0.9775172413793104
13.275 0.9472490421455939
13.424999999999999 0.9527509578544061
13.575 0.9730727969348659
13.725 0.9449501915708812
13.875 0.9351954022988506
14.025 0.9018927203065135
14.174999999999999 0.9078467432950191
14.325 0.9314099616858238
14.475 0.9204367816091954
14.625 0.8928505747126437
14.774999999999999 0.8788965517241379
14.924999999999999 0.9185134099616858
