# r  Cs(r) [pure estimator]
0.15 0.00025176084173648245
0.44999999999999996 0.00025048458492480996
0.75 0.0002495134264457147
1.05 0.0002481314341265277
1.3499999999999999 0.00025185811217519767
1.65 0.0002542879337415715
1.95 0.000251734205711506
2.25 0.00024859020073646817
2.55 0.0002511707435703053
2.85 0.0002502053051985607
3.15 0.00024566184932245654
3.4499999999999997 0.00024217555249859653
3.75 0.0002521119264663718
4.05 0.0002465867584740977
4.35 0.00024163510296977325
4.6499999999999995 0.00025029757352628486
4.95 0.00024239990781952408
5.25 0.0002516806572408052
5.55 0.0002456428382387489
5.85 0.0002445880641557099
6.1499999999999995 0.00024638839216943874
6.45 0.00023924657215482325
6.75 0.00024646924324192755
7.05 0.00024932335852276196
7.35 0.00024371099615369014
7.6499999999999995 0.00024183834342161192
7.949999999999999 0.00024349099528593205
8.25 0.000241032091768871
8.549999999999999 0.00023934013307779279
8.85 0.00023962089551612378
9.15 0.00024256908133422594
9.45 0.0002393862136711012
9.75 0.00023974448127485478
10.049999999999999 0.00024194111554294014
10.35 0.00024275170940856017
10.65 0.00024238096556808124
10.95 0.00023741057158578054
11.25 0.00024140923362836515
11.549999999999999 0.00024429435078081817
11.85 0.00024080764293717873
12.15 0.0002436919856940075
12.45 0.00023868142210087037
12.75 0.000240039163022304
13.049999999999999 0.0002386649267918972
13.35 0.00024034040306865435
13.65 0.0002405946614887148
13.95 0.00024052344057495017
14.25 0.0002407253568767774
14.549999999999999 0.000236720718002968
14.85 0.00024051689832298902
15.149999999999999 0.0002399061370386479
15.45 0.00023872346857054926
15.75 0.00023686388009511603
16.05 0.00023000786839019434
16.349999999999998 0.0002385194351297371
16.65 0.00023830636252952352
16.95 0.00023434528283911796
17.25 0.00024132811440021463
17.55 0.0002366005466609931
17.849999999999998 0.0002372524920712504
18.15 0.00023957846027291391
18.45 0.00023959650220582084
18.75 0.0002345941842679678
19.05 0.0002353206851959745
19.349999999999998 0.00024156436570488878
19.65 0.00023502928946156663
19.95 0.00023390597380705191
20.25 0.00023723279696948044
20.55 0.00023166420581159872
20.849999999999998 0.00023443263750370653
21.15 0.0002339796843580254
21.45 0.00023643548281136856
21.75 0.00023730605265028212
22.05 0.00023813894651963672
22.349999999999998 0.0002376397804845315
22.65 0.00023804357835476508
22.95 0.0002348163901332584
23.25 0.00023852962790489482
23.55 0.00023730229399067254
23.849999999999998 0.00023930490243965891
24.15 0.00023633589392054783
24.45 0.00024421970000403895
24.75 0.00024030543021088453
25.05 0.0002324234902420432
25.349999999999998 0.00023650327156808282
25.65 0.00023756151172873985
25.95 0.00023289725663812067
26.25 0.00023770576214152977
26.55 0.00023649494230611705
26.849999999999998 0.00023573634903004373
27.15 0.00023702689007508592
27.45 0.0002345525821781872
27.75 0.0002339412970158024
28.05 0.0002416557714108355
28.349999999999998 0.00023625010722286313
28.65 0.00023346401141581267
28.95 0.00023232109330643928
29.25 0.00023942308895365488
29.549999999999997 0.00023572333158318552
29.849999999999998 0.00023394185838378407
