0.2 -0.12282736550972828
0.6000000000000001 -0.07609400016344252
1.0 -0.07513667283994586
1.4000000000000001 -0.03161912437109294
1.8 -0.03418403320250111
2.2 -0.013339414265160544
2.6 -0.017026613922925753
3.0 -0.02199244976033946
3.4000000000000004 -0.006875765936695694
3.8000000000000003 0.027531820402173193
4.2 0.00032994938812064365
4.6000000000000005 -0.0366385767604474
5.0 -0.024230385768714825
5.4 -0.07170909721968867
5.800000000000001 -0.04579559361765543
6.2 -0.057330059617749944
6.6000000000000005 -0.036857387188513016
7.0 -0.05857547823704952
7.4 -0.0019104769561667791
7.800000000000001 0.03672389394029269
8.200000000000001 0.04249604701572344
8.6 0.02215981699140175
9.0 0.08643899852947673
9.4 0.06231575137666994
9.8 -0.00412081088764951
10.200000000000001 -0.024334816981140144
10.600000000000001 0.020084586604527128
11.0 0.0017098216161531277
11.4 0.005564528379094733
11.8 -0.036796541317265216
12.200000000000001 -0.031135118594797215
12.600000000000001 -0.010926428436132039
13.0 -0.04653742042846954
13.4 -0.06038839739147287
13.8 -0.023991089024076772
14.200000000000001 0.03361697721306183
14.600000000000001 0.015126806617187395
15.0 0.0006236914057688992
15.4 0.007022238278495378
15.8 0.006022283078879068
16.2 0.024215578307320452
16.6 0.0627857078184188
17.0 0.05311443903038112
17.400000000000002 0.040029901287702535
17.8 0.008610713243458105
18.2 -0.02082287612740872
18.6 -0.09810378687348645
19.0 -0.145979863211238
19.400000000000002 -0.10478457621323865
19.8 -0.0814231971655964
20.200000000000003 0.01668213084614134
20.6 0.021345055786106237
21.0 0.04629219489842676
21.400000000000002 0.06279756264810976
21.8 0.013183295761666937
22.200000000000003 -0.013585134789280685
22.6 0.03519847003645087
23.0 0.1052326045147167
23.400000000000002 0.11717257069317497
23.8 0.08753573622088529
24.200000000000003 0.06712358893320063
24.6 0.054190699200738636
25.0 0.057626164811250435
25.400000000000002 0.01211256338974012
25.8 0.01627999185360896
26.200000000000003 -0.0363281662973077
26.6 -0.06403219459555945
27.0 -0.03509945409093538
27.400000000000002 -0.03460523350891401
27.8 -0.018590406160814588
28.200000000000003 -0.07032984913176188
28.6 -0.1317216234946717
29.0 -0.09174445799268395
29.400000000000002 -0.09707783199778043
29.8 -0.07026666807704919
30.200000000000003 -0.0731287200455463
30.6 -0.05023398360527357
31.0 0.0011164267171225783
31.400000000000002 0.04769321248666278
31.8 0.0916362044434716
32.2 0.04036719543988335
32.6 0.007250569150894487
33.0 -0.0035306544577877364
33.4 -0.04411917697989584
33.800000000000004 -0.03340991943142481
34.2 -0.0480527417916579
34.6 -0.04316849337636034
35.0 -0.018960296147496367
35.4 -0.005648374477409086
35.800000000000004 -0.031603789361026105
36.2 -0.06547488367433503
36.6 -0.0832956586035703
37.0 -0.0667212737203916
37.4 -0.05568900353443486
37.800000000000004 -0.059565645487948383
38.2 0.002379370784093718
38.6 0.055525180538217214
39.0 0.05366439376676191
39.400000000000006 0.026414289086067105
39.800000000000004 -0.05788277718773927
