# P_value  count
-1.0 230.0
-0.9666666666666667 3593.0
-0.9333333333333333 5792.0
-0.9 11538.0
-0.8666666666666667 20222.0
-0.8333333333333334 26353.0
-0.8 28409.0
-0.7666666666666667 29210.0
-0.7333333333333333 22295.0
-0.7 17723.0
-0.6666666666666666 12969.0
-0.6333333333333333 8480.0
-0.6 4466.0
-0.5666666666666667 2974.0
-0.5333333333333333 1574.0
-0.5 904.0
-0.4666666666666667 541.0
-0.43333333333333335 195.0
-0.4 92.0
-0.36666666666666664 49.0
-0.3333333333333333 30.0
-0.3 39.0
-0.26666666666666666 8.0
-0.23333333333333334 3.0
-0.2 0.0
-0.16666666666666666 0.0
-0.13333333333333333 0.0
-0.1 0.0
-0.06666666666666667 0.0
-0.03333333333333333 0.0
0.0 990.0
0.03333333333333333 0.0
0.06666666666666667 2.0
0.1 2.0
0.13333333333333333 2.0
0.16666666666666666 0.0
0.2 2.0
0.23333333333333334 0.0
0.26666666666666666 0.0
0.3 3.0
0.3333333333333333 1.0
0.36666666666666664 0.0
0.4 5.0
0.43333333333333335 4.0
0.4666666666666667 0.0
0.5 11.0
0.5333333333333333 21.0
0.5666666666666667 22.0
0.6 0.0
0.6333333333333333 23.0
0.6666666666666666 0.0
0.7 0.0
0.7333333333333333 0.0
0.7666666666666667 0.0
0.8 0.0
0.8333333333333334 0.0
0.8666666666666667 0.0
0.9 0.0
0.9333333333333333 0.0
0.9666666666666667 0.0
1.0 0.0
