0.2 -0.09722490344667015
0.6000000000000001 -0.08002744052511186
1.0 -0.06459358006109961
1.4000000000000001 -0.031660240340838836
1.8 -0.026649194898053653
2.2 -0.01854232650536929
2.6 -0.009866714566184867
3.0 -0.01270528388177605
3.4000000000000004 -0.021992849268119535
3.8000000000000003 0.006376925552850498
4.2 -0.01093793386534027
4.6000000000000005 -0.016337451469096056
5.0 -0.03731491302960529
5.4 -0.051044021758957524
5.800000000000001 -0.06959453553042558
6.2 -0.046916875049058636
6.6000000000000005 -0.03795975139532017
7.0 -0.04824999386106359
7.4 0.0172453978239571
7.800000000000001 0.055465699797693176
8.200000000000001 0.017163480023026253
8.6 0.039345783301507155
9.0 0.08903257475097115
9.4 0.06739019644923379
9.8 0.0054610677358092425
10.200000000000001 -0.03399977214542281
10.600000000000001 0.003291159324272461
11.0 -0.0024323387698389994
11.4 0.009795793029325964
11.8 -0.028538866398028735
12.200000000000001 -0.038226487231756937
12.600000000000001 -0.04091821683192658
13.0 -0.04856429084362452
13.4 -0.07156544917513147
13.8 -0.015190889469187913
14.200000000000001 0.032130148874077766
14.600000000000001 0.030432188912296963
15.0 0.020428438620920798
15.4 -0.0016386135064562618
15.8 -0.017585102699904136
16.2 0.053951679164629895
16.6 0.07027609411151302
17.0 0.04811437857352648
17.400000000000002 0.047280965420052265
17.8 0.02109991770738192
18.2 -0.045227850798645275
18.6 -0.09647108003693376
19.0 -0.12936917044117854
19.400000000000002 -0.14323179952473536
19.8 -0.091804138759726
20.200000000000003 -0.002278986331135198
20.6 0.047943705110932336
21.0 0.03574304722599619
21.400000000000002 0.047713715784489706
21.8 0.015112383079715203
22.200000000000003 0.010262906452633652
22.6 0.035162657404478444
23.0 0.10151677734922201
23.400000000000002 0.12617189180515812
23.8 0.10827539100127853
24.200000000000003 0.08573215806331573
24.6 0.052673961749521055
25.0 0.06409708466552147
25.400000000000002 0.0010154194780195008
25.8 -0.003744250112366844
26.200000000000003 -0.039907101204150155
26.6 -0.051629812143944506
27.0 -0.054917887668538785
27.400000000000002 -0.037403409300676066
27.8 -0.01840829479559848
28.200000000000003 -0.09363719514323816
28.6 -0.11586977906601734
29.0 -0.12398867577238182
29.400000000000002 -0.08889325557038877
29.8 -0.07586072149502145
30.200000000000003 -0.06710204962826032
30.6 -0.04959904897745193
31.0 -0.000885528811721015
31.400000000000002 0.07372939676797843
31.8 0.1138768152472459
32.2 0.05965948355756219
32.6 -0.0038414339647586016
33.0 0.010671381869231666
33.4 -0.038559723964069495
33.800000000000004 -0.048880228856524086
34.2 -0.07001080646377321
34.6 -0.03688295279340288
35.0 -0.045445059635844415
35.4 -0.0010667883504245571
35.800000000000004 -0.02775691025151212
36.2 -0.06754630126928937
36.6 -0.06895921364770055
37.0 -0.06374215388955498
37.4 -0.08007727581339862
37.800000000000004 -0.06904625962125718
38.2 0.0030786341584849147
38.6 0.040736627136254526
39.0 0.06347383671513161
39.400000000000006 0.011714141604117155
39.800000000000004 -0.02414037132628424
