0.2 -0.102747982477454
0.6000000000000001 -0.08024031316829171
1.0 -0.07524029608794965
1.4000000000000001 -0.02571157559082133
1.8 -0.03292509689525958
2.2 -0.012611937969983463
2.6 -0.012897610682997796
3.0 -0.01893200210875964
3.4000000000000004 -0.0154347066447423
3.8000000000000003 0.027299192559093324
4.2 -0.010450676740438097
4.6000000000000005 -0.03400366362699072
5.0 -0.024223289583485554
5.4 -0.06457642317706927
5.800000000000001 -0.058124986987225714
6.2 -0.06020053833799298
6.6000000000000005 -0.03625442827413888
7.0 -0.059865214968039086
7.4 0.0013509484784108843
7.800000000000001 0.046148565701061905
8.200000000000001 0.02390985786647241
8.6 0.035715162113228
9.0 0.07309523684528278
9.4 0.07565244485511373
9.8 0.004147328190066974
10.200000000000001 -0.021019917016856945
10.600000000000001 0.015874529953663077
11.0 0.002277264820307717
11.4 0.02468318081446
11.8 -0.03405011697328084
12.200000000000001 -0.02976289111356212
12.600000000000001 -0.017109295735594686
13.0 -0.04412300713436506
13.4 -0.07742590659234432
13.8 -0.02266597455427609
14.200000000000001 0.035870619881114285
14.600000000000001 0.026177429480612757
15.0 0.008350183664489719
15.4 0.0013537451214770224
15.8 -0.01515145114274851
16.2 0.03146009423942737
16.6 0.06757859095809439
17.0 0.04455583946114286
17.400000000000002 0.037855680905002284
17.8 0.010084782177007055
18.2 -0.0316495115153025
18.6 -0.10264566402217865
19.0 -0.13103087217577672
19.400000000000002 -0.11920612558997468
19.8 -0.08547671358145446
20.200000000000003 0.0012653742977172648
20.6 0.029313105019590995
21.0 0.04826318572145694
21.400000000000002 0.05954111016277979
21.8 0.021357976059194095
22.200000000000003 -0.011700435797343908
22.6 0.0357218544697508
23.0 0.10851976990426715
23.400000000000002 0.12253445122751215
23.8 0.10371698887058317
24.200000000000003 0.06776769667475845
24.6 0.05005883474339506
25.0 0.06134449226943022
25.400000000000002 0.0025992567055187488
25.8 0.005254709507434035
26.200000000000003 -0.04166964247094693
26.6 -0.05510633219758695
27.0 -0.044075019200753164
27.400000000000002 -0.02426732316533794
27.8 -0.00893868510710366
28.200000000000003 -0.0918802179673049
28.6 -0.12754065193482056
29.0 -0.09922454282002598
29.400000000000002 -0.08783198466168253
29.8 -0.07939008787048885
30.200000000000003 -0.08164090480872051
30.6 -0.04868189413140859
31.0 0.004653701900233527
31.400000000000002 0.0619196952990018
31.8 0.1126913666741471
32.2 0.04514459841421936
32.6 -0.0029924696638387828
33.0 0.0015606668658086245
33.4 -0.03705099983706122
33.800000000000004 -0.044172033559975614
34.2 -0.06380258797890495
34.6 -0.03661042686339945
35.0 -0.0341036203589635
35.4 0.0006659648527741986
35.800000000000004 -0.010435705567054079
36.2 -0.06302248839558343
36.6 -0.08731005586887576
37.0 -0.06863953790502546
37.4 -0.07283824678795726
37.800000000000004 -0.06530528879044524
38.2 0.01234893581617527
38.6 0.042733695794920284
39.0 0.04798836858420432
39.400000000000006 0.018831638881986235
39.800000000000004 -0.03692664211108877
