block_size         error    difference      rel_diff
-------------------------------------------------------
       2  9.618154e-08  3.976626e-08  4.134500e-01
       4  1.359478e-07  5.613804e-08  4.129382e-01
       8  1.920858e-07  7.911497e-08  4.118730e-01
      16  2.712008e-07  1.111444e-07  4.098232e-01
      32  3.823452e-07  1.552089e-07  4.059393e-01
      64  5.375541e-07  2.143695e-07  3.987868e-01
     128  7.519236e-07  2.899797e-07  3.856505e-01
     256  1.041903e-06  3.788870e-07  3.636489e-01
     512  1.420790e-06  4.670633e-07  3.287349e-01
    1024  1.887854e-06  5.175446e-07  2.741444e-01
    2048  2.405398e-06  4.626919e-07  1.923557e-01
    4096  2.868090e-06  3.081452e-07  1.074391e-01
    8192  3.176235e-06  4.067093e-07  1.280476e-01
   16384  3.582945e-06  8.217587e-08  2.293529e-02
   32768  3.665121e-06  2.354890e-07  6.425136e-02
   65536  3.900609e-06  2.381967e-07  6.106654e-02
  131072  4.138806e-06           ---           ---
