# k values and corresponding S(k) [pure estimator]
0.0 61.18696687566489
0.06981317007977318 0.6411119405875072
0.13962634015954636 0.7507031491190488
0.20943951023931956 0.8297754802914707
0.2792526803190927 0.9072911133165665
0.3490658503988659 0.9021726157617103
0.4188790204786391 0.9500286116699925
0.4886921905584123 0.9661609371902551
0.5585053606381855 0.9349460911619653
0.6283185307179586 0.9543852879153556
0.6981317007977318 0.9764934580407305
0.767944870877505 0.9582707527171161
0.8377580409572782 0.985085398390257
0.9075712110370514 0.9743938140271979
0.9773843811168246 0.970081762600776
1.0471975511965976 0.9915240194041357
1.117010721276371 0.9864727229265111
1.1868238913561442 0.9570308588006533
1.2566370614359172 0.9838793310473052
1.3264502315156905 1.0091094280909707
1.3962634015954636 0.9790967093729381
1.4660765716752369 0.9742527913822526
1.53588974175501 0.9868192347554776
1.6057029118347832 0.9687672213514849
1.6755160819145565 0.975581436044251
1.7453292519943295 0.9997814459963306
1.8151424220741028 0.9918344384291896
1.8849555921538759 0.9941051347161403
1.9547687622336491 0.9713839824172917
2.0245819323134224 0.9589642431715089
2.0943951023931953 0.9898018071544858
2.1642082724729685 0.9709812762798392
2.234021442552742 0.9635955559785094
2.303834612632515 1.0079194838909868
2.3736477827122884 0.9921291343921321
2.443460952792061 0.9852953870096801
2.5132741228718345 0.9808788007317322
2.5830872929516078 0.9768871337519115
2.652900463031381 1.0173684650466552
2.722713633111154 0.9982862024204336
2.792526803190927 0.9894081685422491
2.8623399732707004 1.0016603508502442
2.9321531433504737 0.977892754558272
3.001966313430247 0.9981425696575467
3.07177948351002 0.9971570774433839
3.141592653589793 0.987958863307118
3.2114058236695664 0.9798704703663692
3.2812189937493397 0.991453918849229
3.351032163829113 0.9740085056157436
3.420845333908886 0.9929228757305444
3.490658503988659 0.9984201153465667
3.5604716740684323 0.9795506617843993
3.6302848441482056 0.9975653946519449
3.7000980142279785 0.9836451207892677
3.7699111843077517 0.9827215102535116
3.839724354387525 0.9853369573215903
3.9095375244672983 0.9814670653754477
3.9793506945470716 0.9903614491600412
4.049163864626845 1.0006761642092934
4.118977034706618 1.0085995278275923
4.1887902047863905 0.9847446749899775
4.258603374866164 0.9742936125345387
4.328416544945937 0.9651525609501366
4.39822971502571 0.9793977450807829
4.468042885105484 0.9808622059847317
4.537856055185257 0.9790899842686643
4.60766922526503 0.9808101260709693
4.6774823953448035 0.9453360458421555
4.747295565424577 0.986452855864097
4.817108735504349 0.9716573198382021
4.886921905584122 0.982032064815422
4.956735075663896 0.9935383056635624
5.026548245743669 0.9830538944998589
5.096361415823442 0.9841071901488186
5.1661745859032155 0.9889706768052717
