# k  S_n(k)
0.0 60.0
0.10471975511965977 0.6004398406858255
0.20943951023931953 0.31479702249392594
0.3141592653589793 0.2733425697693191
0.41887902047863906 0.21070397192549778
0.5235987755982988 0.4460737571173847
0.6283185307179586 0.3544367274270382
0.7330382858376183 0.815073241196558
0.8377580409572781 0.5224142397743587
0.9424777960769379 0.8504477109513005
1.0471975511965976 1.1485271114744486
1.1519173063162573 0.6523843882471156
1.2566370614359172 1.5844974495769986
1.361356816555577 1.397616961969167
1.4660765716752366 1.256511879622499
1.5707963267948966 0.39411901111151926
1.6755160819145563 0.6626196364365232
1.780235837034216 0.8197426066535074
1.8849555921538759 0.8568149468983107
1.9896753472735356 0.8329922226627283
2.0943951023931953 1.0278489133471864
2.199114857512855 1.266714079970148
2.3038346126325147 0.8447059970079127
2.4085543677521746 1.1106633447381797
2.5132741228718345 0.9715697029567355
2.617993877991494 0.9403297747966282
2.722713633111154 1.222314891479834
2.827433388230814 1.2461310624442912
2.9321531433504733 1.063865909742151
3.036872898470133 1.0172651141591649
3.141592653589793 0.8451662318593703
3.2463124087094526 1.015548333982112
3.3510321638291125 1.3476977233961487
3.4557519189487724 0.9551511831875924
3.560471674068432 0.9271345571646685
3.665191429188092 1.2601746694123117
3.7699111843077517 0.9826708640900521
3.874630939427411 0.973447427439192
3.979350694547071 1.1524370280865932
4.084070449666731 0.9448281618591284
4.1887902047863905 1.0384786034145652
4.29350995990605 0.907375193127013
4.39822971502571 0.9115644547370987
4.50294947014537 1.0748005018001787
4.607669225265029 0.8926337054066097
4.71238898038469 0.9579340476247296
4.817108735504349 1.0659967042359342
4.921828490624009 1.019309014875913
5.026548245743669 0.9543445899000388
5.1312680008633285 1.1464491142224973
5.235987755982988 1.0271970464131461
5.340707511102648 1.2329120073629267
5.445427266222308 0.8323625012682064
5.550147021341967 1.0517342573013204
5.654866776461628 0.9420286493495305
5.759586531581287 0.9875961003505599
5.864306286700947 0.9350057920878665
5.969026041820607 1.0284812931032743
6.073745796940266 1.0844411619235328
6.178465552059926 0.9081198064710827
6.283185307179586 1.0980194111288588
6.387905062299246 0.9786237522052915
6.492624817418905 0.9816691190077637
6.5973445725385655 0.8842632965218747
6.702064327658225 1.1273315846729501
6.8067840827778845 1.098495911935613
6.911503837897545 0.8961025595993845
7.016223593017204 0.9108857036679341
7.120943348136864 1.0775355955197419
7.225663103256524 0.9266373221645569
7.330382858376184 0.8799967579077858
7.435102613495843 0.840260254273206
7.5398223686155035 1.0340831867942502
7.644542123735163 1.0105292332805371
7.749261878854822 0.9171254655644242
7.853981633974483 0.9850741569766822
7.958701389094142 0.9955634846547804
8.063421144213802 1.0969021601044
8.168140899333462 1.0558135453059785
8.27286065445312 0.9112469933986603
8.377580409572781 0.9860416161569446
8.482300164692441 1.0963232218656893
8.5870199198121 0.9378495780863513
8.69173967493176 1.0038811737697482
8.79645943005142 0.9433230369285576
8.90117918517108 0.937567812326732
9.00589894029074 1.011403589580028
9.1106186954104 0.894009370753384
9.215338450530059 1.026160231127469
9.320058205649719 1.0063144014035148
9.42477796076938 0.9765643011082036
9.529497715889038 1.0717477561138027
9.634217471008698 0.9334302393711857
9.738937226128359 1.0110868051762052
9.843656981248017 1.0661418915644099
9.948376736367678 0.9905955995249751
10.053096491487338 0.8962236612227932
10.157816246606997 0.9947493512961403
10.262536001726657 1.0282349635277857
10.367255756846317 0.9587434675396475
