0.2 -0.10922749404354154
0.6000000000000001 -0.07236886249882006
1.0 -0.0962374361591759
1.4000000000000001 -0.0543435632313621
1.8 -0.0200174327036127
2.2 -0.01643021165245563
2.6 0.004331316608865149
3.0 -0.015235523151505897
3.4000000000000004 -0.032637005328538506
3.8000000000000003 0.0348029553276914
4.2 0.013026558271025926
4.6000000000000005 -0.029605499556503257
5.0 -0.03729414624613317
5.4 -0.0631606602273338
5.800000000000001 -0.052057376556437024
6.2 -0.04972046370138946
6.6000000000000005 -0.03967659888379671
7.0 -0.06443628984253488
7.4 -0.0008932970018336097
7.800000000000001 0.03604636271169578
8.200000000000001 0.026668277146653274
8.6 0.010150357014003675
9.0 0.08183851122436248
9.4 0.0682189057214848
9.8 -0.0024224483737479703
10.200000000000001 -0.04315654894216112
10.600000000000001 0.020343226692586817
11.0 0.031306252575419115
11.4 0.015755730699877957
11.8 -0.016034721049636342
12.200000000000001 -0.03338631375220301
12.600000000000001 -0.022894928502924062
13.0 -0.06112216813025092
13.4 -0.05553091894555309
13.8 -0.022441090301621013
14.200000000000001 0.022659139138485218
14.600000000000001 0.016960258316832497
15.0 0.001948512937219618
15.4 -0.0024237132491306246
15.8 0.0030393989955310352
16.2 0.03893603588774454
16.6 0.07008225873729844
17.0 0.04764667327995465
17.400000000000002 0.031984609528512495
17.8 -0.0026466069156454194
18.2 -0.014570064321750615
18.6 -0.08614800170905734
19.0 -0.12702966160701853
19.400000000000002 -0.12149383937875384
19.8 -0.06189404998779138
20.200000000000003 0.0438493981019082
20.6 0.04571260546017959
21.0 0.05201090292582083
21.400000000000002 0.0483291315775358
21.8 -0.0014229492495498564
22.200000000000003 -0.020365043455116853
22.6 0.030135927525138044
23.0 0.12080950163986696
23.400000000000002 0.08917221292971354
23.8 0.08854297260605075
24.200000000000003 0.04727511490479317
24.6 0.04759775992316195
25.0 0.08983830966567577
25.400000000000002 0.026494139319299392
25.8 0.015124363427386553
26.200000000000003 -0.05114223788332737
26.6 -0.07340530828520207
27.0 -0.04259153308654367
27.400000000000002 -0.03540115314959037
27.8 -0.0021377267556561834
28.200000000000003 -0.06102434044757968
28.6 -0.1243300217532686
29.0 -0.10501837185617549
29.400000000000002 -0.08752601121651905
29.8 -0.08029811237179059
30.200000000000003 -0.07925718708466563
30.6 -0.04277114216365207
31.0 -0.011990487657635723
31.400000000000002 0.03742179172793408
31.8 0.09549053937557213
32.2 0.02511575915027482
32.6 -0.017817333671238406
33.0 0.0009064311931485718
33.4 -0.04060881974956005
33.800000000000004 -0.02204856716083724
34.2 -0.043074723508838265
34.6 -0.038832760219705054
35.0 -0.01840541275465102
35.4 -0.018609936741448316
35.800000000000004 -0.03076510100893593
36.2 -0.046162980555143236
36.6 -0.06839768289394717
37.0 -0.06528715948024304
37.4 -0.05117653002023813
37.800000000000004 -0.05304378853848436
38.2 0.012406373514497318
38.6 0.033827352958101624
39.0 0.055859600353716586
39.400000000000006 0.026972932576258664
39.800000000000004 -0.07254578975236935
