# k values and corresponding S(k) [pure estimator]
0.0 1.3035590590423927
0.20943951023931953 0.9768435682427229
0.41887902047863906 0.9727543423059534
0.6283185307179586 0.9710170792347573
0.8377580409572781 0.9693138826616753
1.0471975511965976 0.9754151259820089
1.2566370614359172 0.9755686047379244
1.4660765716752366 0.9746014548086563
1.6755160819145563 0.9712574316316877
1.8849555921538759 0.968563256281533
2.0943951023931953 0.9755237672933972
2.3038346126325147 0.9679749725544279
2.5132741228718345 0.9747763753949641
2.722713633111154 0.9686071381965081
2.9321531433504733 0.9782222448047575
3.141592653589793 0.9723884811681083
3.3510321638291125 0.9662832018996971
3.560471674068432 0.9768095927108045
3.7699111843077517 0.9779886436830686
3.979350694547071 0.9686317170317358
4.1887902047863905 0.9727458202005308
4.39822971502571 0.9725475817019164
4.607669225265029 0.9717749279828729
4.817108735504349 0.9664789195097504
5.026548245743669 0.9766369767786917
5.235987755982988 0.9715954059177998
5.445427266222308 0.972912557870719
5.654866776461628 0.9677872468484381
5.864306286700947 0.975792945816639
6.073745796940266 0.9753386654039409
6.283185307179586 0.9775511027948156
6.492624817418905 0.9722472557909567
6.702064327658225 0.9769750336837175
6.911503837897545 0.9756113766338655
7.120943348136864 0.9689304009970877
7.330382858376184 0.9764742306620049
7.5398223686155035 0.9745550426168649
7.749261878854822 0.9726705982422834
7.958701389094142 0.979051569340935
8.168140899333462 0.9718393007857424
8.377580409572781 0.9690770845725001
8.5870199198121 0.9705314656826503
8.79645943005142 0.9731040006577224
9.00589894029074 0.9759746189472628
9.215338450530059 0.9715234407756417
9.42477796076938 0.9677855095972531
9.634217471008698 0.9718709304908074
9.843656981248017 0.9723236988084824
10.053096491487338 0.9698587775428791
10.262536001726657 0.9715538499697985
10.471975511965976 0.9681025466124097
10.681415022205297 0.9738734029713003
10.890854532444616 0.9690905287310452
11.100294042683934 0.9693379985389363
11.309733552923255 0.9765293068914076
11.519173063162574 0.9715234869829018
11.728612573401893 0.9738171291693652
11.938052083641214 0.9729159789619373
12.147491593880533 0.9703018533080382
12.356931104119852 0.9692036050530214
12.566370614359172 0.9715387031376405
12.775810124598491 0.9731186755446641
12.98524963483781 0.9667551378235435
13.194689145077131 0.974565727418637
13.40412865531645 0.9699282159716172
13.613568165555769 0.9740487215261657
13.82300767579509 0.9769308977133746
14.032447186034409 0.9733249104951951
14.241886696273728 0.9714286741508836
14.451326206513048 0.971581350859327
14.660765716752367 0.9755592379688087
14.870205226991686 0.9722464638938872
15.079644737231007 0.975209643664833
15.289084247470326 0.9773022655376283
15.498523757709645 0.9744232308815738
