# k values and corresponding S(k) [pure estimator]
0.0 2.5707828678863143
0.07853981633974483 1.2244370507381257
0.15707963267948966 1.0644651372710519
0.23561944901923448 0.9924975391983183
0.3141592653589793 0.9923093312111342
0.39269908169872414 0.99644363475809
0.47123889803846897 0.957848364493684
0.5497787143782138 0.986747667601638
0.6283185307179586 0.9711261318056296
0.7068583470577035 0.9756739997000803
0.7853981633974483 0.985522868619542
0.8639379797371931 0.9859303200185354
0.9424777960769379 0.9713746278694362
1.0210176124166828 0.9769158163571969
1.0995574287564276 0.9767642665157014
1.1780972450961724 0.958810858500141
1.2566370614359172 0.9923235077929944
1.335176877775662 0.9729209142862327
1.413716694115407 0.9565906890569204
1.4922565104551517 0.9594303036728182
1.5707963267948966 0.9707032592751598
1.6493361431346414 0.9606305096717951
1.7278759594743862 0.9748555342078202
1.806415775814131 0.9809973598872722
1.8849555921538759 0.9817902087555226
1.9634954084936207 0.9657888161304823
2.0420352248333655 0.9707509778652128
2.1205750411731104 0.961287704259992
2.199114857512855 0.9697905575330185
2.2776546738526 0.960418764234332
2.356194490192345 0.9788797231924771
2.4347343065320897 0.9538626623913932
2.5132741228718345 0.9804223347154003
2.5918139392115793 0.9645411716941296
2.670353755551324 0.9655298469905549
2.748893571891069 0.9770761329256179
2.827433388230814 0.9782705079381478
2.9059732045705586 0.9704828376598893
2.9845130209103035 0.9625628606817676
3.0630528372500483 0.9785426561928325
3.141592653589793 0.9635358384509941
3.220132469929538 0.9948528053893353
3.2986722862692828 0.9677645558084992
3.3772121026090276 0.9848617903894387
3.4557519189487724 0.9791583526240513
3.5342917352885173 0.9656290930910587
3.612831551628262 0.9756621590693556
3.691371367968007 0.9635482866907068
3.7699111843077517 0.9726796278250368
3.8484510006474966 0.976466665471732
3.9269908169872414 0.9792856678194913
4.005530633326986 0.9629827410252996
4.084070449666731 0.9813004545918702
4.162610266006476 0.9864299996426312
4.241150082346221 0.9742721183030396
4.319689898685965 0.9817983539823764
4.39822971502571 0.9682806177215019
4.476769531365456 0.9625391075799535
4.5553093477052 0.9720540602408202
4.633849164044944 0.9506649746012813
4.71238898038469 0.9736649764710243
4.790928796724435 0.9631636157754497
4.869468613064179 0.9801317462228142
4.948008429403924 0.9784416668213372
5.026548245743669 0.9700822294985312
5.105088062083414 0.9865258707467903
5.183627878423159 0.9696810511372748
5.262167694762903 0.9822773395476255
5.340707511102648 0.9705013178785712
5.419247327442394 0.9712918523899199
5.497787143782138 0.9795632309021165
5.576326960121882 0.9689495335432637
5.654866776461628 0.9634718846062564
5.733406592801373 0.9754237454781435
5.811946409141117 0.9784694972089856
