# block  <P^4>
1 0.0
2 0.0010815709800335305
3 0.0012476463953665603
4 0.0010559582990397809
5 0.0016594433775339132
6 0.0007092969974089295
7 0.0012719483005639415
8 0.0012667326576791598
9 0.001300898277701561
10 0.0009132810298486283
11 0.0006257538789818621
12 0.0012631564700502974
13 0.0009120373113854532
14 0.0010272929126657472
15 0.0012248350947939384
16 0.0013759907331199446
17 0.0006591922451823363
18 0.0021157016308489575
19 0.0009595466544734013
20 0.0013027206828227318
21 0.0014714891022709902
22 0.001517877396738296
23 0.0012072379210486175
24 0.0018418736168267051
25 0.001258666666666666
26 0.0007060540771223862
27 0.0007847133509684966
28 0.0007583704923030026
29 0.0014187347050754412
30 0.0011065530254534388
31 0.0021218975414982097
32 0.0011292057794725033
33 0.0015895635421429627
34 0.001373311385459529
35 0.0021866115531168897
36 0.0013881413199207456
37 0.00076532577351013
38 0.0011410499662900244
39 0.0054809135610233055
40 0.000609526108824875
41 0.0011911307130938252
42 0.002659389688196276
43 0.0009208396281054738
44 0.0013713411979881125
45 0.0005852166438042934
46 0.0011667092211553106
47 0.0006287514040600445
48 0.0008727421336474823
49 0.0006678652644413935
50 0.001489298555761509
51 0.0016836982167352528
52 0.0015479493979576261
53 0.0025400534813124357
54 0.0009073380277396733
55 0.0008158082358895424
56 0.0007386256550713154
57 0.001263973174820905
58 0.0011696002438652674
59 0.0014679862216125492
60 0.000780138881268102
61 0.000909317969821673
62 0.0012023879286694183
63 0.0005243381470176132
64 0.000881306873952138
65 0.0009932678555098268
66 0.0013141384545038786
67 0.002498016278006385
68 0.001023166620362169
69 0.0008493378896671063
70 0.0015218414266117868
71 0.00102022959914647
72 0.0007162522786160609
73 0.0017962727632982792
74 0.0019297172991921895
75 0.0013725056546258234
76 0.0013815408626733756
77 0.001281573174820904
78 0.0004597472336534062
79 0.0006384395061728372
80 0.0008110397610897665
81 0.001446721527197057
82 0.001170174302697758
83 0.0012545323294294412
84 0.0005512501143118421
85 0.0008878192958390503
86 0.0006258484987044623
87 0.0006521844840725496
88 0.001453662082468667
89 0.0010036361616913355
90 0.0008732900472488874
91 0.0017780121322969011
92 0.0007661810089925302
93 0.0008652727328151166
94 0.0009446530711781692
95 0.001160268739521422
96 0.0011809463191586643
97 0.0005106360793603593
98 0.0013973282121627743
99 0.0014838957475994583
100 0.001630204873369018
101 0.001195734796524921
102 0.000670069074836147
103 0.000862568754762989
104 0.0008844407864654792
105 0.0007345087639079358
106 0.0007675675065402202
107 0.0009265024234110675
108 0.0007230273433927715
109 0.0010075705532693225
110 0.00044035304928461593
111 0.0005730402072854728
112 0.0012856093888126705
113 0.001485875206100777
114 0.0009661066300868759
115 0.0008027532388355412
116 0.0014796459076360294
117 0.0005912310928212143
118 0.0006698383782959848
119 0.0009103722225502416
120 0.0008051753086419769
121 0.0010327262307575085
122 0.001016078876161181
123 0.0009813106538637435
124 0.0013144215820759038
125 0.0005416776710867226
126 0.0008570954427678672
127 0.0013142833104709674
128 0.0009900566377076655
129 0.0010756083118222985
130 0.001178016765736928
131 0.001628178631306207
132 0.0014621997866178854
133 0.0005899283645785664
134 0.0009392426764212794
135 0.0005681809480262099
136 0.0006779247065996013
137 0.001617455631763451
138 0.0019551392775491536
139 0.00135574104298384
140 0.0013594104721676727
141 0.0010762074074074043
142 0.0010763337296143894
143 0.001155103917085807
144 0.0009060923639689071
145 0.0013426333790580792
146 0.0017871169866023689
147 0.0010880090230147806
148 0.0013648629172382273
149 0.0010472781588172556
150 0.0014987829774600146
151 0.0012411032464563333
152 0.001288298491083679
153 0.0008095999999999973
154 0.001055167931717728
155 0.0011473139571904947
156 0.0011231497637555262
157 0.0007847040390184393
158 0.0015745519280597475
159 0.0008137891175125748
160 0.002165479652492007
161 0.000869540618808107
162 0.0010749744409857193
163 0.0009289997306458175
164 0.001838188324950463
165 0.0011056297515622535
166 0.0008283983539094619
167 0.0007123089558084237
168 0.0007935821532529328
169 0.0007603225844347548
170 0.0008871991464715691
171 0.0008719101657373292
172 0.0014020323731138524
173 0.0010628606614845274
174 0.002289902872618926
175 0.000703362536198746
176 0.0013261712543819546
177 0.0005999417494006698
178 0.0009090781987596434
179 0.0012100655387898194
180 0.0008724493431093003
181 0.0018905342478280757
182 0.0020133484529797187
183 0.001833154702027129
184 0.001807591769547335
185 0.0009450397796076753
186 0.001308911690291113
187 0.001048318488035367
188 0.0006909871056241444
189 0.0007737857021807667
190 0.0013293602804450555
191 0.0015344521871665864
192 0.0013019286084438276
193 0.0031247628152978016
194 0.0010218844688309684
195 0.0005077260173753976
196 0.0006779434842249613
197 0.0010426294936582996
198 0.001061069227251939
199 0.0011161978701073338
200 0.0005201136412132331
201 0.0005383347660417571
202 0.0012802111873190087
203 0.0015915668952903466
204 0.0011042411827465327
205 0.001868243987197075
206 0.0010717785703398836
207 0.0018376532845602897
208 0.0007340181069958815
