# block  <|P|>
1 0.0
2 0.12060000000000153
3 0.11213333333333388
4 0.10828888888888963
5 0.11215555555555651
6 0.11588888888889015
7 0.11428888888889052
8 0.1131313131313143
9 0.1116888888888901
10 0.11362473584695887
11 0.11213333333333411
12 0.12891111111111228
13 0.10188888888888994
14 0.12286666666666705
15 0.11197691197691349
16 0.12017777777777859
17 0.1035849476731252
18 0.14206666666666729
19 0.10722222222222302
20 0.12482222222222245
21 0.1311777777777783
22 0.1204444444444455
23 0.11684444444444536
24 0.14371111111111246
25 0.11124444444444578
26 0.09140000000000059
27 0.10067710067710145
28 0.0998888888888898
29 0.1473555555555569
30 0.12028888888889054
31 0.12032032032032147
32 0.1317539761984214
33 0.1118666666666677
34 0.12437777777777828
35 0.14688888888888962
36 0.10402222222222368
37 0.10217777777777923
38 0.1329996663330006
39 0.18311644978311603
40 0.09373333333333383
41 0.10454899343788318
42 0.12958152958153055
43 0.11382222222222275
44 0.10697777777777892
45 0.1121333333333349
46 0.11468888888888983
47 0.08720168720168806
48 0.09104229104229195
49 0.10260000000000108
50 0.11982701264138548
51 0.12771111111111252
52 0.13222222222222355
53 0.12205538872205628
54 0.10131111111111173
55 0.1012024048096203
56 0.11211211211211204
57 0.11733333333333443
58 0.11733333333333408
59 0.13122222222222252
60 0.10344444444444566
61 0.10426666666666722
62 0.1274222222222232
63 0.10023356690023418
64 0.10953333333333384
65 0.12037777777777883
66 0.11179999999999994
67 0.15475555555555703
68 0.11671671671671716
69 0.0998334998335005
70 0.11886666666666736
71 0.11882222222222343
72 0.11164444444444584
73 0.12495555555555658
74 0.1309111111111121
75 0.11602222222222347
76 0.12971111111111264
77 0.10837777777777866
78 0.09997777777777819
79 0.11264444444444567
80 0.11104471004869491
81 0.11722833945056295
82 0.13213333333333446
83 0.12434232434232521
84 0.09875555555555594
85 0.10337777777777904
86 0.09675555555555683
87 0.09813333333333375
88 0.11228771228771343
89 0.11909687465243189
90 0.10513333333333372
91 0.12717777777777878
92 0.08673333333333448
93 0.10148888888888954
94 0.11742222222222302
95 0.11233333333333412
96 0.10306666666666783
97 0.08962148962149018
98 0.12375555555555598
99 0.1351111111111121
100 0.129373818262708
101 0.11431111111111192
102 0.10484444444444539
103 0.10064444444444631
104 0.11044444444444533
105 0.09562222222222354
106 0.11084417751084509
107 0.11424444444444555
108 0.10817777777777898
109 0.09691111111111216
110 0.09344900456011622
111 0.11646666666666723
112 0.12173333333333365
113 0.11042153264375583
114 0.1222444444444453
115 0.10826666666666682
116 0.1318444444444449
117 0.09486666666666753
118 0.0912444444444457
119 0.11384718051384865
120 0.10924444444444553
121 0.1072222222222226
122 0.11017871017871177
123 0.0968666666666681
124 0.13297777777777844
125 0.09504444444444506
126 0.10655555555555658
127 0.1202000000000012
128 0.11108888888889017
129 0.12292152292152286
130 0.11446666666666763
131 0.11866666666666748
132 0.09957777777777867
133 0.09455555555555656
134 0.10848888888888986
135 0.08771111111111222
136 0.08135555555555608
137 0.11966666666666781
138 0.13411111111111265
139 0.11603951603951664
140 0.12438672438672549
141 0.11824444444444479
142 0.10637777777777883
143 0.10728888888889043
144 0.09380000000000122
145 0.11888888888889024
146 0.12433756401692247
147 0.11971111111111193
148 0.11873333333333487
149 0.1309111111111122
150 0.12387943499054657
151 0.13082222222222323
152 0.11597777777777885
153 0.11413333333333425
154 0.10404444444444567
155 0.11444111444111525
156 0.11960000000000107
157 0.09580000000000091
158 0.11317777777777915
159 0.09333333333333405
160 0.1404000000000007
161 0.10711111111111127
162 0.10808586364141948
163 0.11048951048951086
164 0.13482222222222284
165 0.10406666666666782
166 0.10193333333333451
167 0.1018574129685243
168 0.10649350649350822
169 0.09600711822934146
170 0.09802222222222298
171 0.11823731823731981
172 0.1106888888888897
173 0.10348888888888971
174 0.1380619380619378
175 0.10968888888888935
176 0.13015555555555688
177 0.1058836614392189
178 0.11128906684462367
179 0.11228888888888906
180 0.12109887665443293
181 0.1259111111111127
182 0.10771111111111215
183 0.11835555555555699
184 0.1362666666666674
185 0.11040071040071124
186 0.1341777777777791
187 0.12268888888889035
188 0.09197777777777888
189 0.11606171606171707
190 0.12004444444444523
191 0.11922222222222303
192 0.10971111111111188
193 0.13786213786213902
194 0.12211111111111235
195 0.10813333333333365
196 0.09133333333333384
197 0.12396492396492494
198 0.10682222222222389
199 0.10940170940171065
200 0.10935555555555612
201 0.09104444444444569
202 0.12262222222222251
203 0.13122222222222232
204 0.09975555555555683
205 0.13582222222222315
206 0.10853333333333386
207 0.1337555555555564
208 0.11144444444444478
