# r  Cs(r) [pure estimator]
0.05 2.0084424763867423e-5
0.15000000000000002 1.8692297003068915e-5
0.25 1.8564408772273297e-5
0.35000000000000003 1.74451237791389e-5
0.45 2.073628318836064e-5
0.55 2.0920312465725613e-5
0.65 1.8577569805765558e-5
0.75 1.957934335928315e-5
0.8500000000000001 1.4618007360097855e-5
0.9500000000000001 1.5790445836523898e-5
1.05 1.9851313085354602e-5
1.1500000000000001 1.567429452284975e-5
1.25 1.6595345231645974e-5
1.35 1.6285957378285435e-5
1.4500000000000002 1.5950474925496917e-5
1.55 1.5192805196097406e-5
1.6500000000000001 1.6939463494834843e-5
1.75 1.4013029817492643e-5
1.85 1.4368806106898204e-5
1.9500000000000002 1.5351726291095668e-5
2.0500000000000003 1.6670724418346197e-5
2.15 1.691113159943181e-5
2.25 1.873365444027212e-5
2.35 1.6007375047729948e-5
2.45 1.3721072831793547e-5
2.5500000000000003 1.315516874912072e-5
2.6500000000000004 1.684692018833842e-5
2.75 2.060759968498892e-5
2.85 1.3278490794715553e-5
2.95 1.8106516888469956e-5
3.0500000000000003 1.3739301526598766e-5
3.1500000000000004 1.5141814740706138e-5
3.25 1.3905251364066666e-5
3.35 1.5210362618897237e-5
3.45 1.4369961250489668e-5
3.5500000000000003 1.3675679753162187e-5
3.6500000000000004 2.3219659204728468e-5
3.75 1.966156378632017e-5
3.85 1.4238505983600313e-5
3.95 1.9432223561512886e-5
4.05 1.7801895383980475e-5
4.15 9.638491311341727e-6
4.25 2.2018241729050552e-5
4.3500000000000005 9.199952101193637e-6
4.45 1.1736241918527278e-5
4.55 8.472616074356072e-6
4.65 1.3502412295994473e-5
4.75 1.566849446692757e-5
4.8500000000000005 1.3413391990620978e-5
4.95 1.637747693233969e-5
5.050000000000001 1.1803442160567365e-5
5.15 2.0000291324536985e-5
5.25 1.0938889305664984e-5
5.3500000000000005 1.2930547802751714e-5
5.45 2.0559127738534022e-5
5.550000000000001 1.202746623365e-5
5.65 1.9850970135218705e-5
5.75 1.8721289134100572e-5
5.8500000000000005 1.2827792869100303e-5
5.95 1.3223703533709419e-5
6.050000000000001 1.3626312610115806e-5
6.15 1.6584248479048856e-5
6.25 1.897085094920825e-5
6.3500000000000005 1.4449118913442844e-5
6.45 1.588166996926591e-5
6.550000000000001 1.6997168252041158e-5
6.65 1.0454683251036476e-5
6.75 2.156299917586682e-5
6.8500000000000005 1.640186700338186e-5
6.95 1.3454825415685795e-5
7.050000000000001 1.5073881303030643e-5
7.15 1.7950928985854283e-5
7.25 1.7685151166053576e-5
7.3500000000000005 2.0032928685229616e-5
7.45 1.9026101939840372e-5
7.550000000000001 1.918208338566144e-5
7.65 1.336834422113345e-5
7.75 1.6171971137442444e-5
7.8500000000000005 1.6449942656764822e-5
7.95 1.2557548624154326e-5
8.05 1.3725693855099312e-5
8.15 1.5131713560054041e-5
8.25 1.170960328855625e-5
8.35 1.661123326980721e-5
8.450000000000001 1.1547009433950359e-5
8.55 1.4348019490519562e-5
8.65 1.6725137644845683e-5
8.75 1.2256975762380367e-5
8.85 1.1613771499308443e-5
8.950000000000001 1.6787122093406197e-5
9.05 9.311299982673098e-6
9.15 1.8015646817328705e-5
9.25 1.3625010956342027e-5
9.35 1.1725172885302493e-5
9.450000000000001 1.350506749835534e-5
9.55 1.4051505503253261e-5
9.65 1.4585756284969392e-5
9.75 1.914020298223472e-5
9.850000000000001 8.716353054782081e-6
9.950000000000001 1.7654830412430003e-5
