# k values and corresponding S(k) [pure estimator]
0.0 1.260669230309336
0.3141592653589793 0.9795291096095038
0.6283185307179586 0.9740211605526626
0.9424777960769379 0.9804036079392654
1.2566370614359172 0.9688733489701009
1.5707963267948966 0.9738754645245054
1.8849555921538759 0.9802458535957336
2.199114857512855 0.971193300645327
2.5132741228718345 0.9740313220260414
2.827433388230814 0.9678085346889008
3.141592653589793 0.9730963722020879
3.4557519189487724 0.9778887638705543
3.7699111843077517 0.9676119135970525
4.084070449666731 0.9657242108143179
4.39822971502571 0.9709954007877697
4.71238898038469 0.9719840511369798
5.026548245743669 0.9763340970046301
5.340707511102648 0.9678731295814718
5.654866776461628 0.9665871148284653
5.969026041820607 0.9711065460264812
6.283185307179586 0.9717493510754809
6.5973445725385655 0.975181572354709
6.911503837897545 0.9717156590367904
7.225663103256524 0.9659875717755827
7.5398223686155035 0.971144422174147
7.853981633974483 0.9708056953646677
8.168140899333462 0.9716310423235015
8.482300164692441 0.9711891898063911
8.79645943005142 0.9744089826482649
9.1106186954104 0.9742175305230829
9.42477796076938 0.9707541754738116
9.738937226128359 0.9670594478513053
10.053096491487338 0.9719202271113357
10.367255756846317 0.9729462888098477
10.681415022205297 0.9684131926251622
10.995574287564276 0.977987821959049
11.309733552923255 0.9732404472626007
11.623892818282235 0.971326768479818
11.938052083641214 0.9768994766231149
12.252211349000193 0.9739667202618639
12.566370614359172 0.9657355872413617
12.880529879718152 0.9694567090956115
13.194689145077131 0.9729409432576042
13.50884841043611 0.9722282314465708
13.82300767579509 0.9744467759695861
14.137166941154069 0.9709831710893326
14.451326206513048 0.9724951465330393
14.765485471872028 0.967944606279143
15.079644737231007 0.974895871696951
15.393804002589986 0.9684484423055368
15.707963267948966 0.9697652345566573
16.022122533307943 0.970674329590546
16.336281798666924 0.9722659685639735
16.650441064025905 0.9679879446508983
16.964600329384883 0.9738388751911404
17.27875959474386 0.9701236487710114
17.59291886010284 0.9725485292685536
17.907078125461823 0.9673400084297998
18.2212373908208 0.9711803734928146
18.535396656179778 0.9744830251607257
18.84955592153876 0.9723853162187388
19.16371518689774 0.9726177378334869
19.477874452256717 0.9689696935358234
19.792033717615695 0.9673312729094673
20.106192982974676 0.9681301394026001
20.420352248333657 0.9757193363731615
20.734511513692635 0.9713194156699847
21.048670779051612 0.9748284997782299
21.362830044410593 0.9646185884163633
21.676989309769574 0.9676944849328335
21.991148575128552 0.9761675803863213
22.30530784048753 0.9721332497133335
22.61946710584651 0.9710693018796819
22.93362637120549 0.964967940115158
23.24778563656447 0.983954423587418
