0.125 0.8600979591836735
0.375 0.8548897959183673
0.625 0.861825850340136
0.875 0.875730612244898
1.125 0.8919755102040816
1.375 0.9388136054421768
1.625 1.0128979591836735
1.875 1.0637469387755103
2.125 1.04334693877551
2.375 1.0264054421768707
2.625 1.0330884353741496
2.875 1.0192136054421768
3.125 0.9768979591836735
3.375 0.9675238095238096
3.625 0.9504843537414966
3.875 0.954312925170068
4.125 0.9539727891156463
4.375 1.03836462585034
4.625 1.0735836734693878
4.875 1.0157551020408164
5.125 1.031687074829932
5.375 1.0217115646258503
5.625 1.0074857142857143
5.875 0.9849904761904762
6.125 1.0315727891156463
6.375 0.9918068027210885
6.625 1.0301986394557823
6.875 1.0555129251700681
7.125 1.0089170068027211
7.375 0.9888081632653061
7.625 0.9822204081632653
7.875 0.9800027210884353
8.125 0.9776897959183674
8.375 0.9838721088435374
8.625 0.9900108843537415
8.875 0.983439455782313
9.125 0.9512163265306123
9.375 0.9283510204081633
9.625 0.9423265306122449
9.875 0.9275700680272109
10.125 0.9232244897959183
10.375 0.951425850340136
10.625 0.9598013605442177
10.875 0.939665306122449
11.125 0.9199074829931972
11.375 0.891795918367347
11.625 0.9249224489795919
11.875 0.9696027210884354
12.125 1.031308843537415
12.375 1.0631537414965986
12.625 1.0438829931972788
12.875 1.0660272108843538
13.125 1.0612299319727891
13.375 1.0605142857142857
13.625 1.0590775510204082
13.875 1.0473034013605442
14.125 1.0326639455782314
14.375 1.0262530612244898
14.625 1.037730612244898
14.875 1.0640027210884353
15.125 0.9926340136054421
15.375 1.0064299319727892
15.625 1.019104761904762
15.875 0.9750666666666666
16.125 0.9341442176870748
16.375 0.9651156462585034
16.625 0.9813061224489796
16.875 1.0263102040816328
17.125 1.0117687074829933
17.375 1.0011727891156463
17.625 0.9529333333333333
17.875 0.9915020408163265
18.125 1.0464108843537414
18.375 1.0515238095238095
18.625 1.1061251700680272
18.875 1.0836870748299319
19.125 1.0671428571428572
19.375 1.0416571428571428
19.625 1.0200897959183672
19.875 1.0017061224489796
20.125 0.9720734693877551
20.375 0.971578231292517
20.625 1.0010149659863945
20.875 0.975643537414966
21.125 0.9745986394557823
21.375 1.0298204081632654
21.625 1.0423183673469387
21.875 1.0442965986394557
22.125 1.03901768707483
22.375 1.0683510204081632
22.625 1.0414068027210885
22.875 1.041208163265306
23.125 1.088677551020408
23.375 1.054691156462585
23.625 1.0134748299319727
23.875 1.0343673469387755
24.125 1.0195102040816326
24.375 1.0167836734693878
24.625 1.0163102040816328
24.875 0.9932136054421769
