# block  <|P|>
1 0.0
2 0.3072666666666674
3 0.49757152361942775
4 0.5260260260260248
5 0.608341675008342
6 0.6176666666666694
7 0.5659993326660013
8 0.5602333333333313
9 0.5722943722943724
10 0.561233333333336
11 0.5339005672339039
12 0.6296333333333336
13 0.5763666666666698
14 0.5715000000000002
15 0.5532333333333364
16 0.5698666666666722
17 0.5952380952380967
18 0.6560666666666689
19 0.7072666666666606
20 0.5802666666666678
21 0.5763666666666659
22 0.6739666666666654
23 0.5836000000000013
24 0.5840999999999956
25 0.5828333333333343
26 0.6038999999999979
27 0.6944666666666707
28 0.6885333333333334
29 0.560266666666668
30 0.5703000000000038
31 0.6286666666666695
32 0.7657333333333293
33 0.6735333333333332
34 0.6112000000000027
35 0.606800000000001
36 0.5495666666666679
37 0.5328333333333346
38 0.6178333333333356
39 0.5887666666666701
40 0.5941666666666671
41 0.5574000000000011
42 0.5379000000000007
43 0.5662333333333324
44 0.6117666666666646
45 0.6408666666666727
46 0.6345654345654343
47 0.6026026026026038
48 0.5707211698238617
49 0.5368333333333365
50 0.6478999999999984
51 0.6376000000000064
52 0.6599999999999986
53 0.5996000000000011
54 0.6269000000000028
55 0.680733333333334
56 0.6058000000000026
57 0.5958999999999991
58 0.5977644310977729
59 0.5297666666666693
60 0.6033000000000023
61 0.6185000000000013
62 0.5970999999999989
63 0.5618618618618629
64 0.6183333333333325
65 0.6237666666666708
66 0.5749000000000053
67 0.6238666666666736
68 0.582733333333333
69 0.612933333333332
70 0.5961000000000028
71 0.6276276276276219
72 0.5910000000000013
73 0.5922333333333321
74 0.599433333333338
75 0.5901666666666648
76 0.5350000000000025
77 0.5885666666666696
78 0.566200466200465
79 0.6371333333333317
80 0.5932333333333354
81 0.5775000000000039
82 0.5958666666666702
83 0.5668999999999997
84 0.5877999999999962
85 0.6375000000000017
86 0.5978333333333333
87 0.6217000000000047
88 0.5749000000000001
89 0.6227666666666656
90 0.5331000000000007
91 0.5495333333333396
92 0.6025666666666706
93 0.5755666666666721
94 0.6265333333333395
95 0.6632401862940801
96 0.5923666666666654
97 0.5826666666666664
98 0.5821666666666686
99 0.6247419247419264
100 0.5405666666666685
101 0.6273000000000026
102 0.5568000000000046
103 0.5524666666666673
104 0.6932599265932575
105 0.6471000000000068
106 0.6253666666666665
107 0.6589666666666665
108 0.5978333333333368
109 0.6339333333333299
110 0.5342999999999998
111 0.6762000000000059
112 0.598300000000003
113 0.6157333333333339
114 0.5754245754245748
115 0.6517666666666639
116 0.5803000000000033
117 0.7043666666666674
118 0.635566666666665
119 0.5818333333333354
120 0.6386000000000011
121 0.5914666666666708
122 0.6108333333333309
123 0.5927333333333347
124 0.5722333333333358
125 0.6728999999999985
126 0.5886333333333348
127 0.5829666666666646
128 0.5984999999999979
129 0.5310666666666676
130 0.5482333333333341
131 0.6747666666666736
132 0.6050949050949033
133 0.5823333333333329
134 0.541299999999997
135 0.5305999999999986
136 0.5219219219219218
137 0.5055333333333322
138 0.5739333333333322
139 0.5991658324991674
140 0.6748835662009367
141 0.5821000000000031
142 0.5950666666666652
143 0.585366666666666
144 0.6143333333333411
145 0.5826506826506825
146 0.553899999999999
147 0.5468000000000036
148 0.5764666666666654
149 0.5324657991324687
150 0.5376666666666667
151 0.6089666666666657
152 0.5708666666666671
153 0.6001999999999991
154 0.5475999999999993
155 0.5406260406260417
156 0.6509666666666621
157 0.626900000000004
158 0.5854000000000009
159 0.6591666666666692
160 0.5425999999999992
161 0.5538333333333327
162 0.6076666666666656
163 0.5846000000000051
164 0.5474333333333367
165 0.5940000000000004
166 0.6281333333333258
167 0.5677322677322664
168 0.6908241574908209
169 0.6136469803136466
170 0.5864666666666644
171 0.5910666666666655
172 0.6347666666666687
173 0.636763236763237
174 0.5817182817182828
175 0.5599933266599946
176 0.5447666666666683
177 0.5952333333333372
178 0.6148779672350361
179 0.6267333333333324
180 0.6321
181 0.5369999999999979
182 0.5764195056780251
183 0.6220000000000001
184 0.5710000000000035
185 0.5263000000000009
186 0.6227894561227912
187 0.5708666666666649
188 0.5917082917082904
189 0.72749999999999
190 0.6345987345987351
191 0.5941333333333356
192 0.5899666666666705
193 0.619366666666664
194 0.5854478854478871
195 0.6285000000000004
196 0.59533333333333
197 0.5686353019686372
198 0.6336002669336033
199 0.5795666666666686
200 0.5683666666666682
201 0.6535333333333342
202 0.5795000000000017
203 0.600666666666671
204 0.5712045378712024
205 0.5834831834831837
206 0.6204333333333305
207 0.5347666666666666
208 0.6225333333333406
