block_size         error    difference      rel_diff
-------------------------------------------------------
       2  2.921637e-07  1.204148e-07  4.121484e-01
       4  4.125785e-07  1.693827e-07  4.105466e-01
       8  5.819612e-07  2.370426e-07  4.073169e-01
      16  8.190038e-07  3.286226e-07  4.012468e-01
      32  1.147626e-06  4.474485e-07  3.898904e-01
      64  1.595075e-06  5.902119e-07  3.700214e-01
     128  2.185287e-06  7.343968e-07  3.360643e-01
     256  2.919684e-06  8.304537e-07  2.844328e-01
     512  3.750137e-06  7.666124e-07  2.044225e-01
    1024  4.516750e-06  5.916503e-07  1.309903e-01
    2048  5.108400e-06  3.045800e-07  5.962336e-02
    4096  5.412980e-06  3.186970e-07  5.887644e-02
    8192  5.731677e-06  6.475274e-09  1.129735e-03
   16384  5.738152e-06  -1.282512e-08  2.235061e-03
   32768  5.725327e-06  4.739483e-07  8.278099e-02
   65536  6.199275e-06  3.267700e-07  5.271099e-02
  131072  6.526045e-06           ---           ---
