0.125 0.05250427999917209
0.375 0.022082406289378048
0.625 0.0211290681209114
0.875 -0.011810700071615577
1.125 -0.009919492338787078
1.375 -0.03336659446567208
1.625 -0.048936582843105564
1.875 -0.10080567193038995
2.125 -0.10056076864594017
2.375 -0.09231499518827964
2.625 -0.10427950185260373
2.875 -0.10342705080482764
3.125 -0.06307708767988017
3.375 -0.067640031855588
3.625 -0.1001142511776354
3.875 -0.05523699300331422
4.125 0.014291849403313335
4.375 0.005437523641407136
4.625 0.02889899841266887
4.875 0.022729579729110598
5.125 -0.00434848947207812
5.375 -0.006484440964278449
5.625 -0.0007025825397261026
5.875 0.019722939657196525
6.125 -0.019859981552174964
6.375 0.004258567897491154
6.625 -0.03719734808609761
6.875 -0.024675827909405906
7.125 -0.016860329365914403
7.375 0.0006282884648024465
7.625 0.0038873592060244245
7.875 0.013464275778618676
8.125 -0.00755668851014988
8.375 -0.030385549031041917
8.625 -0.055684639288291
8.875 -0.01641068738512376
9.125 -0.007150618980081899
9.375 0.005597785857192545
9.625 -0.0116544151856332
9.875 -0.0005336305853334599
10.125 -0.010738595526994462
10.375 0.016051320507254517
10.625 -0.012478593619762068
10.875 -0.07295024379065063
11.125 -0.08796290763954447
11.375 -0.08088133537089874
11.625 -0.0624812903380312
11.875 -0.09789422190873824
12.125 -0.0974796229679887
12.375 -0.07494303905136665
12.625 -0.062133825021547726
12.875 -0.04473856806476932
13.125 -0.05788470113832526
13.375 -0.06368891360291741
13.625 -0.07941521868161822
13.875 -0.03820844099913867
14.125 -0.06331541827336117
14.375 -0.08380306786287481
14.625 -0.061266938665964735
14.875 -0.06419084963084186
15.125 -0.025134794686628423
15.375 -0.0209384371617445
15.625 -0.02656500281397463
15.875 -0.04199966811376204
16.125 -0.039779993264066324
16.375 -0.0500484919915542
16.625 -0.05201389985784236
16.875 -0.048862003455160945
17.125 -0.09544971102078506
17.375 -0.10721780942007811
17.625 -0.08135262558933506
17.875 -0.03262715849927243
18.125 -0.04003507204658627
18.375 -0.0223957678666091
18.625 0.012711395446140557
18.875 0.026048260460870557
19.125 0.04800457814358387
19.375 0.04662315276716587
19.625 0.0843316454653987
19.875 0.06916068041172994
20.125 0.038920837120026065
20.375 0.08616749287887823
20.625 0.09050051716081339
20.875 0.09472196937791243
21.125 0.021279497247018313
21.375 0.01744017773710455
21.625 -0.047240111764180824
21.875 -0.02530264065734178
22.125 -0.04373188230593229
22.375 0.0029294170800075784
22.625 0.002575265956782491
22.875 -0.013291638170911882
23.125 0.021751000078000512
23.375 0.017682755736992392
23.625 0.046587476909077954
23.875 0.021813304092789046
24.125 0.028183399741848587
24.375 0.07856474672244466
24.625 0.05653487996704869
24.875 -0.0006657188635389163
