# k  S_n(k)
0.0 10.0
0.6283185307179586 0.7465103627681479
1.2566370614359172 1.0395222603030398
1.8849555921538759 1.032733757396929
2.5132741228718345 0.9633006302950324
3.141592653589793 0.874876104795594
3.7699111843077517 0.9718762157915111
4.39822971502571 1.0226098921622548
5.026548245743669 1.080623509314189
5.654866776461628 1.0505450165049313
6.283185307179586 0.9365181745430167
6.911503837897545 0.9689883929971179
7.5398223686155035 1.0142411617050293
8.168140899333462 0.9851223015053879
8.79645943005142 1.013605888135307
9.42477796076938 0.985831569704244
10.053096491487338 0.9706216449133171
10.681415022205297 0.9985721014745067
11.309733552923255 0.997534192716239
11.938052083641214 1.012344214151987
12.566370614359172 1.0130130679797409
13.194689145077131 1.0093823497196266
13.82300767579509 1.0104822003427394
14.451326206513048 0.9900543994093369
15.079644737231007 1.0036293484969854
15.707963267948966 1.0005979162507732
16.336281798666924 1.005227817784199
16.964600329384883 1.000515474778817
17.59291886010284 0.9939729509500494
18.2212373908208 1.0263746022140048
18.84955592153876 0.9940817464069713
19.477874452256717 1.0185305197240715
20.106192982974676 1.0210042078044574
20.734511513692635 1.0023718491930456
21.362830044410593 0.9940134165335232
21.991148575128552 1.0121169227436597
22.61946710584651 1.0093644927023198
23.24778563656447 1.003138568301936
23.876104167282428 1.002977356684418
24.504422698000386 1.025211124637703
25.132741228718345 1.0130490807239556
25.761059759436304 0.9814847732223002
26.389378290154262 1.0007530130189202
27.01769682087222 0.9777041940165395
27.64601535159018 0.9801271610678931
28.274333882308138 0.9897678388373949
28.902652413026097 0.9892430882312513
29.530970943744055 0.9919318347846555
30.159289474462014 1.0005341893749338
30.787608005179973 0.996511445250576
31.41592653589793 1.0086212107702026
32.044245066615886 1.0348348919531598
32.67256359733385 1.0168304827515897
33.30088212805181 1.0196317007260869
33.929200658769766 0.9933229240362386
34.55751918948772 1.0233282343566752
35.18583772020568 1.0102336916392207
35.814156250923645 0.9964461111120135
36.4424747816416 0.9893664539382051
37.070793312359555 0.991708809399545
37.69911184307752 1.0157484386368139
38.32743037379548 1.0127976596494757
38.955748904513435 1.0219191531452458
39.58406743523139 1.0091364058391532
40.21238596594935 1.0257394499145656
40.840704496667314 0.9955891634370639
41.46902302738527 0.9849401337462798
42.097341558103224 0.9995349595056551
42.725660088821186 1.0045066655513482
43.35397861953915 1.0034677915252679
43.982297150257104 0.9881078053825392
44.61061568097506 0.9930929597074653
45.23893421169302 1.0248415892333367
45.86725274241098 0.9955819067933891
46.49557127312894 1.0062360699529493
47.12388980384689 0.9985466925476664
47.752208334564855 0.9957960438500859
48.38052686528282 0.9930264344240074
49.00884539600077 0.9798228457920259
49.63716392671873 1.0063981341429142
50.26548245743669 0.9909918821274544
50.89380098815465 1.0407535943826132
51.52211951887261 0.9938626516388783
52.15043804959056 0.991493556087147
52.778756580308524 1.0102444127113492
53.40707511102649 1.0101790269471185
54.03539364174444 1.006859573454344
54.6637121724624 0.9757633079841865
55.29203070318036 0.9784680811446258
55.92034923389832 1.0086410032607698
56.548667764616276 1.0002278381014518
57.17698629533423 1.0031121313507327
57.80530482605219 0.9708886076626356
58.433623356770156 0.9908085596593954
59.06194188748811 0.9852468561151265
59.690260418206066 1.0197703004256504
60.31857894892403 0.9905659819334867
60.94689747964199 0.9968615975141271
61.575216010359945 1.0186098079519867
62.2035345410779 0.9887741613824614
