# P_value  count
-1.0 0.0
-0.96 0.0
-0.92 0.0
-0.88 0.0
-0.84 0.0
-0.8 0.0
-0.76 0.0
-0.72 2.0
-0.68 36.0
-0.64 104.0
-0.6 183.0
-0.56 476.0
-0.52 890.0
-0.48 1686.0
-0.44 2150.0
-0.4 3072.0
-0.36 3903.0
-0.32 4904.0
-0.28 6609.0
-0.24 7320.0
-0.2 8412.0
-0.16 9606.0
-0.12 10238.0
-0.08 11087.0
-0.04 11616.0
0.0 12754.0
0.04 11806.0
0.08 11879.0
0.12 11577.0
0.16 10517.0
0.2 9789.0
0.24 8950.0
0.28 7669.0
0.32 6686.0
0.36 5235.0
0.4 4046.0
0.44 3289.0
0.48 2452.0
0.52 1758.0
0.56 1083.0
0.6 534.0
0.64 204.0
0.68 78.0
0.72 94.0
0.76 14.0
0.8 0.0
0.84 0.0
0.88 0.0
0.92 0.0
0.96 0.0
1.0 0.0
