block_size         error    difference      rel_diff
-------------------------------------------------------
       2  4.476120e-08  1.852279e-08  4.138135e-01
       4  6.328400e-08  2.616935e-08  4.135225e-01
       8  8.945335e-08  3.693859e-08  4.129369e-01
      16  1.263919e-07  5.205407e-08  4.118464e-01
      32  1.784460e-07  7.314193e-08  4.098827e-01
      64  2.515879e-07  1.022959e-07  4.066011e-01
     128  3.538839e-07  1.420933e-07  4.015252e-01
     256  4.959772e-07  1.958539e-07  3.948849e-01
     512  6.918311e-07  2.685927e-07  3.882345e-01
    1024  9.604237e-07  3.681708e-07  3.833420e-01
    2048  1.328594e-06  5.039248e-07  3.792917e-01
    4096  1.832519e-06  6.718399e-07  3.666209e-01
    8192  2.504359e-06  8.321429e-07  3.322778e-01
   16384  3.336502e-06  9.351714e-07  2.802850e-01
   32768  4.271673e-06  7.306452e-07  1.710443e-01
   65536  5.002319e-06  7.534620e-07  1.506226e-01
  131072  5.755781e-06           ---           ---
