# block  <P>
1 0.0
2 0.17093333333332805
3 0.4198198198198181
4 0.19242575909242554
5 -0.1257333333333334
6 -0.470236903570237
7 -0.5609999999999975
8 -0.4652318985652299
9 -0.43253253253253077
10 -0.7934869739479006
11 -0.8569999999999871
12 -0.8644956579826344
13 -0.8435769102435822
14 -0.8496162829496168
15 -0.839333333333331
16 -0.8296333333333216
17 -0.8486333333333247
18 -0.8628999999999983
19 -0.8786333333333276
20 -0.8461795128461822
21 -0.8652333333333266
22 -0.8696999999999931
23 -0.8682349015682364
24 -0.8353353353353293
25 -0.8502333333333194
26 -0.8625959292625931
27 -0.8416583416583434
28 -0.8733666666666666
29 -0.8589666666666602
30 -0.8138000000000065
31 -0.875633333333324
32 -0.8418333333333266
33 -0.843433333333332
34 -0.8435101768434977
35 -0.8908333333333369
36 -0.8199999999999957
37 -0.8479520479520516
38 -0.8428999999999904
39 -0.8469666666666684
40 -0.8824037184594814
41 -0.8423999999999942
42 -0.8203333333333296
43 -0.8374292374292304
44 -0.8481333333333404
45 -0.8547213880547202
46 -0.872566666666662
47 -0.8443889443889395
48 -0.8627333333333289
49 -0.8397666666666621
50 -0.8434666666666649
51 -0.8633699633699567
52 -0.8499000000000001
53 -0.8753912753912628
54 -0.8270999999999977
55 -0.8846819846819917
56 -0.8248000000000062
57 -0.8398666666666549
58 -0.8272333333333292
59 -0.847866666666661
60 -0.8310999999999957
61 -0.8723666666666601
62 -0.8691666666666631
63 -0.855233333333331
64 -0.8881666666666558
65 -0.8351000000000041
66 -0.8755000000000024
67 -0.8656999999999944
68 -0.860600000000005
69 -0.8609000000000008
70 -0.8394333333333338
71 -0.8395000000000042
72 -0.8571333333333262
73 -0.8851333333333307
74 -0.8322344322344339
75 -0.8509999999999994
76 -0.8752333333333309
77 -0.884233333333314
78 -0.8600666666666573
79 -0.8501333333333284
80 -0.8506333333333332
81 -0.8409333333333359
82 -0.8865198531865176
83 -0.8592999999999944
84 -0.8279612946279542
85 -0.8614333333333309
86 -0.8557999999999957
87 -0.822555889222549
88 -0.8897999999999889
89 -0.8367666666666642
90 -0.8706333333333207
91 -0.8506666666666682
92 -0.8742333333333321
93 -0.8478666666666588
94 -0.8523476523476513
95 -0.8105333333333355
96 -0.8477333333333313
97 -0.8577243910577151
98 -0.8505666666666641
99 -0.8380666666666589
100 -0.8646666666666553
101 -0.8730999999999959
102 -0.8772879091516244
103 -0.867833333333318
104 -0.8834999999999856
105 -0.8237333333333328
106 -0.8468333333333335
107 -0.8538538538538462
108 -0.8602666666666616
109 -0.8247666666666702
110 -0.8804999999999984
111 -0.8585666666666647
112 -0.8461333333333234
113 -0.8516816516816466
114 -0.8719333333333248
115 -0.8445666666666602
116 -0.8740999999999972
117 -0.8419247419247484
118 -0.8537999999999909
119 -0.8198999999999929
120 -0.8816999999999988
121 -0.8561999999999987
122 -0.8361027694361015
123 -0.834232434232435
124 -0.8321999999999984
125 -0.8375666666666658
126 -0.8457666666666679
127 -0.9051333333333297
128 -0.8607333333333305
129 -0.8375333333333354
130 -0.8020666666666701
131 -0.8613719613719558
132 -0.8559773559773474
133 -0.8697272122421695
134 -0.8448782115448816
135 -0.8445666666666576
136 -0.7724666666666693
137 -0.8433566433566316
138 -0.857366666666658
139 -0.8669330669330637
140 -0.8518852185518853
141 -0.8443333333333216
142 -0.8306666666666672
143 -0.8711666666666646
144 -0.7859859859859859
145 -0.8119000000000085
146 -0.8145666666666644
147 -0.8639666666666622
148 -0.8700400801603126
149 -0.8502666666666673
150 -0.8697000000000018
151 -0.8731268731268625
152 -0.8644000000000023
153 -0.8783666666666617
154 -0.8440106773440074
155 -0.8480480480480476
156 -0.8303999999999949
157 -0.8739999999999847
158 -0.8429999999999965
159 -0.8261666666666749
160 -0.8496999999999891
161 -0.838566666666665
162 -0.863133333333342
163 -0.8517999999999873
164 -0.8656666666666517
165 -0.8382999999999924
166 -0.8520999999999918
167 -0.7995333333333343
168 -0.8480000000000028
169 -0.8743999999999958
170 -0.8183333333333249
171 -0.8519333333333341
172 -0.8582999999999908
173 -0.8371666666666633
174 -0.8629333333333303
175 -0.8779999999999896
176 -0.83953953953954
177 -0.8657333333333298
178 -0.8481333333333315
179 -0.8901568234901516
180 -0.8320333333333347
181 -0.8560666666666478
182 -0.8541333333333329
183 -0.8353333333333323
184 -0.8516999999999945
185 -0.8606940273606916
186 -0.8582417582417532
187 -0.8638028638028615
188 -0.8304333333333274
189 -0.8579000000000011
190 -0.8324324324324346
191 -0.8441999999999945
192 -0.9104999999999962
193 -0.8665337321369165
194 -0.8374000000000009
195 -0.8606666666666715
196 -0.8738548980274009
197 -0.8556666666666589
198 -0.8489999999999989
199 -0.8355355355355293
200 -0.8659999999999898
201 -0.810366666666667
202 -0.8520999999999899
203 -0.8541333333333175
204 -0.8461666666666599
205 -0.8186853520186821
206 -0.8656656656656577
207 -0.8531666666666569
208 -0.8761999999999959
