# k  S_s(k)
0.0 0.0
0.07853981633974483 1.1475227485470096
0.15707963267948966 0.33411191740172896
0.23561944901923448 0.9385912272120106
0.3141592653589793 0.8969249498588401
0.39269908169872414 0.3789360233270307
0.47123889803846897 0.7338640334247514
0.5497787143782138 1.9278186759229154
0.6283185307179586 0.531648806023539
0.7068583470577035 0.26118085654989254
0.7853981633974483 3.086499924847228
0.8639379797371931 0.6495396837087123
0.9424777960769379 0.22966968121165537
1.0210176124166828 0.23378932818132103
1.0995574287564276 0.7320295085108348
1.1780972450961724 1.210826723644498
1.2566370614359172 0.6900719208418608
1.335176877775662 0.4967278041582735
1.413716694115407 2.4190216205610535
1.4922565104551517 0.7128484355890762
1.5707963267948966 1.3789082440714986
1.6493361431346414 0.8413774707925313
1.7278759594743862 0.6282856723911414
1.806415775814131 1.656040914107424
1.8849555921538759 0.6230724621504286
1.9634954084936207 0.7475831698684675
2.0420352248333655 0.6000382875213897
2.1205750411731104 1.6108315268401086
2.199114857512855 1.2159466246146855
2.2776546738526 0.6699717527147914
2.356194490192345 0.8178931320312759
2.4347343065320897 0.9914104298656699
2.5132741228718345 1.055349881202384
2.5918139392115793 1.219079909872927
2.670353755551324 1.4491179875434297
2.748893571891069 1.089058584220311
2.827433388230814 0.6652979117613417
2.9059732045705586 1.2017643250353949
2.9845130209103035 1.1892846369660737
3.0630528372500483 1.2106517969295718
3.141592653589793 0.8481522075188268
3.220132469929538 0.6210109901726909
3.2986722862692828 1.2839679744602237
3.3772121026090276 1.439355178796588
3.4557519189487724 0.7645172646884248
3.5342917352885173 0.9754480455279321
3.612831551628262 0.8791803861097006
3.691371367968007 0.9280212291119153
3.7699111843077517 0.8933213424507395
3.8484510006474966 1.0679952759439517
3.9269908169872414 0.8633713019328276
4.005530633326986 1.1185564822371363
4.084070449666731 1.0309368597340314
4.162610266006476 1.0492862725239105
4.241150082346221 1.2235214528285652
4.319689898685965 1.0676407237145278
4.39822971502571 0.965602003974932
4.476769531365456 1.3449440339937762
4.5553093477052 1.1288332625481223
4.633849164044944 0.8817082721511883
4.71238898038469 0.9725539771580792
4.790928796724435 1.1619372062055044
4.869468613064179 0.988114366245835
4.948008429403924 0.9797766062323782
5.026548245743669 1.313492449320223
5.105088062083414 0.892223596829096
5.183627878423159 1.0350086390028936
5.262167694762903 0.902568452229604
5.340707511102648 1.025578852449037
5.419247327442394 1.11064301534675
5.497787143782138 1.01969679227515
5.576326960121882 0.9287269283411772
5.654866776461628 0.9112736982451812
5.733406592801373 1.015116541515393
5.811946409141117 1.0422910278246986
5.890486225480862 0.9707173031750946
5.969026041820607 0.9781125547630266
6.047565858160352 0.9958907623702112
6.126105674500097 0.9637268368622383
6.204645490839841 0.9011245921842699
6.283185307179586 0.9530364833054841
6.3617251235193315 1.0604645785474225
6.440264939859076 1.0509306458163088
6.51880475619882 0.9486023713301218
6.5973445725385655 0.9992954559433798
6.675884388878311 1.1995304217566842
6.754424205218055 1.004155122589959
6.8329640215578 1.086554538642698
6.911503837897545 0.945533984891928
6.99004365423729 1.215160568016307
7.0685834705770345 1.1252929665182045
7.147123286916779 1.0529322045921274
7.225663103256524 1.0172428249366017
7.304202919596269 0.8746043011698215
7.382742735936014 1.0668714560973092
7.461282552275758 1.0920492823070926
7.5398223686155035 0.8860330279444826
7.618362184955249 1.0074798488694812
7.696902001294993 1.1695239159421655
7.7754418176347375 0.9922256541003303
