# r  Cs(r) [pure estimator]
0.1 4.8138110607786e-6
0.30000000000000004 6.365660397455002e-6
0.5 5.847781157899525e-6
0.7000000000000001 3.2723323253018345e-6
0.9 4.940258658678264e-6
1.1 6.096791264489866e-6
1.3 8.958146730487247e-6
1.5 4.968220984848342e-6
1.7000000000000002 7.5125987837296784e-6
1.9000000000000001 4.175965137543914e-6
2.1 5.507156884968314e-6
2.3000000000000003 7.139121439012601e-6
2.5 5.562448177111192e-6
2.7 2.7158928451292304e-6
2.9000000000000004 6.7150896910155755e-6
3.1 3.4483963372494762e-6
3.3000000000000003 5.832829821727116e-6
3.5 6.8449972109902556e-6
3.7 9.169045734104393e-7
3.9000000000000004 2.265196963753649e-6
4.1000000000000005 3.0258040472244572e-6
4.3 1.1493759348097424e-7
4.5 4.969655139597835e-6
4.7 4.191769065242398e-6
4.9 3.863162356983835e-6
5.1000000000000005 2.609496913747833e-6
5.300000000000001 5.644221533392429e-6
5.5 6.586568465496365e-6
5.7 5.722352140969021e-6
5.9 3.2862798161421464e-6
6.1000000000000005 3.6913119147316327e-6
6.300000000000001 5.318252473781729e-6
6.5 4.919424836196656e-6
6.7 3.154404294026853e-6
6.9 5.367262933206036e-7
7.1000000000000005 5.052603465216214e-6
7.300000000000001 1.5904993664532828e-6
7.5 4.9866920251185476e-6
7.7 1.427453498954513e-6
7.9 5.083955878296694e-6
8.1 2.7380625355447504e-6
8.3 2.4877174939731673e-6
8.5 4.5893439978968144e-6
8.700000000000001 3.3577326157573083e-6
8.9 1.8951665458851782e-6
9.1 6.1066704113229515e-6
9.3 -4.498627472580392e-7
9.5 2.4330633290306904e-6
9.700000000000001 5.965724197838118e-6
9.9 3.104843131920084e-6
10.100000000000001 2.646458616341606e-6
10.3 4.112884114630321e-6
10.5 5.0971448843169915e-6
10.700000000000001 4.118156174103178e-6
10.9 3.017421518110356e-6
11.100000000000001 4.681546673565203e-6
11.3 -1.557087640850038e-6
11.5 3.8249709956930234e-6
11.700000000000001 2.9063030761957935e-6
11.9 1.7307540480471249e-6
12.100000000000001 1.6244794267509586e-6
12.3 3.4527586094012466e-6
12.5 5.488097869487323e-6
12.700000000000001 -1.1448859591251526e-7
12.9 3.572496455451398e-6
13.100000000000001 3.1292727215466186e-6
13.3 -7.076173925069213e-7
13.5 1.5187885481001042e-6
13.700000000000001 3.0446139160758553e-6
13.9 2.9332155939196227e-6
14.100000000000001 3.1548270850895345e-6
14.3 2.1510797650232267e-6
14.5 2.9386902525272773e-6
14.700000000000001 2.429694359120199e-6
14.9 4.4720475303928225e-6
15.100000000000001 4.527826405210152e-6
15.3 1.44503068453978e-6
15.5 4.180045638004601e-6
15.700000000000001 4.7470965472112925e-6
15.9 2.543822539735945e-6
16.1 1.7101848035114342e-6
16.3 5.53094034730548e-6
16.5 -1.4166949075351634e-6
16.7 -2.291251267270171e-6
16.900000000000002 1.9868002630024017e-6
17.1 2.075110309660955e-6
17.3 4.311065993683958e-6
17.5 2.7425775615136116e-6
17.7 3.0022647734642203e-6
17.900000000000002 4.174461242871371e-6
18.1 -3.55238023116183e-7
18.3 3.053178051503486e-6
18.5 5.700244467202532e-8
18.7 -5.1727643370428975e-8
18.900000000000002 3.422222364077055e-7
19.1 7.861504624705848e-7
19.3 1.6048723545151783e-6
19.5 1.9784567512038733e-6
19.700000000000003 1.1292875001932587e-6
19.900000000000002 2.8083484177255655e-6
