# r  Cs(r) [pure estimator]
0.075 1.2957850610858945e-5
0.22499999999999998 9.34442975396028e-6
0.375 -7.839248386735533e-8
0.525 6.626707403939924e-6
0.6749999999999999 2.53553456119582e-6
0.825 8.420017546145105e-6
0.975 1.4333441953619736e-5
1.125 1.3062783758052773e-5
1.275 1.715115683044317e-5
1.425 4.735856873892686e-6
1.575 3.341925489893399e-6
1.7249999999999999 1.2403585463027844e-6
1.875 9.992374086474854e-6
2.025 1.6421744888137423e-5
2.175 1.8952080122539211e-6
2.3249999999999997 3.984114634707177e-6
2.475 -4.5531006749160664e-7
2.625 8.03829930378137e-6
2.775 8.672800020463722e-6
2.925 -5.144195914657804e-6
3.0749999999999997 -9.171645307368287e-7
3.225 1.2388724139426093e-6
3.375 1.0004624965778535e-5
3.525 4.598081951395619e-7
3.675 5.135378145463126e-6
3.8249999999999997 1.5997887751693225e-6
3.9749999999999996 8.611912545612474e-6
4.125 9.854497991117065e-6
4.2749999999999995 9.32295860443593e-6
4.425 2.3615110889910664e-6
4.575 4.801612998234791e-6
4.725 8.382066001663863e-6
4.875 1.13881176718708e-5
5.0249999999999995 5.016219384427191e-6
5.175 2.4227867381879044e-6
5.325 2.982017552055009e-6
5.475 -1.915606575678932e-6
5.625 4.125648983720513e-6
5.7749999999999995 9.26748737226034e-6
5.925 1.64688196939262e-5
6.075 9.165990776071999e-6
6.225 1.2353130152542883e-6
6.375 -3.6247417758504954e-6
6.5249999999999995 1.8428468447848354e-6
6.675 4.912028306576081e-6
6.825 5.098631893779753e-6
6.975 5.583236838258416e-6
7.125 3.919002445777985e-6
7.2749999999999995 9.195816407644162e-6
7.425 5.4354416498194225e-6
7.574999999999999 -1.5919065321612208e-6
7.725 2.346774705209321e-7
7.875 7.958994181410843e-6
8.025 -1.793750619035389e-8
8.174999999999999 -1.6316780897379533e-7
8.325 -6.568943144880299e-6
8.475 1.1009655083316754e-6
8.625 4.71385249583062e-6
8.775 1.5846921855947346e-6
8.924999999999999 -7.916844553888858e-6
9.075 3.7263479416069838e-6
9.225 8.036452141534114e-6
9.375 -4.702610724715545e-6
9.525 -3.5536569870551942e-6
9.674999999999999 4.562926198482586e-6
9.825 4.679358842060336e-7
9.975 -7.82325685173505e-6
10.125 6.270016458582421e-6
10.275 -4.215493101663671e-6
10.424999999999999 8.533546561066054e-6
10.575 8.772495053187678e-6
10.725 3.289017740964359e-6
10.875 5.992540978696219e-6
11.025 1.1387359102975469e-5
11.174999999999999 4.888869696829539e-6
11.325 -4.1690538515344323e-7
11.475 -3.334565635010838e-6
11.625 -3.34987303548602e-6
11.775 4.847658961625881e-6
11.924999999999999 7.256230908536642e-6
12.075 5.88482383403729e-6
12.225 -2.686187993248696e-6
12.375 2.175259764753781e-6
12.525 -5.258217600115063e-7
12.674999999999999 4.56084834632543e-6
12.825 -1.5056373261323696e-7
12.975 4.32103891797215e-7
13.125 -2.873634731696762e-7
13.275 -1.4894821247282074e-6
13.424999999999999 5.484738837257435e-6
13.575 6.125612248652021e-7
13.725 1.4796021305931324e-6
13.875 -8.980102857560231e-7
14.025 1.030266661617009e-6
14.174999999999999 -2.804529898489809e-6
14.325 6.757301386384056e-6
14.475 9.668994321497832e-6
14.625 3.3348328343084014e-6
14.774999999999999 4.484181105372297e-6
14.924999999999999 4.284289819417905e-6
