# P_value  count
-1.0 0.0
-0.9333333333333333 0.0
-0.8666666666666667 0.0
-0.8 0.0
-0.7333333333333333 3.0
-0.6666666666666666 28.0
-0.6 128.0
-0.5333333333333333 588.0
-0.4666666666666667 1929.0
-0.4 2782.0
-0.3333333333333333 6815.0
-0.26666666666666666 10924.0
-0.2 16385.0
-0.13333333333333333 22231.0
-0.06666666666666667 24203.0
0.0 29774.0
0.06666666666666667 26278.0
0.13333333333333333 21744.0
0.2 16620.0
0.26666666666666666 10740.0
0.3333333333333333 6451.0
0.4 2989.0
0.4666666666666667 1428.0
0.5333333333333333 630.0
0.6 96.0
0.6666666666666666 57.0
0.7333333333333333 8.0
0.8 0.0
0.8666666666666667 0.0
0.9333333333333333 0.0
1.0 0.0
