# block  <P>
1 0.0
2 0.013133333333333396
3 0.01602222222222223
4 0.0022466911355799885
5 0.0056888888888888545
6 0.008488888888889002
7 0.038488888888888934
8 0.032622222222222205
9 0.05776887999110225
10 -0.014266666666666605
11 -0.05488888888888895
12 0.00848888888888901
13 0.020398175953731328
14 0.009812409812409717
15 0.004092981870759701
16 0.02942942942942948
17 0.06735555555555583
18 0.05505605505605511
19 0.02571460349238122
20 0.08333333333333386
21 0.03516850183516881
22 0.1062173284395511
23 0.03793333333333317
24 0.00151111111111112
25 0.008755555555555398
26 0.03208888888888885
27 0.09712509712509733
28 0.10555555555555603
29 0.08991111111111125
30 0.031155555555555523
31 0.09702222222222254
32 0.10208888888888903
33 0.05737777777777774
34 -0.004711111111111238
35 0.03224444444444455
36 -0.004577777777777809
37 0.04448888888888921
38 -0.05938505938505937
39 -0.09337777777777763
40 -0.10414859303748218
41 -0.13435760409708356
42 -0.09268888888888872
43 -0.004070737404070646
44 -0.09617777777777842
45 -0.12691111111111106
46 -0.09482222222222216
47 -0.12053333333333269
48 -0.12938567309824767
49 -0.06089466089466148
50 -0.0763333333333326
51 -0.020644444444445128
52 0.0018000000000001873
53 -0.03282222222222236
54 -0.04206666666666714
55 0.021755555555555625
56 -0.03445667890112332
57 -0.004133333333333375
58 -0.03319999999999995
59 0.0014222222222223186
60 0.01650539428317262
61 0.006355555555556247
62 0.03760683760683738
63 0.01355176641034224
64 0.05771111111111148
65 0.03842222222222232
66 0.10986666666666606
67 0.10294739183628093
68 0.10166666666666697
69 0.06751111111111123
70 0.019044444444444836
71 -0.010911111111111219
72 0.06071111111111123
73 0.10404444444444441
74 0.09763569763569781
75 0.06797777777777765
76 -0.005577777777777839
77 0.10764444444444438
78 -0.05104444444444517
79 -0.12282222222222279
80 -0.14139194139194058
81 -0.042111111111111016
82 -0.03742222222222225
83 -0.009955555555555547
84 0.07602222222222225
85 0.12260000000000022
86 0.08277777777777819
87 0.08348888888888911
88 0.014296814296814352
89 0.025088888888888928
90 0.05946666666666681
91 0.11082193304415525
92 0.10380000000000023
93 0.08511111111111097
94 0.09960000000000024
95 -0.02153333333333349
96 -0.07617777777777777
97 -0.03988888888888895
98 -0.004022222222222214
99 0.0005333333333330472
100 0.011166611166611613
101 0.03402222222222183
102 0.0374374374374373
103 0.056933333333333315
104 0.05575555555555638
105 0.09335555555555522
106 0.10882222222222257
107 0.07084444444444465
108 0.11228888888888876
109 0.0858444444444449
110 0.1480000000000003
111 0.12335555555555588
112 0.0417555555555555
113 0.07937777777777742
114 0.08837777777777703
115 0.04266666666666641
116 0.04022222222222229
117 0.05308888888888866
118 0.09968888888888844
119 0.14148888888888955
120 0.05602222222222221
121 0.0817555555555557
122 0.03602222222222218
123 0.027599999999999923
124 0.0417999999999999
125 0.11410811410811435
126 0.03444444444444441
127 0.02162222222222233
128 -0.00964444444444446
129 -0.027577777777777677
130 -2.222222222213921e-5
131 0.017577777777777935
132 -0.0024444444444445467
133 -0.07520000000000016
134 -0.03058614169725275
135 -0.07395555555555595
136 0.04935555555555539
137 -0.027600000000000072
138 0.0007333333333333234
139 0.008266666666666742
140 -0.0002888888888889832
141 -0.012010212010211962
142 -0.10759999999999978
143 -0.10711510711510723
144 -0.08006666666666666
145 -0.08846708846708867
146 0.04606666666666657
147 0.07662222222222229
148 0.07695555555555592
149 0.04055555555555507
150 0.11171111111111097
151 0.051785118451785156
152 0.11211111111111167
153 0.05771111111111085
154 0.07984444444444529
155 0.05717777777777802
156 0.06493333333333384
157 0.047936825714602956
158 0.029355555555555638
159 -0.029666666666666924
160 -0.017533333333333286
161 0.007177777777778173
162 -0.08968888888888941
163 -0.08659999999999964
164 -0.08675768675768729
165 -0.06639999999999975
166 -0.08942222222222226
167 -0.030707876370887354
168 0.008688888888889064
169 0.10588888888888909
170 0.07767767767767808
171 0.15031111111111178
172 0.1466222222222216
173 0.10448226003781554
174 0.033022222222221995
175 0.025625625625625672
176 0.014400000000000017
177 -0.03548888888888866
178 -0.006755555555555559
179 0.03844444444444425
180 0.07022222222222255
181 0.03304444444444446
182 -0.06884444444444479
183 -0.11780000000000011
184 -0.12082222222222232
185 -0.10077777777777774
186 -0.045931845931845634
187 -0.07780000000000008
188 -0.07897777777777858
189 -0.007466666666666646
190 0.0023286759813706684
191 0.0766222222222224
192 0.010466666666666458
193 0.009479409479409472
194 0.047177777777777895
195 -0.04624264624264619
196 0.017471417471417578
197 0.03404444444444446
198 -0.0161333333333335
199 0.00447113780447107
200 0.041136641136641214
201 0.06528888888888919
202 0.09857777777777799
203 0.02946666666666685
204 -0.022755555555555602
205 -0.06075555555555516
206 -0.02240000000000004
207 0.007266666666666956
208 0.11382222222222228
