# r  Cs(r) [pure estimator]
0.2 -2.3614532685678764e-6
0.6000000000000001 3.2465317043284453e-7
1.0 -1.0893069539212356e-6
1.4000000000000001 -2.6878392661944816e-6
1.8 -1.5600322645308066e-6
2.2 -2.3235317215430494e-6
2.6 -1.2456449993023798e-6
3.0 9.064471880094103e-7
3.4000000000000004 -4.995267954014563e-7
3.8000000000000003 7.375106589939175e-8
4.2 -2.522372899938788e-6
4.6000000000000005 -1.0581295572624983e-6
5.0 -3.2267612485820728e-6
5.4 -4.937324548318085e-7
5.800000000000001 6.261207026743672e-7
6.2 -2.160488057377891e-6
6.6000000000000005 -3.322461924493818e-6
7.0 -1.082836608678385e-6
7.4 -1.262701665169821e-6
7.800000000000001 -2.588361812202442e-6
8.200000000000001 -2.612658852578725e-6
8.6 -1.1381637084668547e-6
9.0 -1.7684559051746894e-6
9.4 -4.125786876513751e-7
9.8 -1.2919037468568337e-6
10.200000000000001 -1.0493907060155967e-6
10.600000000000001 -8.600649148056919e-7
11.0 5.0683541099146955e-8
11.4 1.4583663235972716e-7
11.8 -9.384359499055598e-10
12.200000000000001 -2.7299779576059548e-6
12.600000000000001 -3.515677075963808e-6
13.0 7.827418955440006e-7
13.4 7.299512103820465e-7
13.8 -7.450218529320577e-7
14.200000000000001 -4.2386117648528467e-7
14.600000000000001 4.7517305893998117e-7
15.0 -2.535406772133444e-6
15.4 -2.302202762460661e-7
15.8 -6.124255516584592e-7
16.2 -2.586524605595703e-6
16.6 1.210070422707792e-6
17.0 1.9306129728312805e-6
17.400000000000002 1.883609955242879e-7
17.8 -1.8647106446913817e-7
18.2 -1.4994361712356914e-6
18.6 -2.2539012866916553e-6
19.0 2.5142842580776225e-7
19.400000000000002 5.993721484356747e-7
19.8 -1.0439168753678952e-6
20.200000000000003 -2.0430567051735007e-6
20.6 -2.3238134120509334e-6
21.0 -1.983660425246667e-7
21.400000000000002 4.3737626477304273e-7
21.8 -2.2288766392821717e-6
22.200000000000003 1.844435875330559e-6
22.6 8.528023800478994e-7
23.0 1.1195825129600663e-7
23.400000000000002 -1.4290028218933245e-6
23.8 -2.019697732808202e-6
24.200000000000003 -1.3093656760577808e-7
24.6 -2.2539554712913164e-7
25.0 3.172414526331017e-7
25.400000000000002 2.80812919375514e-7
25.8 1.083420684554782e-6
26.200000000000003 -1.5883583278213512e-6
26.6 2.9713375785089593e-7
27.0 -1.5563866469171915e-6
27.400000000000002 7.773612383863526e-7
27.8 2.0511178717362015e-6
28.200000000000003 8.924132318811723e-8
28.6 -1.2489331803247826e-6
29.0 1.2168073187831555e-6
29.400000000000002 -1.5255050636961303e-6
29.8 9.128090630732326e-7
30.200000000000003 -3.107375559753299e-7
30.6 -1.8377402604734894e-6
31.0 -1.593697411091998e-8
31.400000000000002 -1.9919152155882243e-6
31.8 8.01814089759295e-7
32.2 -2.0883289602253167e-6
32.6 1.4452730847360472e-7
33.0 -6.150558767634135e-7
33.4 4.320671866320157e-7
33.800000000000004 -4.853539148622113e-6
34.2 1.0054683467995621e-6
34.6 -1.9065015864556719e-6
35.0 2.0587959587740157e-7
35.4 -6.446700976452051e-7
35.800000000000004 -6.578442109885252e-7
36.2 1.9481055025628657e-7
36.6 6.287253491266052e-7
37.0 -7.085231184710608e-7
37.4 -1.2356091754729995e-6
37.800000000000004 -3.373122331357592e-7
38.2 -1.3521636509352019e-6
38.6 1.617527797570798e-6
39.0 2.2622952326840846e-6
39.400000000000006 -1.933198987410087e-6
39.800000000000004 -1.3928041569771561e-6
