# r  Cs(r) [pure estimator]
0.125 0.0003391754040296893
0.375 0.00034131810577574945
0.625 0.00034382800028631753
0.875 0.0003428707443375924
1.125 0.00033892167011240177
1.375 0.0003375866671764555
1.625 0.0003414835527245526
1.875 0.0003362179698737642
2.125 0.00034368585200011986
2.375 0.0003410974081542844
2.625 0.00033926678047144687
2.875 0.00034293107906132025
3.125 0.0003436615192611109
3.375 0.00033681636269710345
3.625 0.00034133703223940314
3.875 0.0003467631362016301
4.125 0.000344489956785623
4.375 0.00033548929224688334
4.625 0.0003432933572359156
4.875 0.0003387842597219961
5.125 0.00033750596721525574
5.375 0.00033807116091460164
5.625 0.00033968839212958183
5.875 0.0003429696791136408
6.125 0.0003411684233637275
6.375 0.0003354518614945214
6.625 0.0003449326358274869
6.875 0.0003400090966747628
7.125 0.00033804216153795807
7.375 0.0003393177150635359
7.625 0.0003392739842715367
7.875 0.0003419493846730504
8.125 0.00034260110924868876
8.375 0.0003354055755831912
8.625 0.00033750577666654443
8.875 0.0003384265032147137
9.125 0.0003431970004968394
9.375 0.00033951791348160406
9.625 0.0003385466588606362
9.875 0.0003391138628021873
10.125 0.0003362271473283559
10.375 0.00033988268463294616
10.625 0.00033858551280771445
10.875 0.0003393864943346443
11.125 0.0003374952924586694
11.375 0.0003379204346416104
11.625 0.0003393221391699376
11.875 0.00034044362441282874
12.125 0.0003376620166151093
12.375 0.0003368898679914088
12.625 0.0003431605065722037
12.875 0.000341898257012732
13.125 0.00033697109396315137
13.375 0.0003367805942283729
13.625 0.0003372889344236419
13.875 0.0003374967293337044
14.125 0.00033684886513098605
14.375 0.00033818407255165137
14.625 0.0003347076009950552
14.875 0.00033898117841734933
15.125 0.0003315848788166281
15.375 0.0003434464737736015
15.625 0.00034191957219299626
15.875 0.0003309783704684921
16.125 0.0003357757092130115
16.375 0.0003395879708235476
16.625 0.0003365522270457828
16.875 0.0003344928080757055
17.125 0.0003349255692128207
17.375 0.0003376331977038077
17.625 0.00034164800941997164
17.875 0.0003312983096548312
18.125 0.00033353895473174194
18.375 0.00033296024851053467
18.625 0.0003392235877316575
18.875 0.0003348264826658551
19.125 0.00033432459555275473
19.375 0.00033427792184510916
19.625 0.000346528410914848
19.875 0.00034091080056337025
20.125 0.0003373157854834402
20.375 0.0003364213342717424
20.625 0.0003380611928334246
20.875 0.0003379088303194019
21.125 0.00033993807693572626
21.375 0.000337395715404406
21.625 0.0003362371914438764
21.875 0.0003406319475820444
22.125 0.0003390402172792398
22.375 0.00033248383817970247
22.625 0.00033778044800128796
22.875 0.0003377505466577922
23.125 0.00033812468637478104
23.375 0.0003305077115969813
23.625 0.0003325009543676784
23.875 0.00033810937139457835
24.125 0.00033452782717706024
24.375 0.00033665367446958366
24.625 0.00033553527541814297
24.875 0.00033561027087217096
