# P_value  count
-1.0 0.0
-0.96 0.0
-0.92 0.0
-0.88 0.0
-0.84 0.0
-0.8 0.0
-0.76 0.0
-0.72 0.0
-0.68 2.0
-0.64 54.0
-0.6 53.0
-0.56 76.0
-0.52 165.0
-0.48 253.0
-0.44 288.0
-0.4 226.0
-0.36 267.0
-0.32 188.0
-0.28 187.0
-0.24 199.0
-0.2 224.0
-0.16 176.0
-0.12 195.0
-0.08 263.0
-0.04 292.0
0.0 1334.0
0.04 399.0
0.08 531.0
0.12 761.0
0.16 1090.0
0.2 1416.0
0.24 2093.0
0.28 3234.0
0.32 4506.0
0.36 6376.0
0.4 8653.0
0.44 11341.0
0.48 14466.0
0.52 18048.0
0.56 20895.0
0.6 22472.0
0.64 23600.0
0.68 22891.0
0.72 17533.0
0.76 12602.0
0.8 8268.0
0.84 3439.0
0.88 949.0
0.92 66.0
0.96 0.0
1.0 0.0
