# r  Cs(r) [pure estimator]
0.075 0.00015336322383265331
0.22499999999999998 0.00016029623433406096
0.375 0.00015042018255553952
0.525 0.00015143748283106084
0.6749999999999999 0.00014956354229742427
0.825 0.0001491002467218117
0.975 0.00014954431040967452
1.125 0.00015391476322923188
1.275 0.00015644602873716415
1.425 0.0001547141181644223
1.575 0.0001579621933718083
1.7249999999999999 0.00014904354950677262
1.875 0.00015357963702064352
2.025 0.00014966437989009834
2.175 0.0001553402992022053
2.3249999999999997 0.00015569010484934014
2.475 0.00015072870023174272
2.625 0.0001511878597855798
2.775 0.0001461982366443766
2.925 0.00015187541791205784
3.0749999999999997 0.0001439809346124586
3.225 0.00015096077230911757
3.375 0.0001452589067918472
3.525 0.00013739134462952056
3.675 0.00015211276227966632
3.8249999999999997 0.0001569066300579653
3.9749999999999996 0.00015705825018581788
4.125 0.00014408709775740058
4.2749999999999995 0.00014681192041405457
4.425 0.0001499144690031009
4.575 0.00015378783687905367
4.725 0.0001471321081112184
4.875 0.0001428255849953891
5.0249999999999995 0.00014521564400723054
5.175 0.0001468024211531028
5.325 0.0001561129578473722
5.475 0.00014841167037775676
5.625 0.00015034041936060906
5.7749999999999995 0.00014190488211503164
5.925 0.0001455362365231812
6.075 0.00015746069840699348
6.225 0.00014602846439892142
6.375 0.00014353261575199042
6.5249999999999995 0.0001496685594650896
6.675 0.00014523480930598976
6.825 0.00015374152075089094
6.975 0.00014536256381520544
7.125 0.0001438330009742877
7.2749999999999995 0.00014440560175557748
7.425 0.00013363021969413843
7.574999999999999 0.0001464397102959369
7.725 0.0001478542464429767
7.875 0.00014643593781073138
8.025 0.00014916150231585127
8.174999999999999 0.00014185576861827352
8.325 0.00014084806220545157
8.475 0.00014247636626742627
8.625 0.00014239072500722252
8.775 0.00014936665250778652
8.924999999999999 0.0001439437627802263
9.075 0.0001480881800151138
9.225 0.00015056691511489492
9.375 0.00014738434888777763
9.525 0.00014991368696295774
9.674999999999999 0.00014445874511773526
9.825 0.00014976468856926135
9.975 0.0001495556991143597
10.125 0.00014069180669019866
10.275 0.0001453731910773604
10.424999999999999 0.00015002712502383322
10.575 0.0001532717329418331
10.725 0.00014058832243779633
10.875 0.00014869573789655564
11.025 0.00014817900661561915
11.174999999999999 0.00014958801669469793
11.325 0.00014544643682834238
11.475 0.00013876597974657123
11.625 0.00013635057699162766
11.775 0.00014020829740068967
11.924999999999999 0.0001468087807094601
12.075 0.0001426208765643227
12.225 0.00014438518153256268
12.375 0.00014448929021838758
12.525 0.0001392270522394738
12.674999999999999 0.00014519593410120308
12.825 0.00014500900743724367
12.975 0.0001423349911715614
13.125 0.0001332721261735088
13.275 0.00014434762687047813
13.424999999999999 0.00013924722876843844
13.575 0.00015085309614072838
13.725 0.0001481513356675816
13.875 0.00014378530458224406
14.025 0.00014113541526580508
14.174999999999999 0.00014352099155536042
14.325 0.00013659805869540708
14.475 0.00014865945726588937
14.625 0.0001475879797074907
14.774999999999999 0.0001326509299137083
14.924999999999999 0.00014269354607883715
