# block  <|P|>
1 0.0
2 0.29410589410589255
3 0.2993987975951881
4 0.3248666666666644
5 0.3337333333333318
6 0.3394666666666631
7 0.25340000000000035
8 0.3157999999999964
9 0.4175999999999962
10 0.309090909090909
11 0.29466666666666624
12 0.31906666666666533
13 0.2953333333333327
14 0.3456666666666656
15 0.320333333333335
16 0.2977022977022972
17 0.28426666666666495
18 0.2749999999999999
19 0.32940000000000136
20 0.3842000000000008
21 0.3838666666666648
22 0.34748081414748
23 0.3254745254745232
24 0.37819999999999865
25 0.3976000000000011
26 0.33259999999999995
27 0.3019999999999966
28 0.34513333333333057
29 0.31386666666666485
30 0.2793333333333327
31 0.3658992325658945
32 0.4198666666666653
33 0.3247999999999986
34 0.30986666666666446
35 0.30839999999999795
36 0.27473333333333316
37 0.3621333333333323
38 0.32486666666666436
39 0.3427333333333347
40 0.4005333333333283
41 0.44353333333333284
42 0.4383999999999991
43 0.31226321036889065
44 0.4546666666666624
45 0.37979999999999764
46 0.3814666666666661
47 0.40106666666666346
48 0.44293333333332907
49 0.33233333333333137
50 0.2700666666666668
51 0.3555333333333338
52 0.3938666666666662
53 0.30199999999999816
54 0.3055333333333334
55 0.37780000000000097
56 0.34059999999999896
57 0.2993333333333307
58 0.3251999999999987
59 0.3564666666666643
60 0.37726666666666414
61 0.36133333333332834
62 0.46433333333333393
63 0.3981333333333291
64 0.3111333333333334
65 0.41953333333332904
66 0.40427093760427396
67 0.38746666666666707
68 0.32686666666666797
69 0.3245999999999977
70 0.30606666666666477
71 0.29886666666666745
72 0.3210666666666639
73 0.3941333333333302
74 0.3477045908183622
75 0.2976666666666652
76 0.3317333333333302
77 0.3389277389277391
78 0.36476856476856523
79 0.42326666666666424
80 0.35333333333333083
81 0.37899999999999573
82 0.30713333333333115
83 0.39379999999999804
84 0.37613333333332755
85 0.35759999999999836
86 0.38066666666666427
87 0.3926593259926579
88 0.45626666666666865
89 0.40319999999999884
90 0.4333999999999983
91 0.43066666666666686
92 0.4538666666666657
93 0.45066666666666194
94 0.3669333333333315
95 0.30886666666666707
96 0.37993333333333335
97 0.4416000000000028
98 0.3238666666666635
99 0.3614666666666654
100 0.28833333333333316
101 0.44073333333333287
102 0.4812666666666707
103 0.3545787545787533
104 0.3385999999999983
105 0.2480666666666677
106 0.27446666666666664
107 0.373266666666666
108 0.4134666666666652
109 0.38086666666666574
110 0.33073333333333116
111 0.3653333333333312
112 0.3211333333333297
113 0.38701298701298076
114 0.31793333333333085
115 0.2983333333333302
116 0.2921333333333309
117 0.2786666666666665
118 0.25033333333333446
119 0.26766766766766803
120 0.34333333333333177
121 0.36086666666666367
122 0.3715999999999987
123 0.37597597597597376
124 0.3631999999999995
125 0.3630666666666628
126 0.36403069736402605
127 0.3211999999999967
128 0.2893999999999989
129 0.3695333333333304
130 0.3615333333333328
131 0.38606666666666695
132 0.37966666666666404
133 0.4017316017316027
134 0.4227333333333333
135 0.4006000000000005
136 0.3529333333333318
137 0.3497835497835481
138 0.41468134801467876
139 0.36693333333332956
140 0.4608000000000012
141 0.3405999999999987
142 0.2914666666666664
143 0.3293293293293284
144 0.30786666666666684
145 0.3742409075742386
146 0.33786666666666376
147 0.3542666666666676
148 0.28673333333333206
149 0.3589333333333346
150 0.28159999999999896
151 0.38153333333333106
152 0.4487333333333327
153 0.3324009324009307
154 0.35246666666666526
155 0.4142666666666689
156 0.37296037296037365
157 0.41613333333333363
158 0.3836666666666652
159 0.3202666666666665
160 0.42333333333334017
161 0.5579333333333358
162 0.4450666666666648
163 0.4099333333333293
164 0.3958666666666623
165 0.4991999999999992
166 0.48553333333333343
167 0.41440000000000066
168 0.44519999999999993
169 0.4514666666666688
170 0.4183333333333356
171 0.4218666666666658
172 0.4039333333333321
173 0.33206666666666296
174 0.30979999999999724
175 0.3039333333333316
176 0.32939999999999914
177 0.4120666666666659
178 0.39266666666666716
179 0.3767999999999979
180 0.37233333333333396
181 0.3651999999999984
182 0.37073333333333097
183 0.36366666666666525
184 0.38899999999999574
185 0.3753333333333299
186 0.3910666666666667
187 0.3130260521042052
188 0.36073333333333135
189 0.4724666666666632
190 0.47199999999999964
191 0.44826666666666604
192 0.3854666666666636
193 0.39359999999999823
194 0.4301999999999972
195 0.29973333333333313
196 0.29146666666666465
197 0.28913333333333174
198 0.3504666666666625
199 0.3843999999999975
200 0.3125999999999981
201 0.30819999999999875
202 0.29266666666666447
203 0.3507333333333319
204 0.2889999999999998
205 0.28853333333333275
206 0.35346666666666127
207 0.37079999999999474
208 0.37533333333332985
