0.2 -0.12039844495527131
0.6000000000000001 -0.07780213205387089
1.0 -0.0759580766105591
1.4000000000000001 -0.029245418419612663
1.8 -0.03182762032619653
2.2 -0.01883401062832135
2.6 -0.018689345358526798
3.0 -0.021502299093829964
3.4000000000000004 -0.00925400184013961
3.8000000000000003 0.02592284385268638
4.2 -0.0014221108694967067
4.6000000000000005 -0.03471507716660071
5.0 -0.02181035092785792
5.4 -0.07444083749273318
5.800000000000001 -0.042930094066653164
6.2 -0.05845499386012295
6.6000000000000005 -0.03792432234679858
7.0 -0.055145543387526745
7.4 -0.00445070702305429
7.800000000000001 0.0375736715194229
8.200000000000001 0.040305957309074804
8.6 0.018279335078241293
9.0 0.09183537202804998
9.4 0.06401479469835639
9.8 -0.004843256432961162
10.200000000000001 -0.025458971932873782
10.600000000000001 0.020677975361249965
11.0 0.0048722639085764284
11.4 0.004454878737478074
11.8 -0.039149809581414556
12.200000000000001 -0.03131650699682782
12.600000000000001 -0.006212415201997685
13.0 -0.04596529151457063
13.4 -0.0606622732080384
13.8 -0.026065219764109655
14.200000000000001 0.033073914139565896
14.600000000000001 0.014795587953392706
15.0 0.0009933895695081686
15.4 0.006600760952188808
15.8 0.007856958470964445
16.2 0.02517115878954468
16.6 0.06463519222421041
17.0 0.05123524061234297
17.400000000000002 0.04011781070673006
17.8 0.008609234548601418
18.2 -0.02071762638383351
18.6 -0.09657794161034451
19.0 -0.14607356936478502
19.400000000000002 -0.10681198563487655
19.8 -0.08559554658117287
20.200000000000003 0.01706911832098825
20.6 0.024187674167462443
21.0 0.04375062145769116
21.400000000000002 0.06408923153911113
21.8 0.009672098837148993
22.200000000000003 -0.013455108359133126
22.6 0.03888170485150224
23.0 0.10632475985599654
23.400000000000002 0.11752862123598767
23.8 0.08693855625800587
24.200000000000003 0.06193402016435345
24.6 0.05512722264796366
25.0 0.05689162431358075
25.400000000000002 0.010839793166048769
25.8 0.018098459403629943
26.200000000000003 -0.036645285854328496
26.6 -0.06324200982796492
27.0 -0.03136702945912561
27.400000000000002 -0.03515967149730496
27.8 -0.019208847792908414
28.200000000000003 -0.07222028448252465
28.6 -0.12871709612620919
29.0 -0.0925069213897911
29.400000000000002 -0.09638452035604039
29.8 -0.07075304515816414
30.200000000000003 -0.07254218777632644
30.6 -0.04863433845005998
31.0 -0.002671657346497372
31.400000000000002 0.0484700885710742
31.8 0.09146122871391657
32.2 0.04297750663376629
32.6 0.007290656459461547
33.0 -0.005987586632055015
33.4 -0.04444560594698784
33.800000000000004 -0.03549393917398563
34.2 -0.04340248664446734
34.6 -0.04625403000806002
35.0 -0.021516199115910104
35.4 -0.005034177124773679
35.800000000000004 -0.02859845826770835
36.2 -0.06520579049530463
36.6 -0.08354379465467054
37.0 -0.06793690253967495
37.4 -0.054235534457787477
37.800000000000004 -0.06041709907682312
38.2 0.004779888094625027
38.6 0.05473376530120889
39.0 0.054083048041444357
39.400000000000006 0.02326241043311211
39.800000000000004 -0.05561714442028881
