# k  S_n(k)
0.0 60.0
0.10471975511965977 0.5765619858256381
0.20943951023931953 0.3007373026632827
0.3141592653589793 0.2780900588589954
0.41887902047863906 0.21343049885002466
0.5235987755982988 0.4618925031035541
0.6283185307179586 0.35494331359585135
0.7330382858376183 0.8552906717520421
0.8377580409572781 0.5382616444324512
0.9424777960769379 0.8308509602259488
1.0471975511965976 1.1215376031375304
1.1519173063162573 0.6847857051658531
1.2566370614359172 1.5105163419052323
1.361356816555577 1.3266550033007478
1.4660765716752366 1.2775944197546578
1.5707963267948966 0.3856525907067729
1.6755160819145563 0.6104849935365554
1.780235837034216 0.8223812866191449
1.8849555921538759 0.8637484595814751
1.9896753472735356 0.9066497966880437
2.0943951023931953 0.9877978353041851
2.199114857512855 1.2270176153851358
2.3038346126325147 0.889503154922216
2.4085543677521746 1.1112556748800193
2.5132741228718345 0.9281077272845354
2.617993877991494 0.9307253697010086
2.722713633111154 1.2329469431389466
2.827433388230814 1.2870672109626407
2.9321531433504733 1.0875366682938508
3.036872898470133 0.9353522105545372
3.141592653589793 0.8884118396461083
3.2463124087094526 1.0767513603253724
3.3510321638291125 1.3930189151856658
3.4557519189487724 0.8875267780613635
3.560471674068432 0.8780952515333367
3.665191429188092 1.1924913347311832
3.7699111843077517 0.994676940953084
3.874630939427411 0.9951519598984782
3.979350694547071 1.053959458839465
4.084070449666731 0.9442501572359778
4.1887902047863905 1.0598131818676082
4.29350995990605 0.8887262732858884
4.39822971502571 0.8835091930311156
4.50294947014537 1.0130838895091108
4.607669225265029 0.8811258694864696
4.71238898038469 0.9218181256247125
4.817108735504349 1.089928458423886
4.921828490624009 1.028664710676593
5.026548245743669 0.9539010563075802
5.1312680008633285 1.0250602198251633
5.235987755982988 1.046266225079769
5.340707511102648 1.2525794951406446
5.445427266222308 0.8594573443993706
5.550147021341967 0.9820609507923286
5.654866776461628 0.9527481313595855
5.759586531581287 0.949459968092191
5.864306286700947 0.9381837321141446
5.969026041820607 1.0369145686909071
6.073745796940266 1.1426068009767298
6.178465552059926 0.8721054700316545
6.283185307179586 1.108543023977012
6.387905062299246 0.9152014789025659
6.492624817418905 0.9146131684737013
6.5973445725385655 1.000710642770832
6.702064327658225 1.0742315218177023
6.8067840827778845 1.0638018167615562
6.911503837897545 0.9430247028617729
7.016223593017204 0.9299840797179993
7.120943348136864 1.0071843687783117
7.225663103256524 0.8418959362026965
7.330382858376184 0.8848692350799533
7.435102613495843 0.884322533607796
7.5398223686155035 1.0082602690299245
7.644542123735163 1.0028865844288104
7.749261878854822 0.9658579657749741
7.853981633974483 0.9739181908807569
7.958701389094142 0.9407803060861961
8.063421144213802 0.9979498547374576
8.168140899333462 0.9452822330045969
8.27286065445312 1.0209595598771521
8.377580409572781 1.0216434733596949
8.482300164692441 1.0995291434523207
8.5870199198121 0.911858092239119
8.69173967493176 1.043257057638589
8.79645943005142 0.9424797184872024
8.90117918517108 0.9720288535345831
9.00589894029074 0.9893714477882588
9.1106186954104 0.8680112844994193
9.215338450530059 0.9983625396129636
9.320058205649719 0.9687046761059338
9.42477796076938 0.9760628982151993
9.529497715889038 1.0936838196762966
9.634217471008698 0.9740903444519391
9.738937226128359 0.9621776508877389
9.843656981248017 1.0213132128399527
9.948376736367678 0.9681436053905262
10.053096491487338 0.8853457190538495
10.157816246606997 1.0342353344268649
10.262536001726657 0.9164925126951909
10.367255756846317 0.9766496393777224
