# k  S_n(k)
0.0 60.0
0.10471975511965977 0.5703635843542659
0.20943951023931953 0.30187490085740837
0.3141592653589793 0.2839458851811572
0.41887902047863906 0.22304834455870215
0.5235987755982988 0.4612429079261078
0.6283185307179586 0.35912382716731067
0.7330382858376183 0.8512995982062309
0.8377580409572781 0.5517903810217305
0.9424777960769379 0.8199145407012731
1.0471975511965976 1.1148514649098762
1.1519173063162573 0.713089816996704
1.2566370614359172 1.4739531960367565
1.361356816555577 1.3630940121178075
1.4660765716752366 1.2776047050133947
1.5707963267948966 0.4082992298815842
1.6755160819145563 0.5868704341329973
1.780235837034216 0.8622242556340348
1.8849555921538759 0.8839166124806965
1.9896753472735356 0.919159748374774
2.0943951023931953 0.9628959898845915
2.199114857512855 1.292063619595063
2.3038346126325147 0.8924918718067331
2.4085543677521746 1.0707213608221127
2.5132741228718345 0.8985456944343946
2.617993877991494 0.9804724291737035
2.722713633111154 1.255388524444611
2.827433388230814 1.2243447268385566
2.9321531433504733 1.0925560215115422
3.036872898470133 0.95541607309656
3.141592653589793 0.9165923672624807
3.2463124087094526 1.0964326827237414
3.3510321638291125 1.4276273108199327
3.4557519189487724 0.8808384130143666
3.560471674068432 0.8695181757393959
3.665191429188092 1.1290494397111799
3.7699111843077517 1.0360881635835852
3.874630939427411 1.0229451452056377
3.979350694547071 1.0997984201288047
4.084070449666731 1.0221971581652542
4.1887902047863905 1.0533968351641814
4.29350995990605 0.9111627050199611
4.39822971502571 0.8407940461146757
4.50294947014537 0.9443681255533364
4.607669225265029 0.8869187360411213
4.71238898038469 0.9222406777045037
4.817108735504349 1.1519811136758698
4.921828490624009 0.9605188735107656
5.026548245743669 1.0064896736389906
5.1312680008633285 1.0106793922316757
5.235987755982988 1.0251209300481559
5.340707511102648 1.2642553159327437
5.445427266222308 0.8797044351229848
5.550147021341967 0.9595640960127726
5.654866776461628 0.9706218767850958
5.759586531581287 0.9134304414663785
5.864306286700947 0.951220126687062
5.969026041820607 1.1029817955152954
6.073745796940266 1.1999573212150991
6.178465552059926 0.8685973592520727
6.283185307179586 1.1348124627502156
6.387905062299246 0.8703222922655919
6.492624817418905 0.8446699200615936
6.5973445725385655 1.0292209881695737
6.702064327658225 1.0362678655067563
6.8067840827778845 1.0339603986738652
6.911503837897545 0.9114186308979308
7.016223593017204 0.9133214455148337
7.120943348136864 1.0036395173903734
7.225663103256524 0.8477339963274911
7.330382858376184 0.8780060587578228
7.435102613495843 0.914051669080485
7.5398223686155035 1.0031362583433001
7.644542123735163 0.9792689764824138
7.749261878854822 1.0590127419167283
7.853981633974483 0.9252891977915886
7.958701389094142 0.918958635633577
8.063421144213802 0.9973830438481404
8.168140899333462 0.9191244353032142
8.27286065445312 1.0027056458632637
8.377580409572781 1.0506121151125365
8.482300164692441 1.130297496663987
8.5870199198121 0.9226335475057534
8.69173967493176 1.0715262371642524
8.79645943005142 0.9169212223804903
8.90117918517108 0.9292188321834337
9.00589894029074 1.0102046713697093
9.1106186954104 0.9184086029277817
9.215338450530059 1.0305142884029284
9.320058205649719 1.0060215924754916
9.42477796076938 0.9096176961392418
9.529497715889038 1.0348235859114503
9.634217471008698 1.0145397807848042
9.738937226128359 0.929099325946384
9.843656981248017 1.074983756754669
9.948376736367678 0.9321232620319884
10.053096491487338 0.8794361948469689
10.157816246606997 1.0684851966959523
10.262536001726657 0.9101488556402342
10.367255756846317 1.0083935572318843
