# P_value  count
-1.0 0.0
-0.96 0.0
-0.92 0.0
-0.88 0.0
-0.84 0.0
-0.8 0.0
-0.76 0.0
-0.72 0.0
-0.68 0.0
-0.64 0.0
-0.6 8.0
-0.56 22.0
-0.52 47.0
-0.48 164.0
-0.44 302.0
-0.4 629.0
-0.36 1403.0
-0.32 2422.0
-0.28 3954.0
-0.24 6369.0
-0.2 9059.0
-0.16 12328.0
-0.12 15940.0
-0.08 18476.0
-0.04 20982.0
0.0 23063.0
0.04 21544.0
0.08 19523.0
0.12 15917.0
0.16 12394.0
0.2 9239.0
0.24 6311.0
0.28 3894.0
0.32 2371.0
0.36 1395.0
0.4 667.0
0.44 277.0
0.48 153.0
0.52 39.0
0.56 42.0
0.6 10.0
0.64 0.0
0.68 0.0
0.72 0.0
0.76 0.0
0.8 0.0
0.84 0.0
0.88 0.0
0.92 0.0
0.96 0.0
1.0 0.0
