# k  S_s(k)
0.0 0.0
0.20943951023931953 0.4935716435789575
0.41887902047863906 1.6193437748836572
0.6283185307179586 0.4305002160007818
0.8377580409572781 1.192078527756162
1.0471975511965976 1.4120330968372197
1.2566370614359172 0.9551627412585584
1.4660765716752366 0.7424068051120145
1.6755160819145563 0.9333709961686003
1.8849555921538759 1.0346651701658096
2.0943951023931953 0.8838055232141291
2.3038346126325147 1.0015594730009805
2.5132741228718345 1.2217706743620842
2.722713633111154 1.0485682135106826
2.9321531433504733 0.9450985645563984
3.141592653589793 1.0114588629560843
3.3510321638291125 1.0561643153171358
3.560471674068432 1.1143254017235489
3.7699111843077517 0.9168132386561495
3.979350694547071 1.1215142125481972
4.1887902047863905 0.9508070701464912
4.39822971502571 1.0065652532927638
4.607669225265029 1.0431409423320297
4.817108735504349 0.9276146521138772
5.026548245743669 0.9716717272474066
5.235987755982988 1.0099366362805235
5.445427266222308 1.0417640384541063
5.654866776461628 0.9548237776685343
5.864306286700947 0.8855540111206772
6.073745796940266 0.94145706563618
6.283185307179586 1.1256805482406853
6.492624817418905 0.9386309602890235
6.702064327658225 1.0681015832065255
6.911503837897545 1.0717582398797183
7.120943348136864 0.9290317577376527
7.330382858376184 1.0163004759182668
7.5398223686155035 0.8973962687211392
7.749261878854822 1.0396080989649819
7.958701389094142 1.0379968133742816
8.168140899333462 0.9937021641308463
8.377580409572781 0.9070251887085925
8.5870199198121 1.0317152001312555
8.79645943005142 1.0131061489020374
9.00589894029074 0.9525239800594205
9.215338450530059 0.998582863487664
9.42477796076938 1.0671011208373413
9.634217471008698 0.9152673462555375
9.843656981248017 0.9397494004088529
10.053096491487338 1.023108144797729
10.262536001726657 1.0229816449869271
10.471975511965976 1.0212405602463432
10.681415022205297 0.9955519941529675
10.890854532444616 0.9868377266452771
11.100294042683934 0.944939961201459
11.309733552923255 0.9740839151091856
11.519173063162574 0.9780458198875666
11.728612573401893 0.9684606212437249
11.938052083641214 1.001183802314355
12.147491593880533 0.984548913476362
12.356931104119852 0.9834993468935169
12.566370614359172 1.0118822310061324
12.775810124598491 0.9827334234699657
12.98524963483781 0.9537879991639087
13.194689145077131 1.0155820964704492
13.40412865531645 1.0334990711363883
13.613568165555769 0.9558378097711555
13.82300767579509 0.9880928688871334
14.032447186034409 1.0423233450259433
14.241886696273728 0.9719933220918584
14.451326206513048 1.0035065594344763
14.660765716752367 1.0407554574679951
14.870205226991686 1.060050490912694
15.079644737231007 0.9724949419123575
15.289084247470326 1.0466228856492956
15.498523757709645 1.0146565911230194
15.707963267948966 1.029583818653626
15.917402778188285 1.0190021769054511
16.126842288427603 0.9879885245687249
16.336281798666924 1.0353834241067161
16.54572130890624 0.9991229705192521
16.755160819145562 1.0384182219320697
16.964600329384883 0.9863854540810134
17.1740398396242 0.9974873696064707
17.38347934986352 1.0032893757522559
17.59291886010284 0.9967516102202666
17.80235837034216 1.0141839039668363
18.01179788058148 0.9937261926029923
18.2212373908208 0.9704882121175427
18.430676901060117 0.973746005219684
18.640116411299438 0.954462575799938
18.84955592153876 0.9607633618961187
19.058995431778076 0.9911524025437832
19.268434942017397 1.046201709362906
19.477874452256717 0.9987515282236333
19.687313962496034 0.940041954906746
19.896753472735355 0.9919530988949098
20.106192982974676 0.996119730136409
20.315632493213993 0.9935775182948511
20.525072003453314 0.9708858215571069
20.734511513692635 0.9987304417231033
