# k  S_n(k)
0.0 90.0
0.06981317007977318 0.8769822939924594
0.13962634015954636 0.2628446462343036
0.20943951023931956 0.45359351523076047
0.2792526803190927 0.31756785221862954
0.3490658503988659 1.0324831172061464
0.4188790204786391 0.4313399830436008
0.4886921905584123 0.7382723787415605
0.5585053606381855 0.341110414539533
0.6283185307179586 0.18025630294486872
0.6981317007977318 0.4705844717591664
0.767944870877505 1.7679412215278474
0.8377580409572782 0.22721879411280807
0.9075712110370514 1.9799563666343016
0.9773843811168246 1.828109953423942
1.0471975511965976 0.788959178991635
1.117010721276371 0.48263613910179554
1.1868238913561442 2.1993092426132135
1.2566370614359172 1.2579843610050156
1.3264502315156905 1.1866477885805853
1.3962634015954636 1.2541345575166556
1.4660765716752369 0.7148046065869375
1.53588974175501 1.1035125785023137
1.6057029118347832 0.7396396350915698
1.6755160819145565 0.44705626462244785
1.7453292519943295 0.5104398206883677
1.8151424220741028 1.2689471185761183
1.8849555921538759 1.2834029676190686
1.9547687622336491 1.870604103200869
2.0245819323134224 1.2190196344590054
2.0943951023931953 1.3215534852297988
2.1642082724729685 0.5894617589460003
2.234021442552742 1.0662353915276623
2.303834612632515 0.8425991902496319
2.3736477827122884 0.8477804579819949
2.443460952792061 0.935502729544593
2.5132741228718345 0.7113086877988135
2.5830872929516078 0.7826523353207371
2.652900463031381 0.9808401909047259
2.722713633111154 1.0969864624466061
2.792526803190927 0.8361755195941942
2.8623399732707004 1.0678858240914535
2.9321531433504737 0.9553484388830754
3.001966313430247 1.0406684069618661
3.07177948351002 0.968367043190691
3.141592653589793 1.064243513694624
3.2114058236695664 1.074710887417217
3.2812189937493397 1.332051018598442
3.351032163829113 1.5315031632139968
3.420845333908886 0.8060988025275243
3.490658503988659 1.0443445274045533
3.5604716740684323 0.7653112091298083
3.6302848441482056 0.8196928665859594
3.7000980142279785 0.9882471256314777
3.7699111843077517 0.7427998271333451
3.839724354387525 1.014718891057442
3.9095375244672983 1.0004478603507778
3.9793506945470716 1.343717802110792
4.049163864626845 0.8164239990783453
4.118977034706618 1.234268393701928
4.1887902047863905 1.1572394430525146
4.258603374866164 0.8479080945298829
4.328416544945937 1.1188727522766617
4.39822971502571 1.1207205674811027
4.468042885105484 0.9655283597557073
4.537856055185257 0.6481024831256137
4.60766922526503 0.899655210676309
4.6774823953448035 0.906168184569627
4.747295565424577 0.6741118865381794
4.817108735504349 0.9342448608576448
4.886921905584122 0.9310615390186587
4.956735075663896 1.3504186610708226
5.026548245743669 0.8804728643502387
5.096361415823442 1.1285137149444817
5.1661745859032155 1.0716246275820758
5.235987755982989 0.7130499289838543
5.305800926062762 0.9354255149428213
5.375614096142535 1.0518349582424162
5.445427266222308 0.9208210036371253
5.515240436302081 0.7402313603244447
5.585053606381854 0.8949352778298963
5.654866776461628 0.9995194178299802
5.724679946541401 1.1869842857774158
5.794493116621174 0.954078842137232
5.8643062867009474 0.9043874039621247
5.934119456780721 1.1728502924768667
6.003932626860494 1.0255560566080422
6.073745796940266 0.8183110105549145
6.14355896702004 1.0397430078046788
6.213372137099813 0.9923102734501512
6.283185307179586 1.0562465536103687
6.3529984772593595 1.070138942592771
6.422811647339133 1.173333712442015
6.492624817418906 0.9465697141527118
6.562437987498679 0.8596967633574527
6.632251157578453 0.9879897013368563
6.702064327658226 1.0188667362294295
6.771877497737998 0.9596546379418851
6.841690667817772 1.081349354975585
6.911503837897545 1.0571188237280376
