# block  <P^2>
1 0.0
2 0.03841333333333337
3 0.03795555555555555
4 0.04089333333333331
5 0.0434533333333333
6 0.03706222222222217
7 0.03902666666666667
8 0.04362666666666661
9 0.05089333333333316
10 0.034151111111111083
11 0.0349288888888888
12 0.043715555555555494
13 0.03642222222222236
14 0.043386666666666705
15 0.038542222222222165
16 0.04039555555555566
17 0.041124444444444436
18 0.03475555555555545
19 0.035795555555555525
20 0.04116000000000012
21 0.04277777777777766
22 0.03725333333333335
23 0.04368000000000008
24 0.04860916860916857
25 0.033577777777777644
26 0.03622666666666664
27 0.04487111111111114
28 0.04740888888888883
29 0.043164444444444616
30 0.04444444444444436
31 0.03956888888888882
32 0.04394666666666674
33 0.044608888888888816
34 0.03945333333333324
35 0.03996444444444435
36 0.03963999999999994
37 0.04824888888888879
38 0.03296444444444434
39 0.040191111111110935
40 0.03877777777777767
41 0.034417777777777776
42 0.03815555555555547
43 0.04518666666666662
44 0.04243999999999996
45 0.035817777777777726
46 0.04333777777777788
47 0.03683555555555549
48 0.038671111111111094
49 0.041884444444444335
50 0.038622222222222266
51 0.03828888888888884
52 0.03831723831723834
53 0.037822222222222146
54 0.03940444444444454
55 0.04548888888888875
56 0.03945777777777771
57 0.03818222222222216
58 0.03113333333333333
59 0.04128128128128138
60 0.0474711111111111
61 0.03704888888888887
62 0.03170222222222216
63 0.037919999999999864
64 0.04189777777777791
65 0.0502888888888889
66 0.042553002553002636
67 0.04115555555555553
68 0.040155555555555555
69 0.04050222222222224
70 0.04187555555555544
71 0.03786879786879785
72 0.035635635635635474
73 0.03730666666666659
74 0.04747111111111111
75 0.03455111111111101
76 0.04050222222222225
77 0.040422222222222165
78 0.042297777777777865
79 0.046431111111111104
80 0.029740851963074088
81 0.038977777777777785
82 0.044004004004004164
83 0.036039999999999975
84 0.034724444444444356
85 0.03870666666666675
86 0.04028888888888891
87 0.044924444444444586
88 0.039231111111111105
89 0.03286222222222209
90 0.03744000000000006
91 0.03924444444444435
92 0.04154666666666656
93 0.04422222222222205
94 0.03596000000000002
95 0.03660000000000004
96 0.041275555555555635
97 0.04656000000000002
98 0.03540444444444428
99 0.03753333333333319
100 0.039253333333333286
101 0.03448551448551441
102 0.04015555555555552
103 0.04981333333333335
104 0.04287111111111103
105 0.04211999999999994
106 0.04710222222222213
107 0.037435555555555534
108 0.04045333333333326
109 0.03712444444444451
110 0.03571555555555547
111 0.03526222222222226
112 0.04204000000000006
113 0.03616888888888882
114 0.0481955555555557
115 0.0411555555555556
116 0.03683111111111101
117 0.04049777777777775
118 0.044377777777777815
119 0.0367777777777778
120 0.044044444444444324
121 0.04287555555555538
122 0.040333333333333284
123 0.041088888888888925
124 0.04038666666666676
125 0.04571555555555553
126 0.047293333333333396
127 0.04537426315204094
128 0.050182222222222295
129 0.03443555555555553
130 0.04016888888888876
131 0.03743999999999987
132 0.038893333333333245
133 0.043582222222222244
134 0.043208888888888734
135 0.038595555555555536
136 0.039991111111111165
137 0.03688888888888891
138 0.03856444444444444
139 0.041542222222222126
140 0.037884444444444366
141 0.04495555555555582
142 0.055811366922478
143 0.048760000000000046
144 0.04710222222222233
145 0.04283999999999998
146 0.040671111111111165
147 0.044702222222222254
148 0.040986666666666664
149 0.041915555555555546
150 0.04557777777777773
151 0.04014222222222219
152 0.040213333333333295
153 0.04457333333333332
154 0.04408444444444432
155 0.037704517704517715
156 0.037764444444444475
157 0.045551111111111264
158 0.0368
159 0.03897435897435896
160 0.042217777777777674
161 0.03811232967763372
162 0.040408888888888814
163 0.038450438450438426
164 0.03819555555555539
165 0.043902222222222134
166 0.038640000000000084
167 0.03958666666666664
168 0.04393777777777776
169 0.034964444444444416
170 0.04212888888888874
171 0.04436444444444452
172 0.04654222222222225
173 0.033137777777777724
174 0.033644444444444296
175 0.04056444444444441
176 0.04322222222222225
177 0.03894666666666663
178 0.037928888888888776
179 0.034831111111111084
180 0.03632888888888884
181 0.038159999999999895
182 0.0447333333333334
183 0.03308000000000001
184 0.04146222222222225
185 0.03628444444444444
186 0.036239999999999856
187 0.039551111111111044
188 0.03286222222222217
189 0.04560444444444451
190 0.03885777777777763
191 0.04812444444444449
192 0.038266666666666685
193 0.041533333333333367
194 0.038537777777777726
195 0.04734222222222226
196 0.04014666666666679
197 0.04056888888888879
198 0.034707514707514625
199 0.03959111111111095
200 0.043639999999999984
201 0.04543555555555563
202 0.041631111111111035
203 0.03528888888888877
204 0.04500000000000001
205 0.037115555555555436
206 0.04704888888888893
207 0.042671111111111056
208 0.036404444444444475
