block_size         error    difference      rel_diff
-------------------------------------------------------
       2  3.243590e-08  1.339660e-08  4.130176e-01
       4  4.583249e-08  1.888686e-08  4.120844e-01
       8  6.471935e-08  2.654634e-08  4.101763e-01
      16  9.126569e-08  3.710126e-08  4.065193e-01
      32  1.283670e-07  5.130342e-08  3.996622e-01
      64  1.796704e-07  6.954796e-08  3.870864e-01
     128  2.492183e-07  9.102177e-08  3.652290e-01
     256  3.402401e-07  1.118354e-07  3.286956e-01
     512  4.520755e-07  1.234202e-07  2.730079e-01
    1024  5.754957e-07  1.142708e-07  1.985606e-01
    2048  6.897665e-07  8.742500e-08  1.267458e-01
    4096  7.771915e-07  6.912790e-08  8.894577e-02
    8192  8.463194e-07  7.146597e-08  8.444326e-02
   16384  9.177854e-07  4.371376e-08  4.762961e-02
   32768  9.614991e-07  5.396417e-08  5.612503e-02
   65536  1.015463e-06  -7.340871e-08  7.229085e-02
  131072  9.420546e-07           ---           ---
