# k values and corresponding S(k) [pure estimator]
0.0 1.1884351994747968
0.20943951023931953 1.0040808300526929
0.41887902047863906 0.9920084112994854
0.6283185307179586 0.9888937579062926
0.8377580409572781 0.9782178103967054
1.0471975511965976 0.9820589578374608
1.2566370614359172 0.988381227174651
1.4660765716752366 0.9835563592294984
1.6755160819145563 0.9813353722870505
1.8849555921538759 0.9822097407556042
2.0943951023931953 0.9736992193763536
2.3038346126325147 0.9944842840712684
2.5132741228718345 0.9837423875179414
2.722713633111154 0.9863265453541197
2.9321531433504733 0.9746585106903205
3.141592653589793 0.9853363749024902
3.3510321638291125 0.9809374877071395
3.560471674068432 0.9807420701335563
3.7699111843077517 0.981862247771785
3.979350694547071 0.9814317932174502
4.1887902047863905 0.9834149101374747
4.39822971502571 0.9927400480242075
4.607669225265029 0.9885796957118984
4.817108735504349 0.9832130370561148
5.026548245743669 0.983922223513197
5.235987755982988 0.9803107283287992
5.445427266222308 0.9896610847142533
5.654866776461628 0.9900237807157665
5.864306286700947 0.9742798545233227
6.073745796940266 0.9859625031881232
6.283185307179586 0.9947018704006072
6.492624817418905 0.9815589785510385
6.702064327658225 0.9847155053735036
6.911503837897545 0.9899761255034529
7.120943348136864 0.9885575615210394
7.330382858376184 0.9846845421243215
7.5398223686155035 0.9843817593807138
7.749261878854822 0.9823056612327353
7.958701389094142 0.9814416681578707
8.168140899333462 0.9899445480973074
8.377580409572781 0.9860013604219792
8.5870199198121 0.9889001605271497
8.79645943005142 0.9852847741069781
9.00589894029074 0.9892899692011823
9.215338450530059 0.9864802826239674
9.42477796076938 0.9849034022666097
9.634217471008698 0.9887781428190393
9.843656981248017 0.9839621343798888
10.053096491487338 0.9867320824500787
10.262536001726657 0.973864146850145
10.471975511965976 0.985534538237939
10.681415022205297 0.9758367653149091
10.890854532444616 0.9794702172702932
11.100294042683934 0.9792881895628756
11.309733552923255 0.9841846753971962
11.519173063162574 0.9863669804284676
11.728612573401893 0.9958140431646082
11.938052083641214 0.9878193131529728
12.147491593880533 0.9802701937644301
12.356931104119852 0.9818675644488528
12.566370614359172 0.9948768156485196
12.775810124598491 0.9841785848582882
12.98524963483781 0.9801116998161604
13.194689145077131 0.9780179023939143
13.40412865531645 0.9845252956744078
13.613568165555769 0.9925692110442526
13.82300767579509 0.9902787215228452
14.032447186034409 0.9811876240785445
14.241886696273728 0.9885487451023534
14.451326206513048 0.9787377830955487
14.660765716752367 0.9799761983314128
14.870205226991686 0.9857154201922792
15.079644737231007 0.981787644489165
15.289084247470326 0.9930077443045982
15.498523757709645 0.9867545084720727
