# P_value  count
-1.0 0.0
-0.9333333333333333 0.0
-0.8666666666666667 1.0
-0.8 69.0
-0.7333333333333333 33.0
-0.6666666666666666 0.0
-0.6 21.0
-0.5333333333333333 32.0
-0.4666666666666667 0.0
-0.4 4.0
-0.3333333333333333 0.0
-0.26666666666666666 7.0
-0.2 0.0
-0.13333333333333333 0.0
-0.06666666666666667 3.0
0.0 984.0
0.06666666666666667 1.0
0.13333333333333333 0.0
0.2 0.0
0.26666666666666666 12.0
0.3333333333333333 105.0
0.4 219.0
0.4666666666666667 499.0
0.5333333333333333 1770.0
0.6 4857.0
0.6666666666666666 12037.0
0.7333333333333333 23110.0
0.8 46633.0
0.8666666666666667 50847.0
0.9333333333333333 45238.0
1.0 19593.0
