# block  <P^4>
1 0.0
2 0.21694382654382866
3 0.4154171654320999
4 0.48646074074074985
5 0.5305939358024728
6 0.5067113876543278
7 0.7270065917769618
8 0.4654082510082512
9 0.5626720592592622
10 0.32770176790123434
11 0.30943265240548734
12 0.5358106666666698
13 0.7304129746796406
14 0.5451863099863117
15 0.5316343901234585
16 0.5193860345679013
17 0.625318854320989
18 0.5046019555555509
19 0.46884936296297175
20 0.7461645827160375
21 0.7134470913580246
22 0.5413229152050051
23 0.7794623604938234
24 0.6539113481481503
25 0.42673480593481306
26 0.5128580456580463
27 0.4760064395061736
28 0.8829699753086334
29 0.7392109827160439
30 0.4117725626861432
31 0.4954983901234568
32 0.735031427160492
33 0.44587259852445577
34 0.440213135802473
35 0.7097739456790059
36 0.5222228543209869
37 0.32412750617284153
38 0.8271720098765384
39 0.5659047506172818
40 0.528295822222229
41 0.6838978962962962
42 0.4153898095626518
43 0.43092717037037626
44 0.5249965827160423
45 0.5424324938271605
46 0.42010380730380376
47 0.6374221827160561
48 0.351138187486087
49 0.40979259259259004
50 0.4489242551933177
51 0.47349144718104413
52 0.5547860543209895
53 0.395276072076072
54 0.39755075555556174
55 0.7664562765432059
56 0.51972835555555
57 0.4761991621250856
58 0.3276665679012333
59 0.39931399506172494
60 0.3868741728395016
61 0.6077395358024684
62 0.38999468641975676
63 0.45163869629629
64 0.6543509045655506
65 0.6906359308641994
66 0.5426635654321071
67 0.5435410917089946
68 0.42060021728395225
69 0.666790281481477
70 0.4041586567901289
71 0.5612834365229475
72 0.7082655209876475
73 0.5366962023752105
74 0.6622862862862829
75 0.42262174368841654
76 0.7028745283950636
77 0.4824323725657024
78 0.7152481469123446
79 0.5652080068080088
80 0.5440995160493797
81 0.3248744691358028
82 0.7313099259259314
83 0.5604769609115203
84 0.7451486222222258
85 0.5546612740740773
86 0.6752062024691392
87 0.5770845056178444
88 0.4986389728395164
89 0.6394725274725274
90 0.5215774617283984
91 0.5110451686254075
92 0.6961514074073999
93 0.49684260062532115
94 0.5319816098765404
95 0.42351913765247673
96 0.6556709925925955
97 0.6362993382716036
98 0.7980197728395051
99 0.7253301925925919
100 0.494952138271609
101 0.39999546132879243
102 0.6821952197530808
103 0.6338623493753245
104 0.4806995160493873
105 0.5261640877640872
106 0.49894995242156276
107 0.40720579173912835
108 0.5260764839506168
109 0.8943131576020462
110 0.6617473382716061
111 0.6295897287897287
112 0.4011311209876584
113 0.4634462419753122
114 0.6070616987950342
115 0.6158112482853301
116 0.5038313390313323
117 0.7915649382715939
118 0.6913670231003476
119 0.4296801382716089
120 0.5249100641975248
121 0.5316665406146981
122 0.8812354962962955
123 0.4119137804471191
124 0.8541458370370371
125 0.5940769382715971
126 0.47688663703703904
127 0.4978467455109375
128 0.5279872987654285
129 0.5278232128484132
130 0.5664550518518542
131 0.502033422222221
132 0.38696333789667026
133 0.5078780904361109
134 0.6429595919272599
135 0.7875126913580173
136 0.4069295999999948
137 0.477648928395065
138 0.36559695802469083
139 0.7539437274787246
140 0.7006676148148169
141 0.6072428246913516
142 0.5238736987654383
143 0.7422744888888806
144 0.5080513382715993
145 0.4642831407407451
146 0.8128769361954515
147 0.7066277530864186
148 0.6085400229400268
149 0.58266769382716
150 0.29453135802469427
151 0.3828603456790158
152 0.6034755358024715
153 0.5884748839506168
154 0.6418027851851872
155 0.7936256987654294
156 0.497913066666657
157 0.4687375177646777
158 0.49820308148147624
159 0.8292639999999964
160 0.5375219555555586
161 0.37760918518518705
162 0.4483405432098708
163 0.4058244318392458
164 0.49013283950617653
165 0.5055736757070114
166 0.6355923358024647
167 0.5274302846055856
168 0.4145016296296286
169 0.3948645329978706
170 0.4154704828285017
171 0.49227523950617413
172 0.5797628641975288
173 0.6422102695287849
174 0.29136233086419894
175 0.5520127012345725
176 0.3250666963259543
177 0.3655676641975334
178 0.5752422969395558
179 0.6144960592592561
180 0.6356513580246892
181 0.7656772031290474
182 0.3487070280156665
183 0.5158534716049472
184 0.37810475061728654
185 0.7189346581149059
186 0.5448212626879284
187 0.8992595355262002
188 0.4510376098765431
189 0.5250303407407454
190 0.7390600888888859
191 0.5186623802469159
192 0.43086867608348456
193 0.45449884444444244
194 0.5182595950617374
195 0.48976245824982945
196 0.5707758721684651
197 0.43433165432098714
198 0.4127780148148136
199 0.3841581234567959
200 0.36801603950617545
201 0.5393751308642035
202 0.35143040000000403
203 0.6202315456790124
204 0.4576799209876605
205 0.601612385185182
206 0.45404505617839597
207 0.3483013135802468
208 0.47217613827160543
