# k values and corresponding S(k) [pure estimator]
0.0 21.111278542066295
0.20943951023931953 0.835328539389475
0.41887902047863906 0.9016420725522883
0.6283185307179586 0.9001814414602709
0.8377580409572781 0.98476666585193
1.0471975511965976 0.9764219890880573
1.2566370614359172 0.9573161970056999
1.4660765716752366 0.9994280010724138
1.6755160819145563 0.9698018711377393
1.8849555921538759 1.0365850327340633
2.0943951023931953 0.9601251455257835
2.3038346126325147 0.9631749989294435
2.5132741228718345 0.93734149093042
2.722713633111154 0.9890792862132133
2.9321531433504733 0.969631867647574
3.141592653589793 0.9794183968169631
3.3510321638291125 0.9146254201722157
3.560471674068432 0.9472942837395755
3.7699111843077517 0.9612281760904613
3.979350694547071 1.0236886802092517
4.1887902047863905 0.9519632903809598
4.39822971502571 1.009779206558164
4.607669225265029 0.9775689808996444
4.817108735504349 0.9871745817722781
5.026548245743669 1.0307300809982933
5.235987755982988 0.9616175848480266
5.445427266222308 1.0283849844038406
5.654866776461628 0.9898132097289802
5.864306286700947 0.9561584482122218
6.073745796940266 1.0105670483440874
6.283185307179586 0.9233197304912372
6.492624817418905 0.9292888421070592
6.702064327658225 0.9618963150724922
6.911503837897545 1.0023562193417772
7.120943348136864 0.9503074128699142
7.330382858376184 0.9590947387551262
7.5398223686155035 0.978338257856906
7.749261878854822 0.9820783650660642
7.958701389094142 0.9867967773890077
8.168140899333462 0.965065281577919
8.377580409572781 1.0083308085843046
8.5870199198121 0.9737303002850972
8.79645943005142 1.0024985247410707
9.00589894029074 0.9970047095269743
9.215338450530059 1.006975075821572
9.42477796076938 1.009528260883799
9.634217471008698 0.9870240374851638
9.843656981248017 0.9789908423307557
10.053096491487338 0.9752038766732682
10.262536001726657 0.9411964505547382
10.471975511965976 0.9750009127880085
10.681415022205297 1.0064531598322852
10.890854532444616 0.9870874743313002
11.100294042683934 0.9805508557121834
11.309733552923255 1.0072853588301003
11.519173063162574 0.9719385506447075
11.728612573401893 0.9555947302351223
11.938052083641214 1.0015000913075147
12.147491593880533 1.0395938167222403
12.356931104119852 1.034187302275152
12.566370614359172 0.9912792530643953
12.775810124598491 0.9816553481213823
12.98524963483781 0.9678520384125916
13.194689145077131 1.0584312204599036
13.40412865531645 1.0093407111783192
13.613568165555769 0.9558784017740842
13.82300767579509 1.0313713583536588
14.032447186034409 0.96332835389863
14.241886696273728 1.0084204360182656
14.451326206513048 0.9661565038684328
14.660765716752367 0.9837038401110181
14.870205226991686 0.9439870491289104
15.079644737231007 0.9675229730821996
15.289084247470326 1.0114612890517463
15.498523757709645 0.96800509476369
