# block  <P^2>
1 0.0
2 0.24209568209568483
3 0.6938666666666632
4 0.6957022222222196
5 0.519582222222224
6 0.628426666666676
7 0.6826222222222235
8 0.7293288888888856
9 0.6812343212343246
10 0.6647574647574623
11 0.527894327894325
12 0.7760311111111101
13 0.5646311111111093
14 0.7276088888888913
15 0.5863644444444484
16 0.591053333333339
17 0.7734801468134789
18 0.6598711111111131
19 0.579195555555553
20 0.5445466666666694
21 0.7116133333333253
22 0.6054676899121272
23 0.5541613941613869
24 0.8457733333333257
25 0.7364488888888816
26 0.5756755555555588
27 0.7187511111111152
28 0.5901244444444484
29 0.5654088888888915
30 0.45472888888889185
31 0.7717866666666662
32 0.8210610610610591
33 0.6212222222222252
34 0.6500133333333321
35 0.7955244444444475
36 0.8519171676686567
37 0.6762533333333206
38 0.4736870203536869
39 0.6031097764431088
40 0.6116727716727707
41 0.9099199999999936
42 0.7414266666666617
43 0.8150711111111053
44 0.5743298854409914
45 0.6868488888888896
46 0.6920679320679283
47 0.7622422422422368
48 0.5433066666666758
49 0.7018577777777795
50 0.7593955555555537
51 0.6582266666666596
52 0.7628266666666662
53 0.49862666666666144
54 0.6914177777777774
55 0.5913333333333293
56 0.6956266666666594
57 0.6990577777777737
58 0.6916933333333336
59 0.5705777777777842
60 0.7699733333333303
61 0.5813155555555569
62 0.6437118437118402
63 0.6380335891447008
64 0.6328000000000076
65 0.6157220557220575
66 0.71458222222222
67 0.7298266666666648
68 0.7036044444444431
69 0.684546666666668
70 0.4640666666666661
71 0.5093173493173481
72 0.5515644444444472
73 0.5560538316093974
74 0.7407081807081767
75 0.6424222222222183
76 0.5804257216092661
77 0.652542222222222
78 0.5688933333333385
79 0.6834311111111029
80 0.8757155555555495
81 0.5874666666666694
82 0.5428127428127382
83 0.45938222222222164
84 0.5855167055166982
85 0.5545955555555513
86 0.48509333333333565
87 0.723202483921045
88 0.6304584304584268
89 0.6919555555555511
90 0.6288377266155022
91 0.7381688888888888
92 0.6501333333333313
93 0.5190034478923361
94 0.5056977777777739
95 0.6415377777777739
96 0.6798088888888864
97 0.6295333333333268
98 0.660709598487378
99 0.5294083694083666
100 0.5691022222222234
101 0.47755111111110593
102 0.6531997327989301
103 0.6918355555555511
104 0.7627761094427762
105 0.6822799999999931
106 0.6753422222222283
107 0.5734844444444408
108 0.6040626040626134
109 0.538617777777778
110 0.5029155555555566
111 0.5102533333333279
112 0.46224000000000426
113 0.7408058608058498
114 0.6428266666666717
115 0.6890311111111166
116 0.6375022222222241
117 0.617857777777768
118 0.8143856143856041
119 0.7581644444444382
120 0.8377688888888822
121 0.5755111111111094
122 0.45389777777777796
123 0.6136793080505725
124 0.7754954954954965
125 0.6987812187812142
126 0.6803333333333267
127 0.7844222222222097
128 0.6263733333333253
129 0.6231955555555477
130 0.6950755555555578
131 0.6115999999999975
132 0.5421244444444414
133 0.5960755555555514
134 0.6042222222222215
135 0.749825380936488
136 0.658657777777785
137 0.5714666666666677
138 0.5908755555555547
139 0.5476177777777829
140 0.5521155555555535
141 0.5728706484262052
142 0.6700011100011082
143 0.814733333333327
144 0.5216711111111111
145 0.7553777777777734
146 0.5227066666666685
147 0.5798622222222176
148 0.4739688888888857
149 0.5969630369630363
150 0.7161250139027927
151 0.5423911111111115
152 0.6462533333333284
153 0.6938927738927676
154 0.6382417582417619
155 0.4984266666666659
156 0.5744222222222222
157 0.5382666666666679
158 0.6828088888888832
159 0.688808888888882
160 0.7838133333333359
161 0.5665354243131994
162 0.673204444444442
163 0.5545733333333309
164 0.405977777777782
165 0.6492666666666688
166 0.6016222222222202
167 0.7812078745412023
168 0.590768888888887
169 0.7359973359973367
170 0.5844822600378078
171 0.5529377777777774
172 0.48489777777777654
173 0.6224355555555653
174 0.61479111111112
175 0.7122933333333359
176 0.6206133333333345
177 0.5245200756311869
178 0.7700666666666671
179 0.6634577777777731
180 0.7926104956920702
181 0.5703955555555582
182 0.8343200000000011
183 0.7651422222222142
184 0.6407022222222217
185 0.5966044444444496
186 0.5785370185370164
187 0.7003751803751743
188 0.5659214770325892
189 0.5684933333333317
190 0.5997333333333287
191 0.5890888888888853
192 0.6716177777777836
193 0.6182311111111115
194 0.626066666666658
195 0.4852844444444506
196 0.7639604839604822
197 0.8422444444444436
198 0.4872000000000029
199 0.7336133333333253
200 0.6586027944111726
201 0.6001155555555532
202 0.7237726615504387
203 0.5673422222222207
204 0.636742222222226
205 0.591862222222218
206 0.5573822222222166
207 0.7360355555555497
208 0.44732444444444164
