# r  Cs(r) [pure estimator]
0.15 0.0007380899139844944
0.44999999999999996 0.0007415952529579888
0.75 0.0007382146079145519
1.05 0.0007406115978209799
1.3499999999999999 0.0007384383774286235
1.65 0.0007315548982371771
1.95 0.0007318153588301944
2.25 0.0007383479556928878
2.55 0.0007394318467763795
2.85 0.0007367614506798154
3.15 0.0007325581757690032
3.4499999999999997 0.0007355028447893764
3.75 0.0007345676609672894
4.05 0.0007333740078470744
4.35 0.0007330927516749361
4.6499999999999995 0.0007354160740460112
4.95 0.0007346175365754322
5.25 0.0007292630578566525
5.55 0.0007383732490742795
5.85 0.0007316931701258442
6.1499999999999995 0.0007316250032038452
6.45 0.000729676831516936
6.75 0.0007398252441443919
7.05 0.0007395904275207638
7.35 0.0007339526558093891
7.6499999999999995 0.000738414641602212
7.949999999999999 0.0007348461734179674
8.25 0.0007316667687614045
8.549999999999999 0.0007272731095673275
8.85 0.0007275518657373832
9.15 0.0007311620308160296
9.45 0.0007341808570611022
9.75 0.0007318211182557513
10.049999999999999 0.0007300405754934683
10.35 0.0007362480789264894
10.65 0.0007334761641237039
10.95 0.0007320049084220999
11.25 0.0007336378885952948
11.549999999999999 0.0007367507519019769
11.85 0.0007316551561742453
12.15 0.0007290270293191764
12.45 0.000731026711411634
12.75 0.0007316714126000655
13.049999999999999 0.0007269924855490803
13.35 0.0007322605397025143
13.65 0.0007342665978169703
13.95 0.0007298405647026405
14.25 0.0007321708181680884
14.549999999999999 0.0007288009671248132
14.85 0.0007286172783155684
15.149999999999999 0.0007320007621864444
15.45 0.0007280315660438119
15.75 0.0007362108388803697
16.05 0.0007281345159419972
16.349999999999998 0.0007294972956004156
16.65 0.0007324257618777425
16.95 0.0007317758617555086
17.25 0.0007278368571901368
17.55 0.0007257383664080231
17.849999999999998 0.0007302926350382016
18.15 0.000731865604283367
18.45 0.0007281313847810517
18.75 0.0007344880567962724
19.05 0.0007279840589907935
19.349999999999998 0.0007299191674924043
19.65 0.0007364519529170328
19.95 0.0007275452515521309
20.25 0.0007308407074148398
20.55 0.0007279454972411311
20.849999999999998 0.0007298460696146018
21.15 0.0007300399883194358
21.45 0.0007305213029352955
21.75 0.0007344833037443629
22.05 0.0007311502169483415
22.349999999999998 0.0007304143322804782
22.65 0.0007328299746400793
22.95 0.0007305852477434763
23.25 0.0007283790819505537
23.55 0.0007307599314201973
23.849999999999998 0.0007341182812765121
24.15 0.0007275632062670652
24.45 0.0007328535714911485
24.75 0.0007301846817038317
25.05 0.0007339923378176373
25.349999999999998 0.0007245011325724445
25.65 0.0007278998548397818
25.95 0.0007345161601928791
26.25 0.0007325305506888845
26.55 0.0007313982716885144
26.849999999999998 0.0007343980337253296
27.15 0.0007319069711783166
27.45 0.0007338245947869936
27.75 0.0007308517184279629
28.05 0.0007346079928759358
28.349999999999998 0.0007274362316110797
28.65 0.0007301393237516612
28.95 0.000732627840323543
29.25 0.0007306028916549606
29.549999999999997 0.0007284073524514187
29.849999999999998 0.000726716855042771
