# block  <P^4>
1 0.0
2 0.3687605148148108
3 0.49713950123949985
4 0.555457150617286
5 0.52279676018704
6 0.587334396296303
7 0.529177358024691
8 0.5247585685918965
9 0.5749725987654349
10 0.6306134629629635
11 0.6347381630714971
12 0.578171137037035
13 0.5618198270864989
14 0.6006466911355768
15 0.5679660395061682
16 0.5089284173061941
17 0.6419016148148119
18 0.5550265296296328
19 0.5413943975308585
20 0.6121566185185198
21 0.5394454802469096
22 0.6211430913580241
23 0.5459429854096528
24 0.5834937134665509
25 0.6184847765432125
26 0.627046471604946
27 0.48747310987654047
28 0.5881577629629618
29 0.5672352320987576
30 0.5573385061728394
31 0.5827341913580286
32 0.5312478481481424
33 0.5920408419753084
34 0.5842881165115695
35 0.4325412157648606
36 0.6408293089626388
37 0.6461604962962996
38 0.4908557134223796
39 0.49283353703703253
40 0.5805889592592601
41 0.5537334703703676
42 0.6472781481481384
43 0.5226598580246901
44 0.6069246308641978
45 0.5409075370370353
46 0.550598029629627
47 0.5405968790123403
48 0.6399951185185193
49 0.6219903345678943
50 0.5104507123456782
51 0.636782137037043
52 0.5068860012345667
53 0.5659976999999952
54 0.5589296320962962
55 0.5225573333333345
56 0.4743778086419712
57 0.4528959876543199
58 0.5998481765432052
59 0.5496963061728379
60 0.4890688429169887
61 0.4724382740765428
62 0.5587395271604884
63 0.6077859283950586
64 0.6635875975308673
65 0.4910399543209849
66 0.6360271061728369
67 0.5526815999999951
68 0.55730537407407
69 0.5546226111111122
70 0.5676785765432101
71 0.573906965432097
72 0.580221459259263
73 0.5676010827160489
74 0.5355759259259252
75 0.6125920827160466
76 0.6178752666666737
77 0.5396833580246897
78 0.6868649199633816
79 0.519104643504643
80 0.611211407407413
81 0.581352162038582
82 0.45814721358024113
83 0.5272463802469094
84 0.5571846382716013
85 0.5002041575708218
86 0.6104344012345665
87 0.483719964408852
88 0.5222587925925896
89 0.6012603245220501
90 0.5152303148148151
91 0.6621972975308601
92 0.48859941111110944
93 0.5345812975308567
94 0.5398422604938297
95 0.49306859999999664
96 0.5862959148148131
97 0.6053509987654321
98 0.6266128901234594
99 0.5628731172839477
100 0.5089688213021539
101 0.5616676767676743
102 0.5665431567901267
103 0.5512426765432089
104 0.6150968037036982
105 0.6416435666666644
106 0.5439542530184472
107 0.636454009876543
108 0.6084119197530864
109 0.45051020864197566
110 0.4937353283950611
111 0.47800853086419676
112 0.5488776802469115
113 0.5390565921499215
114 0.5627015320987698
115 0.49528687901234836
116 0.6260910012345631
117 0.5608279374946035
118 0.5144883987654287
119 0.5839825865492508
120 0.49045680617284076
121 0.5370101469135807
122 0.5652244853911426
123 0.5216366910120023
124 0.5389322703703648
125 0.6056355691357979
126 0.5000569197530866
127 0.5490284172839506
128 0.5817583299348746
129 0.6659767666666638
130 0.5279647333333337
131 0.570147528395062
132 0.5131719250114248
133 0.5811256481481473
134 0.5486326629629563
135 0.5731561345678952
136 0.6567854814814816
137 0.5481745970079351
138 0.5386750308641945
139 0.5977717308642001
140 0.6120825558758997
141 0.48106142345678843
142 0.6029125777777755
143 0.6208492541924622
144 0.584343394011294
145 0.5270904123456771
146 0.5101649691358009
147 0.6221483370370312
148 0.6494326320987682
149 0.6527841985175316
150 0.5673368861179118
151 0.6949357987654294
152 0.5678283024691336
153 0.5012177758004904
154 0.5868065074074043
155 0.4814010333333336
156 0.5072457135457095
157 0.6245213296296239
158 0.5508816827160483
159 0.7576417703703693
160 0.6439608765432113
161 0.5034326074074081
162 0.5399545320987584
163 0.5216998555555528
164 0.4761650271604915
165 0.4988222604938241
166 0.5970899950617263
167 0.5475430469135785
168 0.6141528750973138
169 0.616448191444611
170 0.6213685135802466
171 0.517043983950617
172 0.4423372296296308
173 0.5113390395061672
174 0.5793407444444348
175 0.6070799432098724
176 0.5417765604938304
177 0.566036036036035
178 0.6591785938271612
179 0.5551966213126676
180 0.5445423308641926
181 0.5590918234567833
182 0.5742328790123458
183 0.6203343246913517
184 0.6446954209876633
185 0.5609855271604933
186 0.5370448572028762
187 0.5437025062099118
188 0.6024511846178437
189 0.5169124592592585
190 0.5858673532249675
191 0.5584641345048743
192 0.5809431543209862
193 0.5295430753086392
194 0.5380454197530855
195 0.5070446506172813
196 0.540830611111107
197 0.5539299308641941
198 0.4936863814814827
199 0.4950880452880443
200 0.5352489066489027
201 0.6068178864197541
202 0.5644467419753103
203 0.5306556420618118
204 0.4471773222222211
205 0.6367125333333329
206 0.6303449679012398
207 0.6252802234567865
208 0.5310075283950572
