# k values and corresponding S(k) [pure estimator]
0.0 43.61523180531128
0.10471975511965977 0.6742881632455682
0.20943951023931953 0.8157472434599514
0.3141592653589793 0.8911296579940828
0.41887902047863906 0.92582332474277
0.5235987755982988 0.941921046678298
0.6283185307179586 0.9652266107131899
0.7330382858376183 0.9780998529631636
0.8377580409572781 0.9691992672096197
0.9424777960769379 0.9755697114347096
1.0471975511965976 0.9917672896724816
1.1519173063162573 1.0109096548944663
1.2566370614359172 0.9768349116673394
1.361356816555577 0.975003220136561
1.4660765716752366 0.9726535317057166
1.5707963267948966 0.9896520270610752
1.6755160819145563 1.008418593701664
1.780235837034216 0.9961136177709542
1.8849555921538759 0.9865621919685736
1.9896753472735356 0.9844476866760823
2.0943951023931953 0.9765866073948726
2.199114857512855 0.9783280679997782
2.3038346126325147 0.9997240840067848
2.4085543677521746 0.9919205247872617
2.5132741228718345 1.008959737333304
2.617993877991494 1.0079319751527263
2.722713633111154 0.9828193295792856
2.827433388230814 1.0093078444990293
2.9321531433504733 0.9650379281987636
3.036872898470133 0.958775699507659
3.141592653589793 0.977643364506055
3.2463124087094526 0.9723958690403478
3.3510321638291125 1.0124501165540964
3.4557519189487724 0.986087617459887
3.560471674068432 0.9587823684141726
3.665191429188092 0.9949665981511543
3.7699111843077517 0.9615705670309983
3.874630939427411 0.9600725944899282
3.979350694547071 0.9631747413391015
4.084070449666731 0.9956405208370853
4.1887902047863905 0.971996514497883
4.29350995990605 0.9889956015750158
4.39822971502571 0.9615820839128442
4.50294947014537 1.0247341510803076
4.607669225265029 0.9874537900636747
4.71238898038469 0.9974412542343516
4.817108735504349 1.0046604527722791
4.921828490624009 0.9883220156182984
5.026548245743669 0.9779902492616303
5.1312680008633285 0.9589737027069704
5.235987755982988 0.9881682806224114
5.340707511102648 1.0077739287582221
5.445427266222308 1.0026357405096147
5.550147021341967 1.0112834233576669
5.654866776461628 0.9842531944584162
5.759586531581287 0.9649846166595742
5.864306286700947 0.9848418419742574
5.969026041820607 0.9829805186366039
6.073745796940266 0.994273614721556
6.178465552059926 0.9559423729088998
6.283185307179586 0.986311491043604
6.387905062299246 1.0048975902383208
6.492624817418905 0.9914198140723613
6.5973445725385655 0.9975587698652096
6.702064327658225 1.0121922065717162
6.8067840827778845 0.9756520009253248
6.911503837897545 0.9848562646412025
7.016223593017204 0.9994744060941229
7.120943348136864 0.9744944587016923
7.225663103256524 0.9872512116996999
7.330382858376184 0.9973551940149807
7.435102613495843 1.0057849666533984
7.5398223686155035 0.9766242193075725
7.644542123735163 0.9707357458285736
7.749261878854822 0.9760575086547711
