# r  Cs(r) [pure estimator]
0.125 2.008178368300609e-5
0.375 9.505366623988272e-6
0.625 2.194806772912388e-5
0.875 1.4431945721674176e-5
1.125 1.2698774020928834e-5
1.375 1.6993642354420304e-5
1.625 8.952959979943094e-6
1.875 1.582537427495888e-5
2.125 1.77093995570072e-5
2.375 1.1607486543408731e-5
2.625 1.9337847572871728e-5
2.875 1.599378631883939e-5
3.125 1.5942825710466043e-5
3.375 1.84748543790203e-5
3.625 6.529351483278677e-6
3.875 2.316118046724219e-5
4.125 1.0498580219043904e-5
4.375 4.574324215662623e-6
4.625 1.1257395615152885e-5
4.875 1.8181246902399737e-5
5.125 1.2393624974838159e-5
5.375 1.8929415731317867e-6
5.625 4.200459624688837e-6
5.875 1.3127261275791345e-5
6.125 9.484730356397564e-6
6.375 2.441856448041814e-6
6.625 1.3863461893397322e-5
6.875 1.209542300045205e-5
7.125 8.93292041289671e-6
7.375 8.989670407506097e-6
7.625 1.2855952431860465e-5
7.875 6.101385803690614e-6
8.125 1.4235188018301396e-6
8.375 4.010917222467464e-6
8.625 6.34328953688881e-6
8.875 1.4583137283096218e-5
9.125 4.479201081940636e-6
9.375 5.303961636239601e-6
9.625 -7.960252605553023e-7
9.875 3.063000644407036e-6
10.125 1.5234336189184582e-6
10.375 2.6819083673318536e-6
10.625 5.423242369058842e-6
10.875 3.1298238872313345e-6
11.125 1.332246791387566e-6
11.375 8.019409188194242e-6
11.625 3.1911350844244385e-6
11.875 7.553380850217431e-6
12.125 6.207458740781014e-6
12.375 8.21592891783537e-7
12.625 5.344376466030667e-7
12.875 6.758990082376634e-6
13.125 6.611452608877805e-6
13.375 -1.0377756720433874e-7
13.625 -2.7794420170689335e-6
13.875 1.1360527844430086e-5
14.125 8.801167440823048e-7
14.375 3.345800999533569e-6
14.625 5.887274126315541e-7
14.875 6.545648305559319e-6
15.125 3.2084041323829786e-6
15.375 3.5992777680006656e-6
15.625 3.941628120477216e-6
15.875 4.0692148073752415e-6
16.125 5.2882409058040275e-6
16.375 4.719592176040562e-6
16.625 1.5615647321134893e-6
16.875 -3.0214867374093213e-6
17.125 3.211977514121503e-6
17.375 8.907953679862562e-6
17.625 -1.6486964760682481e-6
17.875 3.886229025106599e-7
18.125 4.188176737897084e-6
18.375 -1.3838181204510769e-6
18.625 -8.104173571357183e-7
18.875 -1.5446266100261227e-6
19.125 -6.545001675472103e-7
19.375 -3.6500963386970667e-6
19.625 -6.691344312045949e-6
19.875 -6.653169380329389e-6
20.125 6.951113098751083e-6
20.375 2.697145233019724e-6
20.625 9.705359981184543e-6
20.875 6.943504115232139e-6
21.125 1.4709720784741603e-6
21.375 3.172440576808061e-6
21.625 5.654795844273997e-7
21.875 6.184435849925152e-6
22.125 -4.055595353824423e-6
22.375 1.2186092294326952e-5
22.625 -5.791892502533021e-6
22.875 1.086231403939235e-6
23.125 -6.227562152430368e-6
23.375 3.4281913690896885e-6
23.625 -2.755444421244073e-7
23.875 6.686309155590895e-7
24.125 1.1100859389513637e-6
24.375 -2.157974431870612e-6
24.625 5.2822641377943255e-6
24.875 -6.875211923270567e-6
