block_size         error    difference      rel_diff
-------------------------------------------------------
       2  1.616385e-08  6.689259e-09  4.138408e-01
       4  2.285311e-08  9.450939e-09  4.135516e-01
       8  3.230405e-08  1.334036e-08  4.129625e-01
      16  4.564440e-08  1.879795e-08  4.118347e-01
      32  6.444235e-08  2.640341e-08  4.097213e-01
      64  9.084576e-08  3.688742e-08  4.060445e-01
     128  1.277332e-07  5.103583e-08  3.995503e-01
     256  1.787690e-07  6.953800e-08  3.889824e-01
     512  2.483070e-07  9.331999e-08  3.758250e-01
    1024  3.416270e-07  1.236694e-07  3.620012e-01
    2048  4.652964e-07  1.653891e-07  3.554490e-01
    4096  6.306855e-07  2.267639e-07  3.595514e-01
    8192  8.574494e-07  3.131917e-07  3.652597e-01
   16384  1.170641e-06  3.800945e-07  3.246892e-01
   32768  1.550736e-06  4.040655e-07  2.605638e-01
   65536  1.954801e-06  3.455868e-07  1.767887e-01
  131072  2.300388e-06           ---           ---
