# k values and corresponding S(k) [pure estimator]
0.0 1.6992640158917947
0.20943951023931953 0.9873641225645237
0.41887902047863906 0.9728369856740875
0.6283185307179586 0.9757656480672604
0.8377580409572781 0.9647607125728661
1.0471975511965976 0.9718355146141202
1.2566370614359172 0.9700966975677561
1.4660765716752366 0.9632723969638279
1.6755160819145563 0.9642398921100508
1.8849555921538759 0.9700656175925386
2.0943951023931953 0.9702857180896987
2.3038346126325147 0.9692478400726899
2.5132741228718345 0.9735399568160381
2.722713633111154 0.9756825521858259
2.9321531433504733 0.9684531732024019
3.141592653589793 0.9748361306961518
3.3510321638291125 0.969476358341324
3.560471674068432 0.9748764761705352
3.7699111843077517 0.9740165324817674
3.979350694547071 0.9697074251289716
4.1887902047863905 0.9685799017961718
4.39822971502571 0.9744016026890512
4.607669225265029 0.9669156477095469
4.817108735504349 0.9646137086964397
5.026548245743669 0.9679279428138854
5.235987755982988 0.9748869848145636
5.445427266222308 0.9746869727270123
5.654866776461628 0.9674759301177822
5.864306286700947 0.970371795135487
6.073745796940266 0.9701153837675276
6.283185307179586 0.9721627674400383
6.492624817418905 0.9682533419389641
6.702064327658225 0.9666131057094965
6.911503837897545 0.9669252150897071
7.120943348136864 0.9730243820117316
7.330382858376184 0.9603385385332536
7.5398223686155035 0.9728394731011265
7.749261878854822 0.9697603794712862
7.958701389094142 0.9652650498096603
8.168140899333462 0.9699704907778139
8.377580409572781 0.9693033385120439
8.5870199198121 0.9744632165193687
8.79645943005142 0.9773348202690002
9.00589894029074 0.9672711372926222
9.215338450530059 0.9687786740473093
9.42477796076938 0.9688966497656567
9.634217471008698 0.9666654283578451
9.843656981248017 0.9708052812451023
10.053096491487338 0.9738097992420166
10.262536001726657 0.9673470274234224
10.471975511965976 0.9658808234105464
10.681415022205297 0.9716839574393589
10.890854532444616 0.9752181547494061
11.100294042683934 0.9693580066694776
11.309733552923255 0.9670594612883107
11.519173063162574 0.9667795412780289
11.728612573401893 0.9684361287558125
11.938052083641214 0.9704792159484211
12.147491593880533 0.964963103497498
12.356931104119852 0.9775443482695708
12.566370614359172 0.9728522441726853
12.775810124598491 0.9677136498750335
12.98524963483781 0.9738313738287375
13.194689145077131 0.9662146745926756
13.40412865531645 0.9706684577931678
13.613568165555769 0.9672205971391704
13.82300767579509 0.9740510715355617
14.032447186034409 0.9673762867490292
14.241886696273728 0.9710440434693028
14.451326206513048 0.9690227510462402
14.660765716752367 0.9736315275401026
14.870205226991686 0.9702041796817423
15.079644737231007 0.9708435117957516
15.289084247470326 0.9693077164957422
15.498523757709645 0.962687144520667
