# block  <P^2>
1 0.0
2 0.05132444444444443
3 0.05249777777777793
4 0.04772888888888909
5 0.04295851406962523
6 0.04658666666666683
7 0.05134421134421146
8 0.03839555555555561
9 0.05448888888888893
10 0.06173333333333347
11 0.04213777777777779
12 0.04502666666666673
13 0.04747555555555553
14 0.06445333333333345
15 0.054568888888889014
16 0.05805777777777778
17 0.05316888888888891
18 0.04812076812076804
19 0.057306666666666596
20 0.05294222222222219
21 0.061373333333333314
22 0.04416888888888878
23 0.06418026418026425
24 0.05508000000000015
25 0.05009777777777783
26 0.05740888888888894
27 0.04264000000000005
28 0.04144444444444433
29 0.05568444444444445
30 0.050706666666666615
31 0.047959999999999836
32 0.05350222222222226
33 0.05345777777777793
34 0.04632000000000003
35 0.049799089799089695
36 0.05369333333333319
37 0.046155555555555464
38 0.048751111111111085
39 0.04332556332556335
40 0.051328888888888854
41 0.06869333333333355
42 0.05128205128205116
43 0.057351111111111144
44 0.05543111111111112
45 0.04850666666666637
46 0.046364444444444326
47 0.04839061283505726
48 0.04395555555555561
49 0.05252
50 0.05754222222222235
51 0.047017777777777825
52 0.051373333333333264
53 0.04242222222222228
54 0.04798222222222233
55 0.06463111111111106
56 0.05643111111111137
57 0.045333333333333364
58 0.05554666666666671
59 0.05153777777777792
60 0.041995555555555494
61 0.05159111111111117
62 0.05673333333333326
63 0.043848888888888944
64 0.04980888888888883
65 0.049808888888888826
66 0.053373333333333356
67 0.05679555555555547
68 0.04639999999999998
69 0.06132444444444442
70 0.05587555555555562
71 0.058999999999999955
72 0.0465911111111111
73 0.0457422222222222
74 0.04035999999999995
75 0.04605333333333326
76 0.044991111111111176
77 0.0444577644577645
78 0.07030666666666684
79 0.04318666666666664
80 0.0674311111111112
81 0.05272888888888861
82 0.04587111111111124
83 0.04580271654419959
84 0.054435555555555515
85 0.04515111111111116
86 0.03994666666666668
87 0.05519111111111106
88 0.044595555555555486
89 0.039066666666666756
90 0.04644888888888898
91 0.03724888888888878
92 0.06265333333333317
93 0.051598264931598234
94 0.06342666666666658
95 0.04783111111111091
96 0.04234666666666673
97 0.05285381285381313
98 0.0800754800754804
99 0.04946666666666661
100 0.048448888888888875
101 0.050817777777777705
102 0.051408888888888955
103 0.05541333333333349
104 0.05876592444887562
105 0.048271111111111265
106 0.05006222222222214
107 0.05807111111111129
108 0.050502222222222296
109 0.05680444444444439
110 0.0470844444444445
111 0.04982666666666662
112 0.056253333333333336
113 0.053084444444444455
114 0.04965777777777793
115 0.04975555555555562
116 0.04468888888888895
117 0.046751111111111084
118 0.05298666666666679
119 0.051142222222222165
120 0.04306666666666668
121 0.039737777777777816
122 0.03846958069180281
123 0.06237333333333329
124 0.05469160543308823
125 0.06347555555555515
126 0.05897333333333333
127 0.04647999999999994
128 0.04739999999999998
129 0.042675555555555494
130 0.04570984570984566
131 0.052097777777777625
132 0.05829725829725844
133 0.052306666666666654
134 0.05860444444444425
135 0.040311111111111186
136 0.04206222222222231
137 0.052142222222222236
138 0.04929777777777781
139 0.05394666666666664
140 0.05768444444444444
141 0.05970666666666647
142 0.05836888888888885
143 0.05597333333333343
144 0.05906666666666667
145 0.05412888888888889
146 0.05160444444444465
147 0.059511111111110994
148 0.05003555555555565
149 0.05189333333333347
150 0.06301777777777795
151 0.046506666666666654
152 0.0626577777777778
153 0.05091555555555555
154 0.0652577777777779
155 0.03924444444444443
156 0.0532888888888889
157 0.0417644444444444
158 0.06036703370036706
159 0.05269777777777772
160 0.047044444444444444
161 0.040822222222222176
162 0.043528888888888846
163 0.051804444444444486
164 0.05744444444444462
165 0.04691111111111106
166 0.04687555555555549
167 0.04487111111111125
168 0.05953333333333344
169 0.04208000000000006
170 0.04729333333333348
171 0.047884444444444535
172 0.05156444444444449
173 0.050702222222222315
174 0.036693333333333335
175 0.04495111111111116
176 0.05148888888888868
177 0.048359999999999966
178 0.0555822222222222
179 0.06327999999999996
180 0.05283555555555554
181 0.0542355555555557
182 0.04899555555555562
183 0.0498488888888889
184 0.05419999999999974
185 0.0480133333333333
186 0.05413333333333333
187 0.0479733333333334
188 0.04861333333333335
189 0.050715555555555555
190 0.04629333333333339
191 0.04874222222222226
192 0.05144000000000014
193 0.056715555555555644
194 0.044395555555555695
195 0.0563466666666668
196 0.06499555555555551
197 0.052955555555555395
198 0.0478567456345234
199 0.05127555555555546
200 0.04994666666666664
201 0.043173333333333376
202 0.0521644444444444
203 0.04935555555555578
204 0.04405777777777773
205 0.0453955555555555
206 0.05028444444444446
207 0.0443955555555555
208 0.05044733044733049
