# block  <P>
1 0.0
2 0.009066666666666652
3 0.019999999999999973
4 0.020866666666666627
5 0.01214547881214547
6 0.028533333333333334
7 -0.00839160839160844
8 -0.004066666666666653
9 -0.0002666666666666375
10 -0.003200000000000003
11 0.0006000000000000249
12 0.025533333333333345
13 0.007066666666666651
14 0.010400000000000003
15 -0.017599999999999987
16 0.020600000000000035
17 -0.010600000000000005
18 -0.02131202131202129
19 -0.031066666666666597
20 -0.022266666666666622
21 0.014999999999999979
22 0.012533333333333306
23 0.05800865800865807
24 0.007133333333333339
25 0.046400000000000045
26 0.031799999999999835
27 0.006133333333333403
28 0.025799999999999983
29 0.04393333333333341
30 0.05020000000000014
31 0.011133333333333334
32 -0.032799999999999954
33 0.008399999999999994
34 0.024933333333333287
35 -0.02331002331002323
36 -0.00846666666666665
37 -0.007799999999999983
38 -0.02406666666666665
39 -0.008258408258408203
40 -0.010866666666666677
41 -0.00933333333333327
42 -0.013053613053613078
43 0.0037333333333333103
44 0.011333333333333351
45 -0.01173333333333333
46 0.03373333333333334
47 0.027427427427427393
48 0.022800000000000008
49 0.02406666666666664
50 0.00939999999999997
51 0.011933333333333298
52 -0.019933333333333327
53 -0.009933333333333332
54 0.007466666666666652
55 -0.03613333333333325
56 -0.007399999999999951
57 -0.005066666666666641
58 0.024799999999999996
59 0.014000000000000021
60 0.01619999999999998
61 3.885780586188048e-18
62 -0.0029999999999999844
63 -0.001999999999999999
64 -0.00020000000000000828
65 0.044599999999999994
66 0.009933333333333405
67 0.01579999999999997
68 -0.04573333333333341
69 -0.0446666666666669
70 -0.012666666666666677
71 -0.019533333333333246
72 -0.03286666666666658
73 -0.03679999999999992
74 -0.027133333333333284
75 -0.01373333333333333
76 -0.014733333333333312
77 -0.0011322011322011053
78 0.029400000000000027
79 0.022199999999999942
80 -0.03573333333333336
81 -0.010666666666666701
82 0.011933333333333343
83 0.043086172344689345
84 0.01586666666666664
85 0.017800000000000017
86 0.0016000000000000356
87 -0.014266666666666657
88 -0.018933333333333302
89 -0.0026666666666667017
90 -0.007400000000000035
91 0.003533333333333359
92 0.006066666666666658
93 0.025759092425759095
94 0.031400000000000025
95 -0.0034666666666666704
96 0.004266666666666649
97 0.01252081252081248
98 0.053479853479853706
99 0.0356
100 -0.013133333333333354
101 -0.005333333333333317
102 0.020866666666666787
103 0.026933333333333347
104 0.024592888002658686
105 0.03486666666666661
106 0.01799999999999998
107 0.009200000000000009
108 0.03846666666666669
109 -0.039799999999999926
110 -0.0600000000000002
111 -0.0132666666666667
112 0.015400000000000197
113 -0.0008000000000000322
114 -0.04060000000000002
115 -0.012333333333333323
116 -0.027133333333333277
117 -0.004333333333333331
118 0.01706666666666671
119 0.001133333333333334
120 -0.012799999999999914
121 -0.014466666666666649
122 0.03663663663663654
123 0.04813333333333318
124 0.023714094856379413
125 -0.00733333333333334
126 -0.00846666666666667
127 -0.015066666666666636
128 -0.0020666666666666945
129 0.024933333333333304
130 0.012054612054612045
131 -0.003333333333333349
132 -0.009590409590409571
133 -0.021133333333333375
134 -0.026666666666666634
135 -0.03479999999999996
136 0.027333333333333307
137 0.03586666666666668
138 -0.008533333333333306
139 0.014666666666666658
140 0.0044666666666666735
141 -0.013199999999999995
142 -0.004999999999999958
143 0.007199999999999971
144 0.027066666666666645
145 0.02659999999999999
146 0.005266666666666653
147 -0.006933333333333394
148 0.00440000000000001
149 0.017466666666666658
150 -0.009133333333333308
151 -0.010666666666666672
152 0.0006666666666666561
153 0.001066666666666691
154 -0.022066666666666717
155 0.0021333333333333395
156 0.0029333333333333308
157 -0.0013999999999999692
158 0.013546880213546914
159 -0.005800000000000036
160 0.017533333333333345
161 0.0012666666666666716
162 -0.011066666666666674
163 0.009599999999999994
164 0.03700000000000005
165 0.013266666666666694
166 0.0016666666666666715
167 0.0014666666666666884
168 0.0004666666666666617
169 -0.027066666666666614
170 0.0016666666666666872
171 0.00759999999999998
172 -0.01946666666666664
173 -0.005999999999999977
174 -0.012133333333333314
175 0.02719999999999995
176 0.03753333333333316
177 -0.023533333333333354
178 0.004266666666666636
179 -0.06706666666666657
180 -0.04266666666666669
181 0.015266666666666682
182 0.033866666666666545
183 0.023466666666666573
184 0.03846666666666666
185 0.016733333333333312
186 0.06306666666666674
187 0.04879999999999998
188 -0.0008000000000000091
189 -0.011133333333333348
190 -0.014400000000000015
191 0.0058000000000000065
192 0.006133333333333328
193 0.018999999999999947
194 0.00673333333333337
195 0.002000000000000005
196 0.012533333333333464
197 0.018599999999999985
198 0.05345345345345341
199 0.01606666666666667
200 -0.005733333333333348
201 0.004933333333333317
202 0.028466666666666588
203 0.0507333333333332
204 0.02846666666666663
205 0.0022666666666666902
206 0.005866666666666673
207 -0.017000000000000043
208 0.011721611721611735
