0.075 0.9740842911877394
0.22499999999999998 1.0409501915708812
0.375 1.0361992337164752
0.525 1.0248505747126437
0.6749999999999999 1.0497318007662835
0.825 1.0270038314176244
0.975 1.0265134099616857
1.125 1.0189731800766284
1.275 1.043448275862069
1.425 0.9898007662835249
1.575 0.9734789272030652
1.7249999999999999 0.9565210727969349
1.875 0.9281072796934866
2.025 0.8999386973180077
2.175 0.9491954022988506
2.3249999999999997 0.9397164750957855
2.475 0.955095785440613
2.625 0.9391034482758621
2.775 0.9487509578544061
2.925 0.960168582375479
3.0749999999999997 0.9566590038314177
3.225 0.9739003831417624
3.375 0.9406436781609195
3.525 0.9259080459770115
3.675 0.9487049808429119
3.8249999999999997 0.959471264367816
3.9749999999999996 0.9618544061302682
4.125 0.9658850574712644
4.2749999999999995 0.9379616858237548
4.425 0.9334252873563218
4.575 0.9019923371647509
4.725 0.9152030651340997
4.875 0.9351187739463601
5.0249999999999995 0.9368429118773947
5.175 0.9503984674329502
5.325 0.9246590038314176
5.475 0.9243141762452107
5.625 0.9817471264367816
5.7749999999999995 0.9522528735632184
5.925 0.9649501915708812
6.075 0.9165977011494253
6.225 0.9308735632183908
6.375 0.9062375478927203
6.5249999999999995 0.9672183908045977
6.675 0.9772107279693487
6.825 0.9575325670498084
6.975 0.931455938697318
7.125 0.9780306513409962
7.2749999999999995 1.0412260536398468
7.425 1.0482222222222222
7.574999999999999 1.0746666666666667
7.725 1.085065134099617
7.875 1.096528735632184
8.025 1.0863218390804599
8.174999999999999 1.1127509578544061
8.325 1.1438927203065135
8.475 1.1320919540229886
8.625 1.1045977011494252
8.775 1.0779386973180076
8.924999999999999 1.1114712643678162
9.075 1.101448275862069
9.225 1.0904674329501916
9.375 1.0950421455938697
9.525 1.1093486590038315
9.674999999999999 1.1208582375478928
9.825 1.1639233716475095
9.975 1.1097854406130268
10.125 1.0988275862068966
10.275 1.0986053639846742
10.424999999999999 1.0784827586206898
10.575 1.050758620689655
10.725 1.1017241379310345
10.875 1.0642681992337164
11.025 1.0733486590038315
11.174999999999999 1.058360153256705
11.325 1.0639386973180076
11.475 1.04544061302682
11.625 1.0398314176245211
11.775 1.0355785440613028
11.924999999999999 0.9981226053639847
12.075 0.9709655172413794
12.225 1.006176245210728
12.375 1.0005057471264367
12.525 0.9879386973180077
12.674999999999999 1.0061379310344827
12.825 1.012383141762452
12.975 1.0115172413793103
13.125 0.9849731800766284
13.275 0.9519616858237548
13.424999999999999 0.936168582375479
13.575 0.9765823754789272
13.725 0.9751724137931035
13.875 0.9526743295019157
14.025 0.9024367816091954
14.174999999999999 0.89655938697318
14.325 0.960352490421456
14.475 0.909823754789272
14.625 0.8952030651340996
14.774999999999999 0.9036781609195402
14.924999999999999 0.9071724137931034
