# k  S_n(k)
0.0 80.0
0.07853981633974483 0.6562907427248628
0.15707963267948966 0.6204180460332918
0.23561944901923448 0.3485311006281512
0.3141592653589793 0.35111224799618884
0.39269908169872414 0.18954372515623866
0.47123889803846897 0.41185633053587695
0.5497787143782138 0.4327349106822087
0.6283185307179586 0.20149633485713594
0.7068583470577035 0.663311708561851
0.7853981633974483 0.30347804515072785
0.8639379797371931 1.7269224236747693
0.9424777960769379 1.8445028876585947
1.0210176124166828 0.8294369404390294
1.0995574287564276 1.4049120361451155
1.1780972450961724 1.7664870403858906
1.2566370614359172 2.15021392041759
1.335176877775662 0.7378662352675733
1.413716694115407 0.8973927157259073
1.4922565104551517 1.9412522330099073
1.5707963267948966 0.499903002777149
1.6493361431346414 0.8922697140378058
1.7278759594743862 1.0979211916748546
1.806415775814131 0.7267272560531337
1.8849555921538759 0.6524382726187304
1.9634954084936207 1.2868350673430702
2.0420352248333655 0.683335861265327
2.1205750411731104 0.8056491151937384
2.199114857512855 1.0651373119238268
2.2776546738526 0.5170829764248963
2.356194490192345 0.8066405993614677
2.4347343065320897 0.8234419086475132
2.5132741228718345 0.7947442827030634
2.5918139392115793 0.583077146088717
2.670353755551324 1.0921293620984827
2.748893571891069 0.8088028536824303
2.827433388230814 0.9535982778495449
2.9059732045705586 1.0731882969681574
2.9845130209103035 1.1008105066671208
3.0630528372500483 1.0176876883461554
3.141592653589793 0.9953156210514159
3.220132469929538 0.6614863559883342
3.2986722862692828 1.489591677181494
3.3772121026090276 0.8195656047770175
3.4557519189487724 0.9604568424676361
3.5342917352885173 0.9049220542213599
3.612831551628262 0.8625197630485404
3.691371367968007 0.9161720589058326
3.7699111843077517 1.077564450313857
3.8484510006474966 1.0118561609238463
3.9269908169872414 1.216282137083001
4.005530633326986 1.0073971801857666
4.084070449666731 0.8881878248636674
4.162610266006476 1.206685059936394
4.241150082346221 1.206473597497307
4.319689898685965 1.0452563624997546
4.39822971502571 0.8292252378637416
4.476769531365456 1.0913155801002437
4.5553093477052 0.990405123621184
4.633849164044944 0.843394219730455
4.71238898038469 1.024339764914533
4.790928796724435 0.9611487682644615
4.869468613064179 0.9950396645708207
4.948008429403924 1.1726797339707622
5.026548245743669 1.0694780853231376
5.105088062083414 0.978458640821867
5.183627878423159 0.9502517670487928
5.262167694762903 0.9874558627699432
5.340707511102648 1.1163138661136276
5.419247327442394 0.7889643741392125
5.497787143782138 0.8691430704030396
5.576326960121882 0.921407243717318
5.654866776461628 0.8142956439168939
5.733406592801373 0.9571542837558908
5.811946409141117 1.0674268865281373
5.890486225480862 0.9856322222418673
5.969026041820607 1.1228217566743717
6.047565858160352 1.0339735679292081
6.126105674500097 1.099007139024039
6.204645490839841 1.2443789235190004
6.283185307179586 1.07109132759439
6.3617251235193315 0.8322057114689522
6.440264939859076 0.967329852211782
6.51880475619882 1.1595352912360963
6.5973445725385655 1.0702445110810936
6.675884388878311 1.087782983484472
6.754424205218055 0.9115990379741756
6.8329640215578 0.955648429122126
6.911503837897545 0.9558596911160764
6.99004365423729 0.957646921430655
7.0685834705770345 1.1799588793012077
7.147123286916779 1.053269687344284
7.225663103256524 0.8928991131724187
7.304202919596269 0.9921500527154384
7.382742735936014 0.9548851001038675
7.461282552275758 0.9246859730998391
7.5398223686155035 1.135222781786485
7.618362184955249 1.0304254378946542
7.696902001294993 0.9758605890166412
7.7754418176347375 1.1357465761874708
