# r  Cs(r) [pure estimator]
0.075 8.309990144856485e-5
0.22499999999999998 8.10092074062458e-5
0.375 7.997753038107151e-5
0.525 7.650070460233092e-5
0.6749999999999999 8.526761497844223e-5
0.825 7.753934017761981e-5
0.975 7.7485091518043e-5
1.125 7.212376335696287e-5
1.275 8.396816038164394e-5
1.425 7.775599533813584e-5
1.575 8.18839002706781e-5
1.7249999999999999 7.513104432287024e-5
1.875 7.60241500047614e-5
2.025 7.617771617830026e-5
2.175 7.138802850901756e-5
2.3249999999999997 7.02517958239901e-5
2.475 7.820259880525153e-5
2.625 8.227237386155933e-5
2.775 7.722008800328274e-5
2.925 8.197083320315665e-5
3.0749999999999997 7.505189700925936e-5
3.225 7.613757787184062e-5
3.375 7.666914150551921e-5
3.525 6.594511437587575e-5
3.675 7.021258934737788e-5
3.8249999999999997 6.991799015503414e-5
3.9749999999999996 7.047992957732655e-5
4.125 6.929792834498954e-5
4.2749999999999995 7.838675321441343e-5
4.425 7.43638351552126e-5
4.575 7.246098390777223e-5
4.725 7.091597416035371e-5
4.875 6.747994309366902e-5
5.0249999999999995 6.74445862817973e-5
5.175 7.078427510802972e-5
5.325 6.60306292466899e-5
5.475 7.408470691311823e-5
5.625 7.111144018848023e-5
5.7749999999999995 7.316262123463654e-5
5.925 7.297880025214766e-5
6.075 6.404290337129917e-5
6.225 7.263509645783342e-5
6.375 7.137328138648049e-5
6.5249999999999995 7.20191695728586e-5
6.675 6.988294380884428e-5
6.825 6.983806929475937e-5
6.975 6.780582129985197e-5
7.125 7.238487255103378e-5
7.2749999999999995 6.826998997087351e-5
7.425 6.341760295279093e-5
7.574999999999999 6.865507491051234e-5
7.725 6.374335028000027e-5
7.875 6.959295277615022e-5
8.025 6.58051131207491e-5
8.174999999999999 7.147824799552092e-5
8.325 6.80267210927416e-5
8.475 7.154474817627075e-5
8.625 6.510367567439335e-5
8.775 6.96775413306376e-5
8.924999999999999 6.976890405157923e-5
9.075 6.447424482952637e-5
9.225 5.913588101837089e-5
9.375 6.176888950445761e-5
9.525 6.85478067581871e-5
9.674999999999999 7.52249144572119e-5
9.825 6.514177282040444e-5
9.975 6.809276786521652e-5
10.125 6.7415283573993e-5
10.275 7.388026234941674e-5
10.424999999999999 6.352529379450446e-5
10.575 6.951120358698126e-5
10.725 6.803898914146137e-5
10.875 6.52734057898438e-5
11.025 6.83307625780969e-5
11.174999999999999 6.616035541351951e-5
11.325 6.318286725554454e-5
11.475 6.3486269393695e-5
11.625 6.037002972349112e-5
11.775 6.69989626828738e-5
11.924999999999999 7.0596627503101e-5
12.075 7.075229881167038e-5
12.225 7.113381277331855e-5
12.375 6.929423112972315e-5
12.525 6.423074342561946e-5
12.674999999999999 6.473389656972342e-5
12.825 5.9865960778714885e-5
12.975 6.341326616227759e-5
13.125 6.693740490757562e-5
13.275 6.355990674043474e-5
13.424999999999999 6.378052504000736e-5
13.575 6.109712195653668e-5
13.725 6.733710958279494e-5
13.875 6.953261900906223e-5
14.025 6.53100200730133e-5
14.174999999999999 6.339172298554513e-5
14.325 6.666471578139281e-5
14.475 6.774568495527739e-5
14.625 6.930603803093218e-5
14.774999999999999 6.326298640780441e-5
14.924999999999999 6.676901913011107e-5
