# k values and corresponding S(k) [pure estimator]
0.0 2.9442003091779645
0.20943951023931953 1.0327205610879278
0.41887902047863906 0.9905756247154083
0.6283185307179586 0.9813444573005358
0.8377580409572781 0.9738486682951724
1.0471975511965976 0.9729008205162785
1.2566370614359172 0.9729376346534779
1.4660765716752366 0.9615772822514986
1.6755160819145563 0.9738535669990703
1.8849555921538759 0.9741419754976356
2.0943951023931953 0.979251306394889
2.3038346126325147 0.9722341478562171
2.5132741228718345 0.976588337870257
2.722713633111154 0.965696778703277
2.9321531433504733 0.9715526933475259
3.141592653589793 0.9775833880168397
3.3510321638291125 0.9430083216363994
3.560471674068432 0.9716959741269634
3.7699111843077517 0.9702177142044037
3.979350694547071 0.9721295292174607
4.1887902047863905 0.9822493578738851
4.39822971502571 0.9850732839531207
4.607669225265029 0.9908094395247269
4.817108735504349 0.9621492774175554
5.026548245743669 0.9612401226329097
5.235987755982988 0.9699349487669753
5.445427266222308 0.9550503969849373
5.654866776461628 0.9757987464192734
5.864306286700947 0.9721529294852095
6.073745796940266 0.9629985535245521
6.283185307179586 0.9712113640539498
6.492624817418905 0.969313694200426
6.702064327658225 0.9718241193490098
6.911503837897545 0.9724778853189491
7.120943348136864 0.9730691149324407
7.330382858376184 0.9709659334276497
7.5398223686155035 0.9623517999673507
7.749261878854822 0.9831257311649352
7.958701389094142 0.965580842195176
8.168140899333462 0.9664169008688689
8.377580409572781 0.965687507517971
8.5870199198121 0.9809860586122416
8.79645943005142 0.9671163931378933
9.00589894029074 0.9810954323589568
9.215338450530059 0.9760568494153683
9.42477796076938 0.9701132459165033
9.634217471008698 0.9784911803435549
9.843656981248017 0.9809452167923893
10.053096491487338 0.9772182522033672
10.262536001726657 0.9614214280482298
10.471975511965976 0.985064466478862
10.681415022205297 0.9671520384195397
10.890854532444616 0.9620233555274614
11.100294042683934 0.9718768179714478
11.309733552923255 0.9721526569202619
11.519173063162574 0.9704746318900596
11.728612573401893 0.9759972750726471
11.938052083641214 0.9713046842377208
12.147491593880533 0.9598920988758075
12.356931104119852 0.9701242966186583
12.566370614359172 0.964482638122757
12.775810124598491 0.9734043649262475
12.98524963483781 0.9808912294525155
13.194689145077131 0.9669275002322282
13.40412865531645 0.965263108525814
13.613568165555769 0.9652427392460513
13.82300767579509 0.9615556587434678
14.032447186034409 0.9627457106846287
14.241886696273728 0.971467303839428
14.451326206513048 0.9717798133071559
14.660765716752367 0.9708901486816349
14.870205226991686 0.9861780286192913
15.079644737231007 0.967312661872579
15.289084247470326 0.9680614714675557
15.498523757709645 0.968769670410534
