# r  Cs(r) [pure estimator]
0.075 -8.369664256566907e-6
0.22499999999999998 -6.4935355425901e-6
0.375 -1.0258434463967607e-5
0.525 -9.92800983042176e-6
0.6749999999999999 -8.1196321341553e-6
0.825 -1.4169295091217388e-5
0.975 -8.922871428369982e-6
1.125 -5.423014627965772e-6
1.275 -2.6506834690948422e-6
1.425 -9.702471992147807e-6
1.575 -5.015601501427364e-6
1.7249999999999999 -6.008754947386528e-6
1.875 -8.07581574082829e-6
2.025 -8.302955025197863e-6
2.175 -7.450733905979366e-6
2.3249999999999997 -5.918002084957739e-6
2.475 -3.1701964400917302e-6
2.625 -6.978412618559761e-6
2.775 -1.1446498045699066e-5
2.925 -8.686924870908218e-6
3.0749999999999997 -2.757882838822061e-7
3.225 -6.138674475708762e-6
3.375 -5.233920570799744e-6
3.525 -9.658878755947845e-6
3.675 -5.7552007775246684e-6
3.8249999999999997 2.796655309580068e-6
3.9749999999999996 1.8707794235012893e-6
4.125 -1.327606989142651e-6
4.2749999999999995 -3.3797216711538224e-6
4.425 -7.004816977990901e-6
4.575 9.448869578112456e-7
4.725 -8.728038671756537e-6
4.875 2.0141958220237457e-6
5.0249999999999995 2.6016748549018255e-6
5.175 -4.598408996476457e-6
5.325 -4.554746724094253e-6
5.475 -1.0945049281837977e-5
5.625 -8.514735347316745e-6
5.7749999999999995 -1.2817232343618702e-5
5.925 -9.063280718346397e-6
6.075 -9.501349195495451e-7
6.225 -7.054198352361265e-6
6.375 -8.085970961108309e-6
6.5249999999999995 2.141452485960045e-6
6.675 -5.65278606316575e-6
6.825 -5.0878797125663145e-6
6.975 -6.538677291954382e-6
7.125 -3.2090599669258385e-6
7.2749999999999995 -7.4029045262764025e-6
7.425 -3.1511959263158375e-7
7.574999999999999 -5.068289431900396e-7
7.725 1.756362090428819e-8
7.875 -1.0763466033937083e-5
8.025 -5.183774907668331e-6
8.174999999999999 -4.741724839415016e-6
8.325 -1.089388713970717e-6
8.475 -1.6432903088812766e-6
8.625 -7.699509439423308e-6
8.775 -1.47626803869134e-5
8.924999999999999 7.520528999883018e-7
9.075 1.734272016392105e-6
9.225 -8.302496229314322e-6
9.375 -7.084595907663119e-6
9.525 1.6215234320280268e-6
9.674999999999999 -9.881253843168649e-6
9.825 -1.8717007957704378e-5
9.975 -1.0198582281156912e-5
10.125 -6.691394113036053e-6
10.275 -6.818541381704706e-6
10.424999999999999 1.976752465234525e-6
10.575 -5.179444641611384e-6
10.725 -6.86618598934298e-6
10.875 -4.0022294107270915e-6
11.025 -2.2207959618110623e-8
11.174999999999999 -8.286123338092408e-6
11.325 -6.603666456377373e-6
11.475 -1.0042118706108153e-5
11.625 -5.803279616116863e-6
11.775 -6.289379717033184e-6
11.924999999999999 -5.343742948979732e-6
12.075 8.209612911112902e-6
12.225 -3.110776093205263e-6
12.375 2.765728080527141e-6
12.525 -4.385048707752914e-6
12.674999999999999 -9.704866429546186e-6
12.825 -2.1949793909548354e-6
12.975 1.9963995719476633e-6
13.125 -9.247402729616348e-6
13.275 1.1228638248722011e-7
13.424999999999999 4.667150798471753e-6
13.575 1.695613446703491e-6
13.725 -6.482499991557839e-6
13.875 -3.7306750346354145e-6
14.025 -1.997516769719822e-6
14.174999999999999 -1.1932257071174096e-6
14.325 -2.5210875868624337e-6
14.475 -1.2194892848325711e-6
14.625 -9.709070401737504e-6
14.774999999999999 -5.447615339966029e-6
14.924999999999999 -4.562980099728046e-6
