# P_value  count
-1.0 0.0
-0.9333333333333333 0.0
-0.8666666666666667 0.0
-0.8 0.0
-0.7333333333333333 0.0
-0.6666666666666666 21.0
-0.6 17.0
-0.5333333333333333 310.0
-0.4666666666666667 852.0
-0.4 1733.0
-0.3333333333333333 5256.0
-0.26666666666666666 9603.0
-0.2 14788.0
-0.13333333333333333 23422.0
-0.06666666666666667 31083.0
0.0 32060.0
0.06666666666666667 29804.0
0.13333333333333333 24027.0
0.2 15370.0
0.26666666666666666 9028.0
0.3333333333333333 4752.0
0.4 1742.0
0.4666666666666667 763.0
0.5333333333333333 155.0
0.6 84.0
0.6666666666666666 0.0
0.7333333333333333 6.0
0.8 0.0
0.8666666666666667 0.0
0.9333333333333333 0.0
1.0 0.0
