0.2 -0.12199382916073769
0.6000000000000001 -0.07673403172082909
1.0 -0.07602978770701345
1.4000000000000001 -0.029730772336207127
1.8 -0.03276834585445802
2.2 -0.013967156264806395
2.6 -0.019125756009616912
3.0 -0.0233831929314965
3.4000000000000004 -0.007777745622919983
3.8000000000000003 0.026849208727299095
4.2 -0.0011424657776885586
4.6000000000000005 -0.03534373999661062
5.0 -0.022988824332809896
5.4 -0.07192507759271972
5.800000000000001 -0.04521140683171155
6.2 -0.05652803749643437
6.6000000000000005 -0.03997204376226446
7.0 -0.05555330206880484
7.4 -0.002030275383866698
7.800000000000001 0.036637974554393674
8.200000000000001 0.04076385947811874
8.6 0.01834085600490325
9.0 0.09067381497441422
9.4 0.061546251609934634
9.8 -0.003991442684783734
10.200000000000001 -0.022877730433407555
10.600000000000001 0.02007531926532158
11.0 0.004457039804199407
11.4 0.0040955687762423984
11.8 -0.040025670790981245
12.200000000000001 -0.029882808977678862
12.600000000000001 -0.008163355024822922
13.0 -0.04637525621196277
13.4 -0.06148433028448156
13.8 -0.023699241739980136
14.200000000000001 0.03421941787095461
14.600000000000001 0.013774710735225446
15.0 0.002572703741300018
15.4 0.006140638993669634
15.8 0.006347960816199449
16.2 0.02427292403160233
16.6 0.06412232136628553
17.0 0.051550177037324924
17.400000000000002 0.040516203463043764
17.8 0.008194224884338153
18.2 -0.019696066410951507
18.6 -0.09949897174073574
19.0 -0.1440209497537285
19.400000000000002 -0.10592134808795442
19.8 -0.08382263163109732
20.200000000000003 0.016481600347725882
20.6 0.022503215789992093
21.0 0.04486120899117502
21.400000000000002 0.06290395780841641
21.8 0.011492223588448373
22.200000000000003 -0.011057906113288723
22.6 0.03635101011435596
23.0 0.10725109974164097
23.400000000000002 0.11744076209231896
23.8 0.0864831458609028
24.200000000000003 0.06298119628605635
24.6 0.055592892940118745
25.0 0.05692807291386332
25.400000000000002 0.010403383975298408
25.8 0.01671899459447744
26.200000000000003 -0.036603937616441984
26.6 -0.06364567129678955
27.0 -0.03247633851204669
27.400000000000002 -0.03376770980160565
27.8 -0.02020936156128891
28.200000000000003 -0.07075245987993133
28.6 -0.13056353519929412
29.0 -0.09340741733029694
29.400000000000002 -0.09690430388234597
29.8 -0.07131405260015113
30.200000000000003 -0.07150187311729425
30.6 -0.049748006217574914
31.0 -0.0002484989321262106
31.400000000000002 0.048199158700520175
31.8 0.09169132900619717
32.2 0.039151448096754
32.6 0.008620190172081914
33.0 -0.0036185713901658737
33.4 -0.04307486286620021
33.800000000000004 -0.034878061969393824
34.2 -0.04457770623887561
34.6 -0.045850742911000976
35.0 -0.01963321811092002
35.4 -0.00594706522110313
35.800000000000004 -0.029774343793253905
36.2 -0.06542799020908525
36.6 -0.08354318551919526
37.0 -0.06779937314977026
37.4 -0.055511716326900926
37.800000000000004 -0.05887130166566318
38.2 0.005392428552618283
38.6 0.055633013765564183
39.0 0.05040799707050998
39.400000000000006 0.02720328954961777
39.800000000000004 -0.05892010834510364
