# block  <P>
1 0.0
2 -0.19111556446225797
3 -0.09924444444444487
4 -0.5087357087357086
5 -0.503955555555554
6 -0.43844444444444375
7 -0.5370629370629331
8 -0.510622222222224
9 -0.5279999999999984
10 -0.6191333333333314
11 -0.4651555555555555
12 -0.42364444444444416
13 -0.5306444444444434
14 -0.46113333333333456
15 -0.4226444444444433
16 -0.5568666666666636
17 -0.5599333333333307
18 -0.5881777777777788
19 -0.5968444444444427
20 -0.6109446109446108
21 -0.3987777777777749
22 -0.5591777777777774
23 -0.430813630813629
24 -0.31500000000000034
25 -0.2676444444444436
26 -0.45755555555555383
27 -0.2983205427649865
28 -0.30573333333333386
29 -0.3637999999999991
30 -0.03402222222222048
31 -0.02706666666666795
32 0.09912309912309754
33 0.09139999999999919
34 0.04664444444444433
35 0.023178734289845796
36 0.04879999999999663
37 0.06389719729699661
38 0.23323343323343276
39 0.276222222222222
40 0.22224442224442267
41 0.12298812298812511
42 0.03906666666666571
43 0.13748888888888994
44 0.13419999999999999
45 -0.04849293738182741
46 -0.27624444444444396
47 -0.2982794982794999
48 -0.1517333333333318
49 0.01531111111110771
50 0.05533333333333244
51 0.13424444444443961
52 0.0031111111111116257
53 -0.06233333333333263
54 0.010733333333328751
55 -0.02917777777777959
56 -0.04451111111111159
57 0.2275333333333321
58 0.35048888888889346
59 0.4590444444444437
60 0.40888888888888897
61 0.3353555555555569
62 0.3638444444444431
63 0.2772444444444444
64 0.2014666666666681
65 -0.014644444444444639
66 -0.3053333333333315
67 -0.321588254921589
68 -0.3491555555555557
69 -0.4302444444444418
70 -0.5461111111111092
71 -0.5117111111111083
72 -0.6472666666666653
73 -0.46246666666666864
74 -0.17777777777778003
75 -0.22411111111111126
76 -0.44388888888888867
77 -0.4645777777777766
78 -0.40613333333333085
79 -0.3518444444444446
80 -0.48566666666666325
81 -0.5630444444444436
82 -0.5912222222222175
83 -0.6502222222222211
84 -0.7099555555555513
85 -0.7304222222222245
86 -0.6823555555555555
87 -0.6785229674118486
88 -0.714266666666659
89 -0.7634300967634227
90 -0.7279333333333331
91 -0.7193777777777763
92 -0.6341777777777765
93 -0.7152222222222202
94 -0.7957333333333265
95 -0.8041777777777759
96 -0.7626515404293192
97 -0.7875999999999969
98 -0.8270174270174204
99 -0.8264222222222205
100 -0.8073406740073416
101 -0.8225114002891811
102 -0.8118222222222208
103 -0.8243598307726502
104 -0.8085641196752361
105 -0.8037555555555562
106 -0.8264264264264304
107 -0.8095460095460035
108 -0.7903555555555551
109 -0.8124444444444431
110 -0.8084666666666623
111 -0.8077922077922081
112 -0.7997555555555553
113 -0.798667998667996
114 -0.8138888888888867
115 -0.7969333333333329
116 -0.8016666666666704
117 -0.8239333333333297
118 -0.8400444444444474
119 -0.8452452452452451
120 -0.8222444444444458
121 -0.8245999999999977
122 -0.8112334556778965
123 -0.81151111111111
124 -0.8199134199134152
125 -0.8149777777777732
126 -0.8231342453564701
127 -0.8058222222222148
128 -0.8035999999999983
129 -0.8127238349460508
130 -0.8261594928261589
131 -0.8048715382048683
132 -0.8255777777777724
133 -0.7963147963147981
134 -0.8143111111111087
135 -0.8322222222222204
136 -0.8260666666666686
137 -0.8200466200466194
138 -0.8046222222222287
139 -0.7993777777777717
140 -0.8290444444444454
141 -0.8261150038927836
142 -0.8207570207570207
143 -0.8154888888888818
144 -0.8175333333333353
145 -0.8086580086580011
146 -0.8195777777777767
147 -0.8169830169830228
148 -0.8280888888888845
149 -0.7998444444444466
150 -0.8165333333333341
151 -0.840133333333332
152 -0.8258888888888863
153 -0.8166888888888861
154 -0.8043999999999907
155 -0.8195333333333359
156 -0.8337555555555484
157 -0.8283777777777748
158 -0.8130222222222193
159 -0.7677433677433685
160 -0.8076444444444401
161 -0.772844444444445
162 -0.8141192141192125
163 -0.8269333333333294
164 -0.817857938098415
165 -0.8081999999999987
166 -0.8025803581359093
167 -0.8183999999999971
168 -0.813599999999996
169 -0.8059333333333389
170 -0.8002888888888862
171 -0.825177777777776
172 -0.8296370296370303
173 -0.8202242202242221
174 -0.8234456678901132
175 -0.8217333333333291
176 -0.81442222222222
177 -0.8037555555555516
178 -0.7945333333333283
179 -0.8331333333333348
180 -0.8228444444444415
181 -0.8415777777777813
182 -0.8004226448670824
183 -0.8245999999999962
184 -0.7771111111111058
185 -0.7944055944055851
186 -0.8170666666666656
187 -0.8205555555555567
188 -0.8076444444444434
189 -0.8026444444444422
190 -0.8107670107670093
191 -0.7993561993561951
192 -0.824555555555559
193 -0.796447996447997
194 -0.8056000000000034
195 -0.8079555555555542
196 -0.8388888888888875
197 -0.8000888888888823
198 -0.8160888888888945
199 -0.8202000000000008
200 -0.8209111111111115
201 -0.8184444444444436
202 -0.8153777777777733
203 -0.8233555555555591
204 -0.8190698190698144
205 -0.8219555555555599
206 -0.8231777777777808
207 -0.8178222222222237
208 -0.797311111111107
