# r  Cs(r) [pure estimator]
0.2 -1.3812858113853173e-6
0.6000000000000001 -1.3153232443784333e-6
1.0 -2.7519257182597848e-6
1.4000000000000001 -2.240068749549128e-6
1.8 9.76279162719543e-7
2.2 6.588782093565222e-8
2.6 -9.688056885346218e-7
3.0 -2.752825593032952e-6
3.4000000000000004 -4.440397072558012e-6
3.8000000000000003 7.851146130366044e-7
4.2 -2.3826463304903613e-6
4.6000000000000005 -1.2217427123316664e-6
5.0 -1.0413381563752703e-6
5.4 -3.8010715729040956e-6
5.800000000000001 -1.348917773310119e-6
6.2 -2.0532214864184337e-6
6.6000000000000005 -1.7891754791015758e-6
7.0 7.112966374133746e-8
7.4 -9.332648474094289e-7
7.800000000000001 -1.9672388030236257e-6
8.200000000000001 -3.523474830020253e-7
8.6 -1.3118517969362557e-6
9.0 6.784035163371347e-7
9.4 -1.4549963167096364e-6
9.8 -1.4002121672660725e-6
10.200000000000001 -7.793155214944733e-7
10.600000000000001 3.0133152968325987e-7
11.0 -1.9134619885373443e-6
11.4 -3.41095098918225e-7
11.8 -1.3603108266898724e-6
12.200000000000001 -2.0607817253736494e-6
12.600000000000001 -5.087082146460199e-7
13.0 1.5429399468775483e-6
13.4 -1.47224228816775e-7
13.8 -1.964437709271368e-6
14.200000000000001 -1.3762198699126878e-6
14.600000000000001 -1.185272302957342e-6
15.0 -2.3885968219590197e-6
15.4 2.466528002616526e-7
15.8 -9.936804524402777e-7
16.2 -2.1232388658545332e-8
16.6 -2.855471388850252e-6
17.0 -6.659720634924812e-7
17.400000000000002 3.3346545399019e-9
17.8 -2.0698804164446444e-6
18.2 1.1606270180361386e-6
18.6 -4.883671200732197e-7
19.0 3.346821292012748e-6
19.400000000000002 -1.9342008986548345e-6
19.8 3.0903823124921113e-7
20.200000000000003 4.431978579425967e-7
20.6 -1.739789056826088e-6
21.0 -9.839960342213996e-9
21.400000000000002 -3.2776662620966725e-6
21.8 2.0143237806813456e-7
22.200000000000003 3.3858817288348025e-6
22.6 -2.7633680492171734e-6
23.0 -5.047422761406798e-7
23.400000000000002 6.624289470191098e-7
23.8 -1.5969918833252888e-6
24.200000000000003 1.548901208642022e-6
24.6 -1.3811902331949773e-7
25.0 1.0718704012133205e-7
25.400000000000002 -2.740954921611311e-7
25.8 -8.555990274149518e-7
26.200000000000003 3.081789839480784e-7
26.6 9.635926793124937e-7
27.0 2.0597169110394755e-6
27.400000000000002 -4.3678919101532093e-7
27.8 -1.065341567204421e-6
28.200000000000003 -3.3866649022109756e-8
28.6 -2.1108632517136526e-6
29.0 8.341264099732081e-7
29.400000000000002 -3.336581400270883e-7
29.8 1.6476907372680778e-6
30.200000000000003 -2.743454892439028e-6
30.6 3.1424753102736543e-6
31.0 -9.695831027428567e-7
31.400000000000002 2.4192490548801764e-6
31.8 -3.18428493155374e-6
32.2 3.1203376851341563e-6
32.6 -5.626160081720044e-7
33.0 -5.296455945784989e-7
33.4 -1.5903729534597323e-6
33.800000000000004 -1.261461115021422e-6
34.2 -9.349276324670743e-7
34.6 -1.2001508282987181e-6
35.0 1.2523082905074858e-7
35.4 -3.053162166547151e-6
35.800000000000004 4.349723836130602e-8
36.2 -1.652826667535394e-6
36.6 1.3595630835718378e-6
37.0 -7.80067223377075e-7
37.4 -2.2741749067908395e-6
37.800000000000004 -3.6752388776360414e-7
38.2 4.5462178282441784e-7
38.6 -2.2063436577541683e-6
39.0 2.0275516829527593e-6
39.400000000000006 -2.5183882554276053e-6
39.800000000000004 7.503115146833896e-7
