block_size         error    difference      rel_diff
-------------------------------------------------------
       2  1.377179e-07  5.699535e-08  4.138557e-01
       4  1.947133e-07  8.052686e-08  4.135663e-01
       8  2.752401e-07  1.136654e-07  4.129681e-01
      16  3.889055e-07  1.601518e-07  4.118013e-01
      32  5.490573e-07  2.248711e-07  4.095585e-01
      64  7.739285e-07  3.136860e-07  4.053165e-01
     128  1.087614e-06  4.322344e-07  3.974150e-01
     256  1.519849e-06  5.823863e-07  3.831870e-01
     512  2.102235e-06  7.510788e-07  3.572763e-01
    1024  2.853314e-06  9.220063e-07  3.231353e-01
    2048  3.775320e-06  1.007056e-06  2.667472e-01
    4096  4.782376e-06  9.146469e-07  1.912537e-01
    8192  5.697023e-06  7.137219e-07  1.252798e-01
   16384  6.410745e-06  4.814626e-08  7.510245e-03
   32768  6.458891e-06  1.099434e-07  1.702202e-02
   65536  6.568835e-06           ---           ---
