# k values and corresponding S(k) [pure estimator]
0.0 0.9484544720561319
0.07853981633974483 0.9787963436742482
0.15707963267948966 0.9838636957852688
0.23561944901923448 1.006476714480757
0.3141592653589793 0.9964324587869914
0.39269908169872414 0.9975002017977529
0.47123889803846897 1.0026578732854123
0.5497787143782138 0.9984170172644867
0.6283185307179586 1.0111233805602902
0.7068583470577035 1.0007250318646344
0.7853981633974483 1.004377120832866
0.8639379797371931 0.9940025077562616
0.9424777960769379 0.9999874869365282
1.0210176124166828 1.0082507022099696
1.0995574287564276 0.9931150921298355
1.1780972450961724 0.9961833674126835
1.2566370614359172 0.9938071283228742
1.335176877775662 0.9982704770572266
1.413716694115407 1.0077554113769718
1.4922565104551517 0.9917443818918403
1.5707963267948966 0.997925580009139
1.6493361431346414 1.0037865607701315
1.7278759594743862 0.9963651829090745
1.806415775814131 0.9890098785992942
1.8849555921538759 0.9981492517454049
1.9634954084936207 1.0018449988502929
2.0420352248333655 1.0007479841205766
2.1205750411731104 0.9927438776631818
2.199114857512855 0.9899973162412105
2.2776546738526 1.0004818386950964
2.356194490192345 1.0079664263827464
2.4347343065320897 0.9949653447437854
2.5132741228718345 1.0046262341985108
2.5918139392115793 1.0075064447443203
2.670353755551324 0.9950886757401723
2.748893571891069 1.0158743376765218
2.827433388230814 1.0121377009060664
2.9059732045705586 1.0104446679289607
2.9845130209103035 0.9962959425106985
3.0630528372500483 1.00874530406687
3.141592653589793 0.9994915914650233
3.220132469929538 0.994661623162897
3.2986722862692828 1.0027465010517687
3.3772121026090276 1.0036202924612516
3.4557519189487724 1.0091530893377112
3.5342917352885173 0.9970883661834749
3.612831551628262 1.009310679002693
3.691371367968007 1.007661402385268
3.7699111843077517 0.9969827195937595
3.8484510006474966 0.9941727169550382
3.9269908169872414 1.002444293174938
4.005530633326986 1.0057784954009594
4.084070449666731 0.9980879252497449
4.162610266006476 0.9759065808816436
4.241150082346221 1.002380516156536
4.319689898685965 1.0086303798397929
4.39822971502571 0.9998052133073624
4.476769531365456 1.0025624533190702
4.5553093477052 0.9943009741035669
4.633849164044944 0.9963849465730501
4.71238898038469 1.0020285598332554
4.790928796724435 0.9923513164644391
4.869468613064179 1.0083334553071623
4.948008429403924 1.0032265813930512
5.026548245743669 0.9964679393740647
5.105088062083414 0.997179723460299
5.183627878423159 0.9985871245566118
5.262167694762903 0.9988172085751451
5.340707511102648 1.0061904484839754
5.419247327442394 1.0120925336345716
5.497787143782138 0.9936742542789706
5.576326960121882 0.9906825207364663
5.654866776461628 1.005007020279958
5.733406592801373 0.9926386123257342
5.811946409141117 0.9802867795649565
