# k values and corresponding S(k) [pure estimator]
0.0 1.3078014341019015
0.07853981633974483 1.0303793999849626
0.15707963267948966 0.9819590263212145
0.23561944901923448 0.9830200117417488
0.3141592653589793 0.9823884070767884
0.39269908169872414 0.977300263587886
0.47123889803846897 0.9789984288895154
0.5497787143782138 0.9768847107002782
0.6283185307179586 0.9729730089025594
0.7068583470577035 0.9699428786962683
0.7853981633974483 0.9668722556018216
0.8639379797371931 0.971769311638956
0.9424777960769379 0.9666358650111767
1.0210176124166828 0.9716504453108432
1.0995574287564276 0.9702447860272042
1.1780972450961724 0.9655572187434086
1.2566370614359172 0.9689056559805935
1.335176877775662 0.9693550304780578
1.413716694115407 0.9570406261861785
1.4922565104551517 0.9720496647723733
1.5707963267948966 0.959739061582673
1.6493361431346414 0.9685910523595119
1.7278759594743862 0.9667145529414221
1.806415775814131 0.9615877944666189
1.8849555921538759 0.9789751320970979
1.9634954084936207 0.9766568750987626
2.0420352248333655 0.9646839693961828
2.1205750411731104 0.9754840775166653
2.199114857512855 0.9766374299380671
2.2776546738526 0.9698295208641144
2.356194490192345 0.9715570982430884
2.4347343065320897 0.9694538959998559
2.5132741228718345 0.9743326646956676
2.5918139392115793 0.9631180883156615
2.670353755551324 0.9657156856685523
2.748893571891069 0.9735945916081946
2.827433388230814 0.9706974398174398
2.9059732045705586 0.9702972405212047
2.9845130209103035 0.9671854988146129
3.0630528372500483 0.970118722551422
3.141592653589793 0.963545112288803
3.220132469929538 0.9704007054742598
3.2986722862692828 0.9697178541264445
3.3772121026090276 0.9651153527774512
3.4557519189487724 0.9614016358663217
3.5342917352885173 0.9738692774398565
3.612831551628262 0.9596798532781011
3.691371367968007 0.9640634489052824
3.7699111843077517 0.9654102479282313
3.8484510006474966 0.9688852784445113
3.9269908169872414 0.9647332628938842
4.005530633326986 0.9770242236358422
4.084070449666731 0.9788582742228729
4.162610266006476 0.969209580568137
4.241150082346221 0.9662683168127164
4.319689898685965 0.9675895087128674
4.39822971502571 0.9677917324928054
4.476769531365456 0.967782221088987
4.5553093477052 0.9641680135974232
4.633849164044944 0.9613979529554123
4.71238898038469 0.9692390295442165
4.790928796724435 0.9708864724413366
4.869468613064179 0.9600773478479674
4.948008429403924 0.9715685521549544
5.026548245743669 0.9750017524269567
5.105088062083414 0.964970980871162
5.183627878423159 0.9772834958891597
5.262167694762903 0.9706700870822732
5.340707511102648 0.9647267155855198
5.419247327442394 0.9644047596211863
5.497787143782138 0.9647289981278866
5.576326960121882 0.9636061701328323
5.654866776461628 0.9716545515135151
5.733406592801373 0.9729077211355068
5.811946409141117 0.9673759013001927
