0.15 0.10769459526240868
0.44999999999999996 0.14312496441039524
0.75 0.10115846655850666
1.05 0.0035996360807478804
1.3499999999999999 0.008605465656484379
1.65 0.05837001450737854
1.95 0.08810315301702427
2.25 0.16677518443131803
2.55 0.18023651887296596
2.85 0.20114971367553106
3.15 0.16542137829747278
3.4499999999999997 0.1298043972161222
3.75 0.07571937820643981
4.05 0.025821644852142518
4.35 -0.01799163025371486
4.6499999999999995 -0.020666740579569548
4.95 -0.049306358876806934
5.25 -0.081955082591794
5.55 -0.12247081797245112
5.85 -0.10347677421185551
6.1499999999999995 -0.12658779809312948
6.45 -0.1393478437965178
6.75 -0.14693116297759262
7.05 -0.15461423118865866
7.35 -0.15296625470302508
7.6499999999999995 -0.15084956809230685
7.949999999999999 -0.16266391830867497
8.25 -0.14312255250978997
8.549999999999999 -0.1859649875108543
8.85 -0.16921427713532303
9.15 -0.16351818206843394
9.45 -0.16716399180110714
9.75 -0.12465072291400978
10.049999999999999 -0.11096870028097328
10.35 -0.12329596752034185
10.65 -0.0845786658801738
10.95 -0.06472726736969277
11.25 -0.01473946672856469
11.549999999999999 -0.07119092620431965
11.85 -0.07984916259635864
12.15 -0.021081679630610032
12.45 -0.007855088304106079
12.75 0.027304717923257237
13.049999999999999 0.03504844715583101
13.35 -0.014934138028014554
13.65 -0.05688826961722794
13.95 -0.0387932410715236
14.25 0.0013939276111382152
14.549999999999999 0.07815818775556034
14.85 0.08062570805781229
15.149999999999999 0.03900349389371685
15.45 0.022971334099356876
15.75 0.058312688444623687
16.05 0.055331322315220005
16.349999999999998 -0.005295211595519655
16.65 -0.00023638857815062235
16.95 0.06976967636434188
17.25 0.061368979128931564
17.55 0.09029646654932139
17.849999999999998 0.08274007733188779
18.15 0.12365208497977778
18.45 0.1547782313364204
18.75 0.10673576249869364
19.05 0.1253642136720209
19.349999999999998 0.09964625625893966
19.65 0.08629098478049153
19.95 0.041912520898806684
20.25 0.007690477783477181
20.55 0.005266090984837071
20.849999999999998 0.0025293306491457057
21.15 0.00810064542192529
21.45 0.050993158421273437
21.75 0.012507204149590164
22.05 -0.04487327076544848
22.349999999999998 -0.05534076498596331
22.65 -0.051184731847583494
22.95 -0.10966362265890363
23.25 -0.07992930829605746
23.55 -0.07638633652057382
23.849999999999998 -0.09112809165131515
24.15 -0.10838197855085292
24.45 -0.1324466409865058
24.75 -0.11777705439814815
25.05 -0.13122716944228724
25.349999999999998 -0.10611206505861812
25.65 -0.09622542334356177
25.95 -0.06216979799406696
26.25 -0.008792052474144023
26.55 -0.07643630809283568
26.849999999999998 -0.03336671081107271
27.15 -0.02705369780861428
27.45 -0.03147059707022058
27.75 -0.03763020489564315
28.05 -0.041117899418678626
28.349999999999998 -0.05431375376651765
28.65 -0.039761157942254
28.95 -0.0007270776953336721
29.25 0.04462932041924458
29.549999999999997 0.08496391055332184
29.849999999999998 0.08599321962865118
