# k  S_n(k)
0.0 60.0
0.10471975511965977 0.5866081331396382
0.20943951023931953 0.31050168677790374
0.3141592653589793 0.27147786279081193
0.41887902047863906 0.21432445983627954
0.5235987755982988 0.4524767367064556
0.6283185307179586 0.34967157701991375
0.7330382858376183 0.8472133934134012
0.8377580409572781 0.5429513779714576
0.9424777960769379 0.854213493274288
1.0471975511965976 1.0997944399642103
1.1519173063162573 0.6948849640952708
1.2566370614359172 1.5466390089822282
1.361356816555577 1.4245200066839945
1.4660765716752366 1.2868267658361
1.5707963267948966 0.41707944935812
1.6755160819145563 0.6671516556247354
1.780235837034216 0.7979819530584429
1.8849555921538759 0.8621649723665862
1.9896753472735356 0.8382119920008025
2.0943951023931953 0.9870403265091117
2.199114857512855 1.3125199940407712
2.3038346126325147 0.8626275337759363
2.4085543677521746 1.1397033857918204
2.5132741228718345 0.9541211025110425
2.617993877991494 0.9489213768519722
2.722713633111154 1.190512386463227
2.827433388230814 1.2678919439313676
2.9321531433504733 1.0824692818964445
3.036872898470133 1.0158954073340454
3.141592653589793 0.8324603281651752
3.2463124087094526 1.0622759965527633
3.3510321638291125 1.3477524050598464
3.4557519189487724 0.9310192053666158
3.560471674068432 0.852707798874941
3.665191429188092 1.1900243046011298
3.7699111843077517 0.961467228306486
3.874630939427411 1.0082926794748444
3.979350694547071 1.16932722005254
4.084070449666731 0.9688015474794368
4.1887902047863905 1.050344978700676
4.29350995990605 0.9371881876558996
4.39822971502571 0.9323902285688723
4.50294947014537 1.0610316460953233
4.607669225265029 0.8890128685156378
4.71238898038469 0.9843068722900371
4.817108735504349 1.1282505307469801
4.921828490624009 1.0068520444976998
5.026548245743669 0.9310042265293509
5.1312680008633285 1.1271398646919668
5.235987755982988 1.0048063789363495
5.340707511102648 1.2647364747718595
5.445427266222308 0.8385204328101772
5.550147021341967 1.027224046808103
5.654866776461628 0.9491368511082364
5.759586531581287 0.9784507976647657
5.864306286700947 0.9481760262451685
5.969026041820607 1.040409193689759
6.073745796940266 1.1127442433350765
6.178465552059926 0.916232362190057
6.283185307179586 1.1349660381316427
6.387905062299246 0.9925394822366475
6.492624817418905 0.9684240311767603
6.5973445725385655 0.9217881864846265
6.702064327658225 1.0993621937363047
6.8067840827778845 1.0642796895087352
6.911503837897545 0.923654132077667
7.016223593017204 0.9153725805952145
7.120943348136864 1.044467127916391
7.225663103256524 0.8682486866580759
7.330382858376184 0.9165794489176158
7.435102613495843 0.8733024838605958
7.5398223686155035 1.0623782802418387
7.644542123735163 0.9675047849267078
7.749261878854822 0.9123171907460211
7.853981633974483 0.969121576562839
7.958701389094142 0.9750535779185523
8.063421144213802 1.0516401281008148
8.168140899333462 0.9889982530534744
8.27286065445312 0.954884682680308
8.377580409572781 0.9964586677317483
8.482300164692441 1.1446301963965857
8.5870199198121 0.8978209328140744
8.69173967493176 1.0408311217640829
8.79645943005142 0.97349858005064
8.90117918517108 0.9562594937020896
9.00589894029074 0.9654604853185857
9.1106186954104 0.895402200442394
9.215338450530059 1.0320839148357839
9.320058205649719 0.9840080116591566
9.42477796076938 0.9725331993306178
9.529497715889038 1.0545595551142877
9.634217471008698 0.9188521779857415
9.738937226128359 0.9408000906187498
9.843656981248017 1.0584478926158951
9.948376736367678 0.9986479493359027
10.053096491487338 0.8796523665745898
10.157816246606997 1.0002146360398978
10.262536001726657 0.9570877089638712
10.367255756846317 0.9242127448150848
