# block  <P^4>
1 0.0
2 0.0005588065233958233
3 0.0006268862979730232
4 0.0005542369760707171
5 0.0007765301630848906
6 0.0005355547286350467
7 0.000396072062185638
8 0.0003323154397195508
9 0.0010670534369760772
10 0.0006166920896204812
11 0.000355616521871663
12 0.0005471090382563597
13 0.000562940527358631
14 0.00028560158512421814
15 0.0004636478585581451
16 0.0003852856576741365
17 0.0004575231824416982
18 0.0005221777168114617
19 0.00018824691358024809
20 0.0003192744460234185
21 0.00034781527206218877
22 0.0004569691205608892
23 0.0006014568510897708
24 0.00048458369151044
25 0.0007023400091449425
26 0.0002758413656454803
27 0.00046127139155616203
28 0.0010609407102575778
29 0.0002880783542268062
30 0.0008231801249809441
31 0.00038834264348667537
32 0.00023212827312909845
33 0.00037707715287303614
34 0.0003096318244170105
35 0.0007325688157293016
36 0.0004979787286142947
37 0.001683696122621712
38 0.0002538317939338516
39 0.0002617759755599317
40 0.0006603108062795291
41 0.000504030688209929
42 0.0005122911053104621
43 0.0006455845145557025
44 0.0003451688462124649
45 0.0003088424325560099
46 0.0007147034903215951
47 0.0006183086724584683
48 0.0007723868922420352
49 0.0005422553878981849
50 0.0004962414266117992
51 0.0003724203017832626
52 0.0003368581618655663
53 0.0007910084438347786
54 0.0006779054811976628
55 0.0003989094345374197
56 0.00045485274601429407
57 0.000342997226032612
58 0.0011714653887493383
59 0.0007814213686937965
60 0.0007065792613117716
61 0.0004989539399481792
62 0.0005698890044569027
63 0.0007478360992764256
64 0.00028116224744787437
65 0.0004666222831885358
66 0.0013334069806431872
67 0.0005783798811156854
68 0.0010838742874561783
69 0.0004356526139307996
70 0.00034004474927602313
71 0.0012948643194634968
72 0.0006227821368693737
73 0.0004706882487425663
74 0.0010818752579079792
75 0.001564937783874408
76 0.0005036429812528565
77 0.0004887362292333447
78 0.0008272843773814968
79 0.000959648102423409
80 0.000601895320835233
81 0.0005018747142203912
82 0.0006923176186398312
83 0.0002697110767222051
84 0.0005787071483005656
85 0.0005886429507696964
86 0.0004322514250876355
87 0.0007014763582359959
88 0.0007754864197530845
89 0.0004135832952293844
90 0.000588385185185182
91 0.0005539845755220223
92 0.000722405897714542
93 0.0004154096021947841
94 0.00041019065094663194
95 0.00045582344154854285
96 0.0005917068739521428
97 0.0007235050754458145
98 0.0003888507239750028
99 0.0005101288218259367
100 0.0005707162428393949
101 0.0004067872780569009
102 0.0006734212467611673
103 0.000538067001981403
104 0.00048785392470659304
105 0.00022334814814814943
106 0.00031515976223136724
107 0.00039769644871208616
108 0.00045144118274653016
109 0.0008778344764517535
110 0.0009110725803993267
111 0.0003849513183965833
112 0.0006376097786553505
113 0.0011295795153177855
114 0.0007642410934591993
115 0.001064782563633596
116 0.0004234991007468334
117 0.0005259156835848132
118 0.0007305369303459793
119 0.0009834503276939452
120 0.000734022008840113
121 0.0005706408169486363
122 0.000315578478890413
123 0.00047252147334451636
124 0.0004473542447797623
125 0.000888503825636337
126 0.0004748127419600658
127 0.0007543201341258951
128 0.0004335161866026034
129 0.0004988155355477369
130 0.00034538661789361343
131 0.0006487228166438028
132 0.0003692212772443205
133 0.0006296715744551172
134 0.0005004322511812197
135 0.00034163961248247416
136 0.0006647920743789024
137 0.0012255686395604107
138 0.000425624874256972
139 0.00041790385611949275
140 0.0008444122542295361
141 0.0006610928821825903
142 0.0007665336381649138
143 0.0005575145252248126
144 0.0006459025148605375
145 0.0006601322969059613
146 0.0004954333579847962
147 0.0015549393080323106
148 0.000376365066300868
149 0.00040399548849260936
150 0.0012626070416095145
151 0.0006496631611034881
152 0.0010119831091024497
153 0.0003848520325886579
154 0.0009168980338363033
155 0.0009625781435756736
156 0.0004615072092668775
157 0.0009010163742674007
158 0.0006838489254686764
159 0.00041713689986282425
160 0.0004437662551440298
161 0.00035517867287414436
162 0.0006054147843316547
163 0.0002751029416247526
164 0.0004242741045572315
165 0.0005511306252046943
166 0.00044372796829751193
167 0.0003495274500838321
168 0.00045266070615864563
169 0.0006137113244932173
170 0.0005489473012106733
171 0.00037938216735253645
172 0.0009035432179465073
173 0.0002425441445103099
174 0.0008496709647919515
175 0.0008807330589849083
176 0.0005056858405730816
177 0.0011800171925011366
178 0.0005396305088344883
179 0.00048265496113397233
180 0.0004703719554945848
181 0.0004952947416552325
182 0.0007427735615511846
183 0.000377155921353449
184 0.0008422611187318956
185 0.0003701540618808114
186 0.0009584029263831638
187 0.0003802834933699125
188 0.0004819294619722595
189 0.0006322889803383602
190 0.0003335242798353916
191 0.0004255063557384514
192 0.0007822517299192197
193 0.0004582830666056983
194 0.0013052675110288234
195 0.00039763339845643917
196 0.00043739234872732126
197 0.0007356976070720955
198 0.0007333380019251057
199 0.0005939504343849971
200 0.0003724376162170377
201 0.0006379817408623971
202 0.00046284481024234106
203 0.0007511201341258931
204 0.0005968456028044505
205 0.0008624846212467681
206 0.000692897058375247
207 0.0005037643648830953
208 0.0008375335467154377
