# k values and corresponding S(k) [pure estimator]
0.0 0.7665227368048427
0.12566370614359174 0.882914325529125
0.25132741228718347 0.9310742512582821
0.3769911184307752 0.9460472026630867
0.5026548245743669 0.9419691239518069
0.6283185307179586 0.9743486919269227
0.7539822368615504 0.9428484657665495
0.8796459430051422 0.9721359006061872
1.0053096491487339 0.9803794332935186
1.1309733552923256 0.9745074294486216
1.2566370614359172 0.9580202032366246
1.3823007675795091 0.981715439753804
1.5079644737231008 0.9608443790997441
1.6336281798666925 0.9645756143379804
1.7592918860102844 0.9762265486630047
1.884955592153876 0.951306891578392
2.0106192982974678 0.949530600779931
2.1362830044410597 0.9578283318188924
2.261946710584651 0.9624361242714502
2.387610416728243 0.9989671253422437
2.5132741228718345 0.9804224164062022
2.6389378290154264 0.9720982979121418
2.7646015351590183 0.9620135995419351
2.8902652413026098 0.9595136390549205
3.0159289474462017 0.9637334419312524
3.1415926535897936 0.9645756039675228
3.267256359733385 0.9765431334420179
3.392920065876977 0.9622515505363168
3.518583772020569 0.9718566899728911
3.6442474781641603 0.9587265446329922
3.769911184307752 0.9668755565215201
3.8955748904513436 0.977054768022115
4.0212385965949355 0.9889781750359279
4.1469023027385274 0.9826519444811791
4.272566008882119 0.9434152283376029
4.39822971502571 0.9442371015365801
4.523893421169302 0.9539365402524552
4.649557127312894 0.9544735629614954
4.775220833456486 0.995150834746125
4.900884539600078 0.9791011966264597
5.026548245743669 0.9828462645403696
5.152211951887261 0.9584868762206182
5.277875658030853 0.9777285112333449
5.403539364174445 0.9832829785100649
5.529203070318037 0.9649125688376115
5.6548667764616285 0.976987677656731
5.7805304826052195 0.9598877807912101
5.906194188748811 0.9747547605885919
6.031857894892403 0.9516371226239128
6.157521601035995 0.9907639612734721
6.283185307179587 0.9772054900682628
6.408849013323178 0.9535179357626561
6.53451271946677 0.9571363450782222
6.660176425610362 0.9773117902108652
6.785840131753954 0.9579799325728333
6.911503837897546 0.954845386922766
7.037167544041138 0.983321898554874
7.162831250184729 0.959902794461003
7.288494956328321 0.9728931605162929
7.4141586624719125 0.9573399229764454
7.539822368615504 0.9672253673350257
7.665486074759096 0.9630074872073564
7.791149780902687 0.9743489988503378
7.916813487046279 0.957230839143895
8.042477193189871 0.9742655994718497
8.168140899333462 0.9687121943714708
8.293804605477055 0.9708948853613342
8.419468311620646 0.9630144173622014
8.545132017764239 0.9887775396003678
8.67079572390783 0.9677652815461992
8.79645943005142 0.949348975776379
8.922123136195014 0.9477603004809441
9.047786842338605 0.9662268030712143
9.173450548482197 0.9661953262218539
9.299114254625788 0.9661776848048057
