# k values and corresponding S(k) [pure estimator]
0.0 1.8078250018085364
0.07853981633974483 1.0334831480965783
0.15707963267948966 0.9904259537843452
0.23561944901923448 0.9868317147950232
0.3141592653589793 0.972174478477804
0.39269908169872414 0.9709642640655093
0.47123889803846897 0.9681598813519857
0.5497787143782138 0.9665347841535408
0.6283185307179586 0.9769934566221458
0.7068583470577035 0.9695259859614599
0.7853981633974483 0.9718094856170394
0.8639379797371931 0.9751000564212772
0.9424777960769379 0.9777898459314619
1.0210176124166828 0.9706846636400308
1.0995574287564276 0.9741746279651415
1.1780972450961724 0.9681671778368345
1.2566370614359172 0.9799947041661118
1.335176877775662 0.9770342138768514
1.413716694115407 0.9661553339961777
1.4922565104551517 0.9729960056970599
1.5707963267948966 0.9750823501947518
1.6493361431346414 0.9734595781290418
1.7278759594743862 0.978853195458626
1.806415775814131 0.9798634514907122
1.8849555921538759 0.9781198337173826
1.9634954084936207 0.9697421714460666
2.0420352248333655 0.972102015803507
2.1205750411731104 0.9759383472588844
2.199114857512855 0.9694671703941867
2.2776546738526 0.9697694100291548
2.356194490192345 0.9674808209138168
2.4347343065320897 0.9688430426608905
2.5132741228718345 0.9700083257506158
2.5918139392115793 0.9754056162158377
2.670353755551324 0.9684742807856559
2.748893571891069 0.9726697095330722
2.827433388230814 0.9667664972860542
2.9059732045705586 0.9713034677327449
2.9845130209103035 0.9654561779923604
3.0630528372500483 0.9718699818655261
3.141592653589793 0.9859242265206922
3.220132469929538 0.9701833178032732
3.2986722862692828 0.9696057574929021
3.3772121026090276 0.971296809096817
3.4557519189487724 0.9684012318649674
3.5342917352885173 0.9707797029716874
3.612831551628262 0.9717500174323148
3.691371367968007 0.9734175849049236
3.7699111843077517 0.9680199994181032
3.8484510006474966 0.9739540826971975
3.9269908169872414 0.9715233149962389
4.005530633326986 0.9752515132556092
4.084070449666731 0.9702734882911239
4.162610266006476 0.961610650171775
4.241150082346221 0.9709397941245507
4.319689898685965 0.9804553597717807
4.39822971502571 0.9723815851638472
4.476769531365456 0.9718910226572871
4.5553093477052 0.9707933354692416
4.633849164044944 0.9697094841349178
4.71238898038469 0.9727726150096281
4.790928796724435 0.9799741689075862
4.869468613064179 0.9723201859752225
4.948008429403924 0.974131698611651
5.026548245743669 0.9650238905104189
5.105088062083414 0.9736900969212763
5.183627878423159 0.9713068018506953
5.262167694762903 0.9768465761309568
5.340707511102648 0.970764492694716
5.419247327442394 0.9620077333731899
5.497787143782138 0.9645383853825223
5.576326960121882 0.9626745065345124
5.654866776461628 0.9780572317390365
5.733406592801373 0.9671244027965021
5.811946409141117 0.9701394019794121
