# r  Cs(r) [pure estimator]
0.1 -7.384783182468474e-6
0.30000000000000004 -2.8980261361451886e-6
0.5 -7.195434761014699e-6
0.7000000000000001 -4.755845168067652e-6
0.9 -4.080215002444155e-6
1.1 4.0474243845717657e-7
1.3 -2.7925908133715364e-6
1.5 -4.087691884391807e-6
1.7000000000000002 -2.681166632479705e-6
1.9000000000000001 -5.171173660307463e-6
2.1 -4.789089992302961e-6
2.3000000000000003 -3.2005274944643906e-6
2.5 -8.082340482363822e-6
2.7 -4.718495620750469e-6
2.9000000000000004 -5.707882397459144e-6
3.1 -5.1044898225339295e-6
3.3000000000000003 -1.6258876892726335e-6
3.5 -2.993617235147389e-6
3.7 -5.785108910875136e-6
3.9000000000000004 -5.9437747025333196e-6
4.1000000000000005 -1.9971018620885748e-6
4.3 -3.370267793925512e-6
4.5 -6.1821562790125e-6
4.7 -1.6537943777083692e-6
4.9 -3.6955749741651827e-6
5.1000000000000005 -3.15716048933531e-6
5.300000000000001 -2.9264502630338546e-6
5.5 -3.9739309487406975e-6
5.7 -3.1534060754417318e-6
5.9 -2.3277012550006693e-6
6.1000000000000005 -1.8455179643060752e-6
6.300000000000001 -3.374314467600655e-6
6.5 -2.5940837856324653e-6
6.7 -4.377866453323878e-6
6.9 -3.0318994824178225e-6
7.1000000000000005 -1.775087789725698e-6
7.300000000000001 -5.347953263886289e-6
7.5 -3.7143629627027706e-6
7.7 -9.437777677241633e-7
7.9 -2.193728407906619e-6
8.1 -1.3925800058215462e-6
8.3 -3.7389197784414065e-6
8.5 -1.751224910215505e-6
8.700000000000001 -1.4080471492547396e-6
8.9 1.864227136894269e-7
9.1 -4.011244826834635e-6
9.3 2.158958016787708e-6
9.5 -5.916748282295945e-6
9.700000000000001 -1.5469907223301675e-6
9.9 -2.7389290612194816e-7
10.100000000000001 -4.159118085348404e-6
10.3 -2.3094536292608517e-6
10.5 -3.6481566278122955e-7
10.700000000000001 -4.725153426225253e-7
10.9 -3.794328325712451e-6
11.100000000000001 9.1178198323554e-7
11.3 1.626260758466033e-6
11.5 -5.406983778447274e-6
11.700000000000001 -3.6965902923069065e-6
11.9 4.544864616090364e-7
12.100000000000001 -3.731828755733655e-6
12.3 -3.138290442274734e-6
12.5 -3.1439296506234983e-6
12.700000000000001 -4.640355795265767e-6
12.9 -3.6234177230393446e-6
13.100000000000001 -2.201310873872203e-6
13.3 -4.1141322499384936e-6
13.5 6.384731315821858e-7
13.700000000000001 -3.1145282679191685e-6
13.9 -1.0154337899121138e-6
14.100000000000001 -3.4204641609518284e-6
14.3 -2.4522550186851077e-6
14.5 -5.923001523650719e-7
14.700000000000001 -1.8086645920553378e-6
14.9 -2.964385317613156e-6
15.100000000000001 -4.771579712526948e-6
15.3 -3.8978726966328645e-6
15.5 -1.448751090161539e-6
15.700000000000001 -2.323650393344174e-6
15.9 3.235809259525466e-7
16.1 4.0614067826106e-6
16.3 1.0869585102431749e-6
16.5 -7.120951737489047e-7
16.7 9.527840539612386e-7
16.900000000000002 -3.248638429275971e-6
17.1 -2.3686662032716386e-6
17.3 -5.897701626438715e-7
17.5 -3.297535603710404e-6
17.7 -3.941465933467847e-6
17.900000000000002 -5.072067700115785e-7
18.1 -4.4899336041842605e-6
18.3 -7.066710077759754e-7
18.5 -4.602432582232341e-6
18.7 -4.987686560919214e-6
18.900000000000002 -4.620525059889804e-6
19.1 -3.7070295504337513e-6
19.3 -1.0153392392859121e-6
19.5 -1.5903389430835881e-6
19.700000000000003 -1.4138421341541815e-6
19.900000000000002 -7.190455047088139e-7
