0.075 0.013773797085729325
0.22499999999999998 0.01825819763385634
0.375 0.04206851157599519
0.525 0.059478825944111226
0.6749999999999999 -0.006461704895984095
0.825 -0.023238034792141475
0.975 -0.049807007125890736
1.125 -0.05429309514427076
1.275 -0.08020341711484287
1.425 -0.04456994749979751
1.575 -0.0662465256617964
1.7249999999999999 -0.04734460548758168
1.875 -0.06311349201257459
2.025 -0.08103416406143263
2.175 -0.07703603298316955
2.3249999999999997 -0.075469126994942
2.475 -0.07060844552754585
2.625 -0.09104816578872661
2.775 -0.10464437453377874
2.925 -0.10111954340190667
3.0749999999999997 -0.09064296575782463
3.225 -0.0935672514619883
3.375 -0.08825499293927778
3.525 -0.09323206695443013
3.675 -0.0782976447185865
3.8249999999999997 -0.10633957347596516
3.9749999999999996 -0.12132391865588377
4.125 -0.15248529929135046
4.2749999999999995 -0.16173035749043016
4.425 -0.11957504704952625
4.575 -0.12342912974630235
4.725 -0.12285449998287026
4.875 -0.04609036517433464
5.0249999999999995 -0.02778420548081055
5.175 -0.0025061003759150563
5.325 0.0164230970628838
5.475 -0.012333357097027162
5.625 0.03356958145771478
5.7749999999999995 0.00248777967650916
5.925 0.03259914787420062
6.075 0.02608565164108678
6.225 0.030771256026723273
6.375 0.04609934762049786
6.5249999999999995 0.0469051875486007
6.675 -0.006648946913450585
6.825 -0.01615933859451334
6.975 -0.013392600854567673
7.125 -0.019404811749170667
7.2749999999999995 -0.06248823344838406
7.425 -0.058480068476400096
7.574999999999999 -0.05087779289471578
7.725 -0.040498621736971274
7.875 -0.042876485632616215
8.025 -0.0393187171589056
8.174999999999999 -0.08264226479839863
8.325 -0.11399129152995999
8.475 -0.14129852284438338
8.625 -0.09756405048396811
8.775 -0.09340081358824784
8.924999999999999 -0.13870047894576562
9.075 -0.1182249787315788
9.225 -0.14449991815354396
9.375 -0.1542325004754827
9.525 -0.14971379507727534
9.674999999999999 -0.1731981753674607
9.825 -0.10779911255613149
9.975 -0.09462651012421304
10.125 -0.09701199268243106
10.275 -0.11448222308502967
10.424999999999999 -0.09911039589820755
10.575 -0.07090626297602207
10.725 -0.06921883812746757
10.875 -0.032327873920589084
11.025 -0.007410107751519528
11.174999999999999 0.008354008101705843
11.325 0.019483353276553813
11.475 0.04152529387299433
11.625 -0.008050620447996757
11.775 0.010028611467943477
11.924999999999999 0.007765740962413215
12.075 -0.010693290469614302
12.225 -0.032229198669669355
12.375 -0.029284751365225407
12.525 0.033052625084829416
12.674999999999999 0.02683941892422458
12.825 0.06772219568234036
12.975 0.07937705871716862
13.125 0.10366546839954527
13.275 0.09427118303967648
13.424999999999999 0.07924216528831901
13.575 0.08465542987731935
13.725 0.08950091860641507
13.875 0.12488050751716347
14.025 0.10584711259543628
14.174999999999999 0.1168709407974362
14.325 0.0934355372458972
14.475 0.09259290215810502
14.625 0.05293672142278864
14.774999999999999 0.03393403360213848
14.924999999999999 0.03217160465374339
