# block  <P^2>
1 0.0
2 0.021995781995782258
3 0.021698888888888983
4 0.025707777777778
5 0.02068777777777796
6 0.019172222222222333
7 0.014458888888888882
8 0.01871555555555561
9 0.021590000000000043
10 0.02096777777777783
11 0.022893772893773052
12 0.020106666666666773
13 0.023026666666666817
14 0.019785555555555702
15 0.017363333333333328
16 0.019438888888888967
17 0.02089111111111119
18 0.022234444444444584
19 0.017293333333333345
20 0.017069291513736012
21 0.01695415695415688
22 0.019351111111111093
23 0.016270715159604113
24 0.022695555555555583
25 0.018918888888888905
26 0.02205461205461211
27 0.017691111111111192
28 0.012621111111111125
29 0.02117222222222235
30 0.015225555555555595
31 0.019923333333333345
32 0.02732732732732751
33 0.020198888888888968
34 0.022168888888888943
35 0.021193333333333376
36 0.020678888888888976
37 0.02031111111111115
38 0.016573333333333416
39 0.018221111111111202
40 0.018838888888888867
41 0.022772222222222287
42 0.0183133333333334
43 0.023864444444444532
44 0.02003555555555551
45 0.019920000000000222
46 0.0187279387279387
47 0.023167943167943288
48 0.022057777777777923
49 0.02306111111111125
50 0.020785229674118662
51 0.018078078078078135
52 0.019937777777777863
53 0.014175555555555547
54 0.022174444444444382
55 0.018194444444444513
56 0.01870666666666669
57 0.028071111111111387
58 0.021233333333333448
59 0.016372222222222267
60 0.02071555555555569
61 0.020454444444444622
62 0.016136666666666678
63 0.01684666666666663
64 0.019820000000000025
65 0.021362222222222352
66 0.02200333333333346
67 0.02542666666666669
68 0.01898666666666665
69 0.015281111111111165
70 0.025853333333333353
71 0.03191111111111121
72 0.021887777777777808
73 0.020788888888889006
74 0.018156666666666665
75 0.019837777777777826
76 0.015642308975642255
77 0.024172222222222338
78 0.01797666666666666
79 0.018663333333333337
80 0.01823222222222233
81 0.018967777777777802
82 0.018348888888888932
83 0.028888888888889137
84 0.019296666666666705
85 0.023698888888889016
86 0.02044555555555556
87 0.01860000000000011
88 0.020503333333333325
89 0.021472222222222292
90 0.02036814592370145
91 0.017832222222222253
92 0.01645444444444445
93 0.019250361472583796
94 0.024127143175239535
95 0.015622222222222246
96 0.0198677777777779
97 0.016658888888888918
98 0.02057000000000012
99 0.020347777777777788
100 0.01634777777777776
101 0.018867777777777917
102 0.02588444444444449
103 0.015515555555555538
104 0.021266666666666746
105 0.019025555555555664
106 0.017871111111111074
107 0.020741111111111217
108 0.02224111111111117
109 0.022616666666666785
110 0.017957777777777763
111 0.021948888888888865
112 0.024057777777777945
113 0.01771666666666674
114 0.029231111111111298
115 0.027404444444444617
116 0.022807777777777833
117 0.021012222222222317
118 0.015063825063824999
119 0.02505000000000019
120 0.020384444444444462
121 0.023760000000000107
122 0.01900999999999991
123 0.025734444444444535
124 0.022176666666666702
125 0.03073111111111111
126 0.016376666666666737
127 0.01644333333333338
128 0.019841111111110976
129 0.021361111111111178
130 0.01959233410878483
131 0.021583333333333416
132 0.01972000000000007
133 0.021082222222222356
134 0.015988888888888917
135 0.02151970607882446
136 0.024675555555555763
137 0.021630000000000142
138 0.02528444444444459
139 0.01440444444444439
140 0.02194555555555563
141 0.026660000000000104
142 0.0189766666666667
143 0.020513417609225985
144 0.016724444444444493
145 0.022135555555555676
146 0.025498832165498975
147 0.021820000000000124
148 0.02010333333333346
149 0.01725333333333335
150 0.02285222222222229
151 0.023367777777777946
152 0.020361111111111118
153 0.02338111111111129
154 0.018952222222222315
155 0.019644444444444457
156 0.01854444444444444
157 0.02251000000000011
158 0.021360000000000042
159 0.020232222222222346
160 0.02357777777777782
161 0.018315555555555602
162 0.015928888888888857
163 0.016868888888888958
164 0.016644444444444476
165 0.01811888888888892
166 0.022084444444444594
167 0.02076777777777796
168 0.018170000000000117
169 0.02047777777777787
170 0.019177489177489217
171 0.027111111111111204
172 0.028950000000000305
173 0.016269999999999944
174 0.02235888888888902
175 0.01592111111111111
176 0.021495940384829305
177 0.015592222222222238
178 0.01779001223445667
179 0.021801111111111247
180 0.019260743709641558
181 0.018744444444444536
182 0.02323888888888894
183 0.020695555555555564
184 0.021694971694971765
185 0.018537777777777816
186 0.0196911111111113
187 0.019846513179846616
188 0.01679111111111112
189 0.02160222222222238
190 0.01877888888888893
191 0.018893333333333304
192 0.015758888888888874
193 0.01978888888888892
194 0.01574777777777778
195 0.017502222222222256
196 0.022291111111111178
197 0.01955177399621847
198 0.02392111111111122
199 0.020441111111111146
200 0.019712222222222266
201 0.018008888888888984
202 0.022184444444444486
203 0.02139111111111121
204 0.019588189588189614
205 0.022811111111111122
206 0.02169222222222236
207 0.018406666666666707
208 0.019495555555555606
