# block  <P>
1 0.0
2 -0.0032634032634032335
3 0.012499999999999966
4 -0.028166666666666708
5 -0.02223333333333339
6 -0.0072999999999999905
7 0.006366666666666685
8 0.022666666666666616
9 -0.006633333333333311
10 0.005966666666666684
11 -0.03766233766233757
12 -0.01053333333333335
13 -0.0035333333333333436
14 -0.013699999999999917
15 0.012766666666666652
16 0.006566666666666654
17 -0.012800000000000028
18 -0.0021666666666666557
19 0.03466666666666677
20 0.019919919919919923
21 0.001931401931401917
22 -0.03126666666666668
23 0.00236903570236904
24 -0.00446666666666673
25 -0.017633333333333376
26 0.003230103230103269
27 0.018799999999999983
28 -0.01583333333333336
29 0.01776666666666671
30 -0.015433333333333294
31 -0.0059666666666667156
32 0.019886553219886555
33 0.022833333333333258
34 0.03613333333333314
35 0.032000000000000015
36 0.011566666666666654
37 -0.005533333333333347
38 -0.0034000000000000007
39 -0.002233333333333327
40 0.00029999999999997927
41 0.015900000000000046
42 0.01213333333333337
43 0.0010666666666666793
44 0.039199999999999915
45 0.016666666666666666
46 0.004528804528804547
47 0.007858807858807883
48 0.014666666666666764
49 0.0028999999999999872
50 0.0006673340006672959
51 0.0032032032032032094
52 0.0208666666666667
53 -0.006466666666666687
54 -0.004633333333333342
55 -0.0023666666666666736
56 -0.017733333333333295
57 -0.0038000000000000624
58 -0.021466666666666682
59 0.009166666666666655
60 0.003133333333333341
61 0.01729999999999996
62 -0.025100000000000025
63 0.032466666666666685
64 0.0005333333333333245
65 0.01480000000000001
66 0.0068333333333333605
67 0.006200000000000014
68 -0.011933333333333263
69 -0.01629999999999999
70 -0.026066666666666634
71 -0.03640000000000006
72 -0.005566666666666665
73 0.009666666666666638
74 0.01016666666666664
75 0.02680000000000012
76 -0.0032032032032032
77 -0.003966666666666676
78 -0.014633333333333323
79 0.005900000000000033
80 0.002499999999999991
81 -0.007166666666666697
82 -0.0067999999999999805
83 0.04633333333333329
84 -0.0004333333333333573
85 -0.005966666666666689
86 0.0074333333333333335
87 0.005866666666666662
88 0.0024333333333333308
89 0.022833333333333324
90 0.015849182515849224
91 -0.018100000000000005
92 -0.01356666666666665
93 0.0022689356022689362
94 0.003907815631262551
95 0.02040000000000002
96 -0.005899999999999996
97 -0.00716666666666667
98 0.003966666666666672
99 -0.010233333333333332
100 -0.009299999999999945
101 0.008766666666666647
102 0.0111333333333333
103 0.006133333333333338
104 -0.023133333333333353
105 0.013233333333333317
106 0.03766666666666664
107 0.03650000000000007
108 0.0009000000000000322
109 -0.009966666666666688
110 -0.00046666666666665566
111 -0.005800000000000023
112 0.024266666666666548
113 0.01996666666666666
114 0.03153333333333339
115 0.01219999999999997
116 0.009633333333333303
117 0.02316666666666638
118 -0.024142524142524154
119 -0.00670000000000003
120 -0.004066666666666652
121 -0.013666666666666629
122 0.0001666666666666539
123 -0.0050333333333333835
124 0.022099999999999946
125 0.005200000000000052
126 0.008033333333333326
127 -0.014633333333333288
128 0.031166666666666648
129 0.00036666666666666206
130 0.01070122964440018
131 0.03163333333333343
132 0.0025999999999999665
133 0.008666666666666727
134 -0.006733333333333326
135 -0.019672678690714762
136 -0.014133333333333335
137 0.011166666666666656
138 0.04419999999999991
139 0.03740000000000009
140 0.007766666666666638
141 -0.003600000000000014
142 -0.025233333333333316
143 -0.019993346640053106
144 0.006266666666666682
145 -0.00013333333333332187
146 -0.032432432432432545
147 -0.015333333333333327
148 -0.0205666666666667
149 -0.007599999999999972
150 -0.001500000000000028
151 -0.03403333333333332
152 -0.0056999999999999785
153 -0.01483333333333334
154 9.999999999999121e-5
155 -0.03793333333333331
156 0.010399999999999979
157 -0.030766666666666675
158 -0.033533333333333505
159 0.019899999999999998
160 0.03913333333333313
161 0.01646666666666673
162 0.008599999999999995
163 -0.009866666666666657
164 -0.014933333333333295
165 -0.0048999999999999825
166 -0.002399999999999966
167 -0.000833333333333324
168 0.01216666666666668
169 -0.012399999999999991
170 -0.006093906093906104
171 -0.010133333333333345
172 -0.014900000000000004
173 -0.010833333333333311
174 -0.012500000000000018
175 -0.014633333333333314
176 -0.0010343677010343766
177 -0.012433333333333293
178 -0.0063730397063730074
179 -0.0034333333333333603
180 -0.01356045424181704
181 0.016533333333333233
182 0.034966666666666646
183 -0.029400000000000082
184 -0.029004329004329275
185 0.002866666666666662
186 -0.030000000000000148
187 0.002602602602602611
188 -0.018999999999999916
189 0.006466666666666697
190 -0.0069000000000000415
191 0.017399999999999916
192 0.007433333333333327
193 -0.007800000000000008
194 -0.0015000000000000115
195 -0.011000000000000013
196 -0.014933333333333344
197 -0.015915915915915884
198 -0.001966666666666666
199 -0.01923333333333325
200 -0.002833333333333316
201 0.008666666666666665
202 -0.034133333333333286
203 -0.01193333333333335
204 -3.330003330003479e-5
205 -0.0224
206 0.014433333333333439
207 -0.0005333333333333473
208 -0.016066666666666604
