# P_value  count
-1.0 0.0
-0.9666666666666667 0.0
-0.9333333333333333 0.0
-0.9 0.0
-0.8666666666666667 0.0
-0.8333333333333334 0.0
-0.8 0.0
-0.7666666666666667 0.0
-0.7333333333333333 0.0
-0.7 0.0
-0.6666666666666666 0.0
-0.6333333333333333 0.0
-0.6 0.0
-0.5666666666666667 0.0
-0.5333333333333333 0.0
-0.5 0.0
-0.4666666666666667 0.0
-0.43333333333333335 0.0
-0.4 0.0
-0.36666666666666664 0.0
-0.3333333333333333 0.0
-0.3 0.0
-0.26666666666666666 0.0
-0.23333333333333334 0.0
-0.2 0.0
-0.16666666666666666 0.0
-0.13333333333333333 0.0
-0.1 0.0
-0.06666666666666667 0.0
-0.03333333333333333 0.0
0.0 985.0
0.03333333333333333 0.0
0.06666666666666667 0.0
0.1 0.0
0.13333333333333333 0.0
0.16666666666666666 0.0
0.2 0.0
0.23333333333333334 0.0
0.26666666666666666 0.0
0.3 0.0
0.3333333333333333 0.0
0.36666666666666664 1.0
0.4 0.0
0.43333333333333335 21.0
0.4666666666666667 28.0
0.5 64.0
0.5333333333333333 275.0
0.5666666666666667 788.0
0.6 1239.0
0.6333333333333333 2077.0
0.6666666666666666 3885.0
0.7 8353.0
0.7333333333333333 12376.0
0.7666666666666667 21438.0
0.8 28080.0
0.8333333333333334 35052.0
0.8666666666666667 35822.0
0.9 30855.0
0.9333333333333333 17106.0
0.9666666666666667 6667.0
1.0 1275.0
