# block  <|P|>
1 0.0
2 0.7891774891774934
3 0.814851814851821
4 0.8715333333333216
5 0.8360333333333312
6 0.8283999999999988
7 0.8263070263070247
8 0.8203666666666595
9 0.8301333333333388
10 0.8390000000000025
11 0.8546999999999968
12 0.7977999999999903
13 0.7766333333333287
14 0.8256666666666592
15 0.8402195608782448
16 0.8189666666666547
17 0.835033333333332
18 0.8392726059392766
19 0.8576333333333261
20 0.7965700965700955
21 0.813266666666665
22 0.8187479187479136
23 0.8514333333333399
24 0.8183000000000108
25 0.8241000000000016
26 0.8320999999999951
27 0.8490666666666664
28 0.8346999999999923
29 0.8305999999999998
30 0.8292999999999974
31 0.8617715617715445
32 0.8375041708375002
33 0.8236333333333293
34 0.8366633366633293
35 0.8233999999999948
36 0.8409333333333291
37 0.8217333333333328
38 0.8450333333333222
39 0.8286000000000012
40 0.8524666666666602
41 0.9094427761094392
42 0.8286666666666725
43 0.833732933732937
44 0.8040333333333309
45 0.8513179846513126
46 0.846312979646309
47 0.8708666666666589
48 0.8487179487179539
49 0.8211122211122259
50 0.8346666666666596
51 0.8409333333333295
52 0.8397666666666617
53 0.8611999999999935
54 0.8643620574482289
55 0.8439999999999944
56 0.818433333333323
57 0.7927333333333325
58 0.8265666666666711
59 0.8297333333333271
60 0.831733333333323
61 0.8502999999999958
62 0.8521187854521066
63 0.8519999999999912
64 0.8428666666666624
65 0.7890333333333314
66 0.8428333333333323
67 0.8388611388611286
68 0.8352666666666686
69 0.7999999999999965
70 0.8708333333333359
71 0.7988666666666625
72 0.8380999999999902
73 0.8819333333333257
74 0.8645645645645476
75 0.8229437229437211
76 0.8287666666666593
77 0.8484333333333312
78 0.8181000000000055
79 0.8121999999999933
80 0.8228333333333429
81 0.822899999999993
82 0.8494828161494773
83 0.8292666666666647
84 0.8383999999999878
85 0.8138999999999985
86 0.8018648018648116
87 0.8607333333333327
88 0.8524666666666683
89 0.8600333333333284
90 0.8547666666666635
91 0.8134666666666817
92 0.8608999999999899
93 0.8460046807087882
94 0.8154666666666628
95 0.8456790123456773
96 0.8455333333333331
97 0.828799999999998
98 0.8726666666666582
99 0.8453333333333183
100 0.7903666666666618
101 0.8223333333333414
102 0.8630333333333264
103 0.7841841841841855
104 0.8211999999999908
105 0.8478188478188382
106 0.8121666666666776
107 0.8067333333333296
108 0.8239427239427204
109 0.7970695970695951
110 0.8471999999999978
111 0.8391333333333254
112 0.8302999999999995
113 0.8487666666666591
114 0.8099666666666587
115 0.8080999999999943
116 0.8379620379620322
117 0.8165666666666764
118 0.8635333333333338
119 0.8354645354645278
120 0.839766666666669
121 0.8232999999999921
122 0.8580666666666552
123 0.8148148148148147
124 0.8304333333333318
125 0.8380333333333216
126 0.8361666666666548
127 0.8106666666666645
128 0.8322666666666628
129 0.8060333333333332
130 0.8481333333333306
131 0.8142666666666717
132 0.838361638361626
133 0.8704961704961584
134 0.9014014014014
135 0.8927333333333182
136 0.8304666666666675
137 0.8154512154512135
138 0.8266000000000081
139 0.8305333333333309
140 0.8609333333333353
141 0.8413666666666688
142 0.7677333333333397
143 0.8375333333333335
144 0.8506506506506561
145 0.8496830163496868
146 0.8279999999999991
147 0.8224333333333321
148 0.8316666666666551
149 0.8439560439560407
150 0.8334666666666658
151 0.8091333333333347
152 0.8220113220113162
153 0.8128999999999991
154 0.7857857857857881
155 0.8084084084084143
156 0.8179512846179546
157 0.7718281718281762
158 0.811633333333331
159 0.818451785118459
160 0.7996000000000082
161 0.8133666666666622
162 0.8977666666666654
163 0.8314999999999987
164 0.858499999999994
165 0.8081333333333369
166 0.8187666666666567
167 0.8191666666666603
168 0.8391941391941254
169 0.7928999999999965
170 0.8009324009324006
171 0.8567666666666596
172 0.8577333333333232
173 0.8242575909242558
174 0.8345999999999975
175 0.8165333333333278
176 0.8321999999999914
177 0.8344666666666709
178 0.870737404070728
179 0.8374708041374729
180 0.8294000000000018
181 0.830166666666672
182 0.8426000000000008
183 0.854133333333323
184 0.8390609390609325
185 0.7880333333333348
186 0.8148333333333372
187 0.8233333333333241
188 0.8442890442890396
189 0.8295333333333396
190 0.8342999999999929
191 0.821233333333327
192 0.858266666666657
193 0.8205666666666561
194 0.8337999999999931
195 0.7981981981982011
196 0.8395271395271389
197 0.8214119214119175
198 0.8014000000000002
199 0.8507333333333313
200 0.8510666666666588
201 0.8406333333333309
202 0.8114552114552124
203 0.8202869536202864
204 0.8502999999999951
205 0.8133333333333211
206 0.837704371037706
207 0.7939000000000048
208 0.8051000000000036
