block_size         error    difference      rel_diff
-------------------------------------------------------
       2  6.109981e-07  2.530664e-07  4.141852e-01
       4  8.640644e-07  3.578669e-07  4.141670e-01
       8  1.221931e-06  5.060350e-07  4.141272e-01
      16  1.727966e-06  7.154661e-07  4.140510e-01
      32  2.443433e-06  1.011370e-06  4.139138e-01
      64  3.454803e-06  1.429031e-06  4.136361e-01
     128  4.883834e-06  2.017922e-06  4.131840e-01
     256  6.901757e-06  2.845917e-06  4.123468e-01
     512  9.747674e-06  4.004505e-06  4.108164e-01
    1024  1.375218e-05  5.619329e-06  4.086137e-01
    2048  1.937151e-05  7.827382e-06  4.040667e-01
    4096  2.719889e-05  1.078363e-05  3.964732e-01
    8192  3.798252e-05  1.402705e-05  3.693027e-01
   16384  5.200957e-05  1.634160e-05  3.142036e-01
   32768  6.835117e-05  5.846567e-06  8.553720e-02
   65536  7.419773e-05  1.201716e-07  1.619613e-03
  131072  7.431790e-05           ---           ---
