# P_value  count
-1.0 0.0
-0.96 0.0
-0.92 0.0
-0.88 0.0
-0.84 0.0
-0.8 0.0
-0.76 0.0
-0.72 4.0
-0.68 0.0
-0.64 3.0
-0.6 30.0
-0.56 75.0
-0.52 98.0
-0.48 221.0
-0.44 481.0
-0.4 881.0
-0.36 1484.0
-0.32 2568.0
-0.28 3827.0
-0.24 5752.0
-0.2 7779.0
-0.16 10306.0
-0.12 12741.0
-0.08 14482.0
-0.04 16081.0
0.0 17363.0
0.04 15966.0
0.08 14863.0
0.12 12634.0
0.16 10367.0
0.2 8117.0
0.24 5567.0
0.28 3645.0
0.32 2494.0
0.36 1473.0
0.4 637.0
0.44 403.0
0.48 224.0
0.52 100.0
0.56 2.0
0.6 10.0
0.64 0.0
0.68 0.0
0.72 0.0
0.76 0.0
0.8 0.0
0.84 0.0
0.88 0.0
0.92 0.0
0.96 0.0
1.0 0.0
