# k values and corresponding S(k) [pure estimator]
0.0 1.2800339340429785
0.12566370614359174 0.9926935249886488
0.25132741228718347 0.9728603332591038
0.3769911184307752 0.9761165712681735
0.5026548245743669 0.9686742040322248
0.6283185307179586 0.9770805010723743
0.7539822368615504 0.9700852195579875
0.8796459430051422 0.9695328934549677
1.0053096491487339 0.9647763237090805
1.1309733552923256 0.9671151154226391
1.2566370614359172 0.969165553122106
1.3823007675795091 0.9638637980120565
1.5079644737231008 0.9610363308251441
1.6336281798666925 0.9639856909229734
1.7592918860102844 0.9689207658340072
1.884955592153876 0.9678618365879083
2.0106192982974678 0.9691837825963304
2.1362830044410597 0.9725418869862438
2.261946710584651 0.9740329843777125
2.387610416728243 0.969938982101035
2.5132741228718345 0.9699327681170244
2.6389378290154264 0.9641030414558892
2.7646015351590183 0.974234170236341
2.8902652413026098 0.9693244879156323
3.0159289474462017 0.9661015682965076
3.1415926535897936 0.9702705378942829
3.267256359733385 0.9710006647925883
3.392920065876977 0.9716417678459094
3.518583772020569 0.9730584120531555
3.6442474781641603 0.9735295912528871
3.769911184307752 0.9667632592078722
3.8955748904513436 0.9728603371793737
4.0212385965949355 0.971215056881747
4.1469023027385274 0.9715291161883016
4.272566008882119 0.9693167297912253
4.39822971502571 0.9699962247352516
4.523893421169302 0.9683921765220553
4.649557127312894 0.970340023486314
4.775220833456486 0.9732583571872084
4.900884539600078 0.9679677495603879
5.026548245743669 0.9700734925386642
5.152211951887261 0.968129719460233
5.277875658030853 0.9717775709908042
5.403539364174445 0.9693474937311982
5.529203070318037 0.966131867454713
5.6548667764616285 0.9681813749755255
5.7805304826052195 0.9705344278907772
5.906194188748811 0.9689325692759523
6.031857894892403 0.9650480200782582
6.157521601035995 0.9720312789371418
6.283185307179587 0.9667853837566588
6.408849013323178 0.9775937036743372
6.53451271946677 0.9716880752958965
6.660176425610362 0.9643087494479269
6.785840131753954 0.9656607795367859
6.911503837897546 0.9704005885815804
7.037167544041138 0.963612197417425
7.162831250184729 0.9707012582089285
7.288494956328321 0.979797400205288
7.4141586624719125 0.9670250103589166
7.539822368615504 0.9697483521996497
7.665486074759096 0.969296907730513
7.791149780902687 0.9656749099051856
7.916813487046279 0.9661211977905431
8.042477193189871 0.9679173187480447
8.168140899333462 0.9728036048428841
8.293804605477055 0.974353070516927
8.419468311620646 0.9708105301986395
8.545132017764239 0.9737067044639963
8.67079572390783 0.968007416494922
8.79645943005142 0.9685505636369803
8.922123136195014 0.9618422428851046
9.047786842338605 0.967891443555187
9.173450548482197 0.9702894420094
9.299114254625788 0.9727470664531667
