# P_value  count
-1.0 0.0
-0.9333333333333333 10.0
-0.8666666666666667 268.0
-0.8 1038.0
-0.7333333333333333 1777.0
-0.6666666666666666 2925.0
-0.6 3532.0
-0.5333333333333333 4533.0
-0.4666666666666667 4973.0
-0.4 5010.0
-0.3333333333333333 4948.0
-0.26666666666666666 4988.0
-0.2 4576.0
-0.13333333333333333 4792.0
-0.06666666666666667 4855.0
0.0 6406.0
0.06666666666666667 6156.0
0.13333333333333333 7408.0
0.2 8979.0
0.26666666666666666 10341.0
0.3333333333333333 11958.0
0.4 13579.0
0.4666666666666667 13706.0
0.5333333333333333 12977.0
0.6 11363.0
0.6666666666666666 9332.0
0.7333333333333333 6374.0
0.8 3655.0
0.8666666666666667 1444.0
0.9333333333333333 713.0
1.0 0.0
