block_size         error    difference      rel_diff
-------------------------------------------------------
       2  1.206244e-07  4.996328e-08  4.142056e-01
       4  1.705876e-07  7.065742e-08  4.142001e-01
       8  2.412451e-07  9.992091e-08  4.141884e-01
      16  3.411660e-07  1.412992e-07  4.141657e-01
      32  4.824652e-07  1.998006e-07  4.141243e-01
      64  6.822658e-07  2.824829e-07  4.140365e-01
     128  9.647487e-07  3.993131e-07  4.139038e-01
     256  1.364062e-06  5.643628e-07  4.137370e-01
     512  1.928425e-06  7.972135e-07  4.134014e-01
    1024  2.725638e-06  1.126200e-06  4.131876e-01
    2048  3.851838e-06  1.589449e-06  4.126470e-01
    4096  5.441288e-06  2.242308e-06  4.120914e-01
    8192  7.683596e-06  3.138311e-06  4.084430e-01
   16384  1.082191e-05  4.320964e-06  3.992794e-01
   32768  1.514287e-05  5.593651e-06  3.693917e-01
   65536  2.073652e-05  7.024706e-06  3.387601e-01
  131072  2.776123e-05           ---           ---
