# P_value  count
-1.0 126.0
-0.96 196.0
-0.92 989.0
-0.88 2778.0
-0.84 6119.0
-0.8 10932.0
-0.76 11516.0
-0.72 10954.0
-0.68 16598.0
-0.64 14420.0
-0.6 15237.0
-0.56 12030.0
-0.52 9864.0
-0.48 7503.0
-0.44 4790.0
-0.4 3848.0
-0.36 2939.0
-0.32 1503.0
-0.28 840.0
-0.24 725.0
-0.2 508.0
-0.16 380.0
-0.12 296.0
-0.08 95.0
-0.04 253.0
0.0 1245.0
0.04 175.0
0.08 66.0
0.12 283.0
0.16 127.0
0.2 287.0
0.24 663.0
0.28 422.0
0.32 941.0
0.36 656.0
0.4 1287.0
0.44 2742.0
0.48 3656.0
0.52 4431.0
0.56 4575.0
0.6 6422.0
0.64 5701.0
0.68 4491.0
0.72 5262.0
0.76 4306.0
0.8 2208.0
0.84 1425.0
0.88 566.0
0.92 748.0
0.96 17.0
1.0 0.0
