block_size         error    difference      rel_diff
-------------------------------------------------------
       2  7.271774e-07  3.004396e-07  4.131586e-01
       4  1.027617e-06  4.237805e-07  4.123915e-01
       8  1.451397e-06  5.962907e-07  4.108390e-01
      16  2.047688e-06  8.352675e-07  4.079076e-01
      32  2.882956e-06  1.160383e-06  4.024978e-01
      64  4.043339e-06  1.588215e-06  3.927979e-01
     128  5.631554e-06  2.121847e-06  3.767782e-01
     256  7.753401e-06  2.709645e-06  3.494783e-01
     512  1.046305e-05  3.256971e-06  3.112832e-01
    1024  1.372002e-05  3.541746e-06  2.581444e-01
    2048  1.726176e-05  4.046278e-06  2.344070e-01
    4096  2.130804e-05  4.194227e-06  1.968378e-01
    8192  2.550227e-05  5.058371e-06  1.983498e-01
   16384  3.056064e-05  4.158546e-06  1.360752e-01
   32768  3.471918e-05  5.309021e-06  1.529132e-01
   65536  4.002821e-05  2.273563e-06  5.679903e-02
  131072  4.230177e-05           ---           ---
