0.15 0.8576365348399246
0.44999999999999996 0.8711638418079096
0.75 0.8254538606403014
1.05 0.8640075329566855
1.3499999999999999 0.8785838041431262
1.65 0.9087175141242938
1.95 0.938331450094162
2.25 0.9738361581920904
2.55 0.9182316384180791
2.85 0.946572504708098
3.15 0.9230640301318267
3.4499999999999997 0.9424670433145009
3.75 0.9913333333333333
4.05 1.0020225988700564
4.35 1.0235461393596987
4.6499999999999995 1.0841016949152542
4.95 1.089436911487759
5.25 1.0942598870056497
5.55 1.0704858757062148
5.85 1.0693992467043314
6.1499999999999995 1.0605649717514125
6.45 1.0215235404896421
6.75 0.9836610169491525
7.05 0.9795442561205273
7.35 0.977225988700565
7.6499999999999995 0.9683559322033898
7.949999999999999 0.9689303201506592
8.25 1.0295254237288136
8.549999999999999 1.0446214689265536
8.85 1.058442561205273
9.15 1.0938079096045197
9.45 1.0954839924670434
9.75 1.0448662900188324
10.049999999999999 1.0052975517890772
10.35 1.0075065913370997
10.65 1.0070790960451976
10.95 1.0097984934086628
11.25 1.0134576271186442
11.549999999999999 0.998120527306968
11.85 0.9838022598870056
12.15 0.9627683615819209
12.45 0.9518738229755179
12.75 0.9939340866290018
13.049999999999999 1.0542674199623352
13.35 1.0685668549905838
13.65 1.0300094161958568
13.95 1.0456967984934087
14.25 1.0394161958568737
14.549999999999999 0.9963427495291902
14.85 1.0219190207156308
15.149999999999999 1.006563088512241
15.45 1.0045141242937854
15.75 0.9917062146892656
16.05 0.9311468926553672
16.349999999999998 0.9407269303201506
16.65 1.0112580037664785
16.95 1.0272824858757061
17.25 1.0341581920903955
17.55 1.0237758945386064
17.849999999999998 1.0485197740112995
18.15 1.0026139359698683
18.45 1.0424161958568738
18.75 1.0363389830508474
19.05 1.0128832391713747
19.349999999999998 0.9959227871939736
19.65 0.9966403013182674
19.95 0.9920414312617702
20.25 1.002843691148776
20.55 1.0188380414312617
20.849999999999998 1.0309924670433146
21.15 0.9914331450094162
21.45 0.9336365348399247
21.75 0.947502824858757
22.05 0.9775743879472693
22.349999999999998 1.0357156308851223
22.65 1.0000037664783428
22.95 0.9974708097928436
23.25 0.9793540489642184
23.55 1.0091525423728813
23.849999999999998 1.0283747645951036
24.15 1.0066629001883238
24.45 1.0040527306967986
24.75 1.0533992467043314
25.05 1.0419679849340866
25.349999999999998 1.0483333333333333
25.65 1.051894538606403
25.95 1.0916911487758945
26.25 1.0110583804143125
26.55 1.0071016949152543
26.849999999999998 0.99630131826742
27.15 0.9847777777777778
27.45 0.9406572504708098
27.75 0.9290357815442561
28.05 0.9886214689265537
28.349999999999998 0.9943107344632769
28.65 0.9777551789077212
28.95 1.0048286252354048
29.25 1.01839736346516
29.549999999999997 1.0107401129943503
29.849999999999998 0.9979491525423729
