# k  S_n(k)
0.0 30.0
0.20943951023931953 0.3896402688568745
0.41887902047863906 0.45227395519893054
0.6283185307179586 1.8487986134334762
0.8377580409572781 1.1592253736565616
1.0471975511965976 0.8154200325291798
1.2566370614359172 1.2506151235163994
1.4660765716752366 1.0235531012107624
1.6755160819145563 1.0017701512096808
1.8849555921538759 0.9468052939847569
2.0943951023931953 0.9389586823305333
2.3038346126325147 1.0486778142659294
2.5132741228718345 0.9813950775204234
2.722713633111154 0.9238783177243534
2.9321531433504733 0.910590707553462
3.141592653589793 0.9127161344805584
3.3510321638291125 0.9174831887988666
3.560471674068432 1.1942466308407462
3.7699111843077517 0.970696805515206
3.979350694547071 0.9798500141234104
4.1887902047863905 0.9494252355301991
4.39822971502571 1.0287475330132636
4.607669225265029 1.1027813240435285
4.817108735504349 1.0073971398791168
5.026548245743669 1.0221328618845078
5.235987755982988 1.104671317689175
5.445427266222308 1.0346667467952657
5.654866776461628 0.9468347374790365
5.864306286700947 1.0127101820711062
6.073745796940266 0.9955670105795109
6.283185307179586 0.9321843474540057
6.492624817418905 1.0206200992259995
6.702064327658225 1.0548350178351824
6.911503837897545 0.9828771902678881
7.120943348136864 1.0590252254120454
7.330382858376184 1.0806136827219963
7.5398223686155035 0.9799694899807675
7.749261878854822 1.0193838791468193
7.958701389094142 0.9520576844013414
8.168140899333462 0.9575038680606283
8.377580409572781 1.0409131384579329
8.5870199198121 1.0919440313982738
8.79645943005142 1.0248119027102138
9.00589894029074 0.9740216800644247
9.215338450530059 0.9656096609315824
9.42477796076938 0.9440771775276321
9.634217471008698 1.0328011491164375
9.843656981248017 1.0555755195871999
10.053096491487338 1.001783664787193
10.262536001726657 1.0024973242543638
10.471975511965976 0.9584218520530761
10.681415022205297 0.988345454150734
10.890854532444616 1.0174709946710712
11.100294042683934 1.128291756759802
11.309733552923255 0.9730593973144375
11.519173063162574 1.031429382402226
11.728612573401893 1.0237401887906146
11.938052083641214 0.9539215443888815
12.147491593880533 1.008898792199205
12.356931104119852 0.9833140600888469
12.566370614359172 1.0138003899229333
12.775810124598491 0.9722057203831744
12.98524963483781 0.9591380567745981
13.194689145077131 0.9707364200002844
13.40412865531645 1.0426487591222602
13.613568165555769 0.9950319955718415
13.82300767579509 0.9369932360380575
14.032447186034409 0.9391636052390844
14.241886696273728 0.9539353548397355
14.451326206513048 1.0157687862330735
14.660765716752367 1.0063100504180371
14.870205226991686 0.99376565917974
15.079644737231007 1.0004879546499497
15.289084247470326 1.006536469067678
15.498523757709645 0.9995917197316883
15.707963267948966 0.9856601479894787
15.917402778188285 0.9915805740453534
16.126842288427603 0.9905379408100723
16.336281798666924 1.024311963270924
16.54572130890624 0.9335358118534893
16.755160819145562 0.9864989861464983
16.964600329384883 1.0261193053908628
17.1740398396242 0.9811123877416685
17.38347934986352 0.9743453310378739
17.59291886010284 1.0196888833006679
17.80235837034216 1.0579632026022816
18.01179788058148 0.9902514915822567
18.2212373908208 1.003563928994919
18.430676901060117 1.0137073158264178
18.640116411299438 0.9708793467670724
18.84955592153876 1.0006432507149359
19.058995431778076 0.9824737841309563
19.268434942017397 1.0218744651766523
19.477874452256717 1.0329121677042972
19.687313962496034 0.9873589019096501
19.896753472735355 0.9742326996526316
20.106192982974676 1.0578362288223169
20.315632493213993 1.0278472158126188
20.525072003453314 1.0442091003523635
20.734511513692635 1.0316413245634242
