# k  S_n(k)
0.0 50.0
0.12566370614359174 0.5255427499482229
0.25132741228718347 1.4189460538565368
0.3769911184307752 1.5806814132615021
0.5026548245743669 0.6677454234936631
0.6283185307179586 0.4277407329525771
0.7539822368615504 0.41960037134155154
0.8796459430051422 1.2165927339089906
1.0053096491487339 0.7345822622178461
1.1309733552923256 0.4431690989018532
1.2566370614359172 0.5645719860310404
1.3823007675795091 1.1206909170721275
1.5079644737231008 0.7114076183743347
1.6336281798666925 0.842517003324007
1.7592918860102844 0.6076373758074479
1.884955592153876 0.9599894973032219
2.0106192982974678 0.8815300359833148
2.1362830044410597 0.6921552776913978
2.261946710584651 1.206073601657519
2.387610416728243 0.7886425256161569
2.5132741228718345 1.1576495230929031
2.6389378290154264 0.9378804791482815
2.7646015351590183 1.205096122870657
2.8902652413026098 1.1441927234073175
3.0159289474462017 1.1258323458154185
3.1415926535897936 1.3136992663011184
3.267256359733385 0.899671519866934
3.392920065876977 1.0697101460886835
3.518583772020569 0.794972026057713
3.6442474781641603 1.1413124021438301
3.769911184307752 1.0354902572498317
3.8955748904513436 1.1501825258957756
4.0212385965949355 1.1049953052964283
4.1469023027385274 0.9344539574276242
4.272566008882119 0.9771442396003345
4.39822971502571 0.8884282462839066
4.523893421169302 1.0335531455385027
4.649557127312894 1.0182280083986681
4.775220833456486 1.0195946367068511
4.900884539600078 0.8979796438165192
5.026548245743669 0.9420995631385055
5.152211951887261 0.8994318896280676
5.277875658030853 0.9746356268273912
5.403539364174445 1.0154619365886168
5.529203070318037 1.0747068859774012
5.6548667764616285 0.8414552131437112
5.7805304826052195 1.034283533647986
5.906194188748811 0.8551634204553881
6.031857894892403 0.9664782924915764
6.157521601035995 1.096960499501405
6.283185307179587 1.0295234128437378
6.408849013323178 1.1434151409706161
6.53451271946677 0.9559733835283177
6.660176425610362 0.9301551552174084
6.785840131753954 0.9955963476519135
6.911503837897546 0.948158755806576
7.037167544041138 0.9904089317418735
7.162831250184729 1.0146231911441255
7.288494956328321 0.9619047058438962
7.4141586624719125 0.9672586419946991
7.539822368615504 0.9823965585049689
7.665486074759096 0.9804045954376205
7.791149780902687 1.0278453519212583
7.916813487046279 0.9643371692759038
8.042477193189871 0.9173874342163881
8.168140899333462 1.0674531857683462
8.293804605477055 0.9314482242445689
8.419468311620646 0.9675509896716515
8.545132017764239 0.9471249400334462
8.67079572390783 1.0290709857929188
8.79645943005142 0.9962731597531714
8.922123136195014 1.1149440221917306
9.047786842338605 1.0517606468368834
9.173450548482197 1.0036951698200471
9.299114254625788 1.0850362831675349
9.42477796076938 0.977676244550622
9.550441666912972 0.9819985081926222
9.676105373056563 1.0213823028116644
9.801769079200156 1.1660888411666626
9.927432785343747 1.017577554552871
10.053096491487338 0.9302378743296548
10.17876019763093 1.0714757144320186
10.304423903774522 0.936007762947595
10.430087609918115 1.014572742302586
10.555751316061706 1.0592519651341727
10.681415022205298 0.9593938390881345
10.80707872834889 1.0137265120649734
10.93274243449248 0.9415094854523618
11.058406140636073 0.9699445538806667
11.184069846779664 0.9833098112624785
11.309733552923257 1.122038325774176
11.435397259066848 0.91747204091534
11.561060965210439 1.0409454733801096
11.686724671354032 0.9865149798818648
11.812388377497623 1.0611612213114638
11.938052083641216 0.9489912055252329
12.063715789784807 0.9985846673214861
12.189379495928398 1.0150449626406541
12.31504320207199 1.0080444779815976
12.440706908215581 0.8836268655634275
