# k  S_s(k)
0.0 0.0
0.07853981633974483 1.0850274936495763
0.15707963267948966 0.26621353270248355
0.23561944901923448 0.7359275612466073
0.3141592653589793 1.1002128196089271
0.39269908169872414 0.25073384399939486
0.47123889803846897 0.8273236001910972
0.5497787143782138 1.6302483547910152
0.6283185307179586 0.6086363722480076
0.7068583470577035 0.4729681958123882
0.7853981633974483 2.395409683646754
0.8639379797371931 0.4072760878580921
0.9424777960769379 0.26512870651272097
1.0210176124166828 0.2747141492965523
1.0995574287564276 0.6377767533138385
1.1780972450961724 1.233645786595673
1.2566370614359172 0.6733826428638072
1.335176877775662 0.6963006220296658
1.413716694115407 1.3180394426880728
1.4922565104551517 1.0942439323748105
1.5707963267948966 1.4125141743142455
1.6493361431346414 0.6517255420990855
1.7278759594743862 0.6602597666953927
1.806415775814131 1.7039772592285172
1.8849555921538759 0.5722382051738072
1.9634954084936207 0.7304074039258377
2.0420352248333655 0.5815076977513086
2.1205750411731104 1.5433394978425483
2.199114857512855 0.9953213078518658
2.2776546738526 0.9058227198729901
2.356194490192345 0.6628991472989763
2.4347343065320897 1.1024081183097802
2.5132741228718345 0.8943180666355757
2.5918139392115793 0.8704686732276609
2.670353755551324 0.9316958273511592
2.748893571891069 1.3880245003373175
2.827433388230814 0.6681453314733979
2.9059732045705586 0.9810010521563197
2.9845130209103035 1.2324146340103936
3.0630528372500483 0.9642878646309639
3.141592653589793 0.8459640437007055
3.220132469929538 1.1728499321147745
3.2986722862692828 0.7478669056296934
3.3772121026090276 1.269199728625426
3.4557519189487724 1.1063563435687938
3.5342917352885173 1.2244640214693923
3.612831551628262 0.8125090750323078
3.691371367968007 0.7479258511441554
3.7699111843077517 0.8142972861227082
3.8484510006474966 1.0433073840023153
3.9269908169872414 0.9849336602331502
4.005530633326986 1.1086332947845576
4.084070449666731 1.275637375001529
4.162610266006476 0.988872166012473
4.241150082346221 0.8184564832071665
4.319689898685965 0.8391064472431737
4.39822971502571 0.9972030060601093
4.476769531365456 0.8642558251775423
4.5553093477052 0.9932253157784721
4.633849164044944 0.9793065358958741
4.71238898038469 1.0020384453610056
4.790928796724435 1.1278933643292106
4.869468613064179 1.118872819099538
4.948008429403924 1.2325830859698517
5.026548245743669 0.9432305323659192
5.105088062083414 0.9066568958903326
5.183627878423159 0.9163534426742238
5.262167694762903 1.0371632488081295
5.340707511102648 1.0569807337020405
5.419247327442394 1.0012066641938941
5.497787143782138 1.0007373089424307
5.576326960121882 1.136290320006144
5.654866776461628 0.8410026675793202
5.733406592801373 0.8747136866263667
5.811946409141117 0.9103362579853113
5.890486225480862 1.0187977777195163
5.969026041820607 0.7032373701237556
6.047565858160352 1.0463055201270326
6.126105674500097 0.9681533246256839
6.204645490839841 0.903120246789156
6.283185307179586 1.0387008541415896
6.3617251235193315 1.015249217190551
6.440264939859076 1.0181996026067952
6.51880475619882 1.2581065600211376
6.5973445725385655 0.9915348349433435
6.675884388878311 0.8945256821639235
6.754424205218055 1.0089977221973148
6.8329640215578 0.9097338916415201
6.911503837897545 0.9115333372142994
6.99004365423729 0.8998175906547251
7.0685834705770345 0.9280988585593581
7.147123286916779 0.963540314689706
7.225663103256524 0.933703049285362
7.304202919596269 0.8637279825249525
7.382742735936014 0.9382002316065051
7.461282552275758 1.0632987116800994
7.5398223686155035 1.088176679978777
7.618362184955249 1.1036418878112635
7.696902001294993 0.9339128673468551
7.7754418176347375 1.0942006473697201
