# k  S_n(k)
0.0 50.0
0.12566370614359174 0.30311384771743777
0.25132741228718347 1.0954550078387058
0.3769911184307752 0.9634954680878828
0.5026548245743669 0.6950273387840954
0.6283185307179586 0.2655410867842829
0.7539822368615504 0.504866233741882
0.8796459430051422 1.150014804937503
1.0053096491487339 1.0810461553464297
1.1309733552923256 0.4279517072419546
1.2566370614359172 0.4626227259724644
1.3823007675795091 1.2756150845090994
1.5079644737231008 0.4621360713085255
1.6336281798666925 0.9228150720103961
1.7592918860102844 0.6240956590783097
1.884955592153876 0.695558281153846
2.0106192982974678 0.9691489164851221
2.1362830044410597 0.7780018995099471
2.261946710584651 0.9110637418392105
2.387610416728243 1.0165905951274654
2.5132741228718345 1.2345895525082629
2.6389378290154264 1.1690533584932996
2.7646015351590183 1.027517151340967
2.8902652413026098 1.3927281898649855
3.0159289474462017 1.1851966798083695
3.1415926535897936 0.8503080039271442
3.267256359733385 0.87318607625993
3.392920065876977 0.8822255799479755
3.518583772020569 0.9990351648333851
3.6442474781641603 1.0708177344849295
3.769911184307752 1.0757559563895536
3.8955748904513436 0.8549923888579899
4.0212385965949355 0.9548484048830645
4.1469023027385274 1.1349792132516838
4.272566008882119 0.9178900929941317
4.39822971502571 1.0834278541225912
4.523893421169302 0.895000989571783
4.649557127312894 1.0064271118457269
4.775220833456486 0.9818566952691862
4.900884539600078 0.962964675450444
5.026548245743669 0.8414130438790088
5.152211951887261 0.8958212117036211
5.277875658030853 0.9723065050900563
5.403539364174445 0.9716026508056063
5.529203070318037 1.1276480153277253
5.6548667764616285 0.9493703339632608
5.7805304826052195 0.9404925829195794
5.906194188748811 1.1017625371614743
6.031857894892403 0.9917746671075379
6.157521601035995 0.8896801295123762
6.283185307179587 0.9292886825539846
6.408849013323178 0.9449345775077959
6.53451271946677 0.954617074491608
6.660176425610362 0.9419678174105522
6.785840131753954 1.100668177319979
6.911503837897546 1.0208065327284392
7.037167544041138 1.0280063837991127
7.162831250184729 1.0579619201862773
7.288494956328321 1.194546614730926
7.4141586624719125 0.9219261852225523
7.539822368615504 0.9815207467503595
7.665486074759096 1.01400047362161
7.791149780902687 1.0217976543956762
7.916813487046279 1.0766887177744329
8.042477193189871 0.8986775676724891
8.168140899333462 1.0363835836668103
8.293804605477055 0.9741417066757816
8.419468311620646 1.0586077343504081
8.545132017764239 0.9877579230157789
8.67079572390783 0.8862374107848694
8.79645943005142 0.9841316849149919
8.922123136195014 1.0204383704990496
9.047786842338605 1.0304343118088652
9.173450548482197 1.0848939656314815
9.299114254625788 0.9999439276655144
9.42477796076938 1.0629484055423215
9.550441666912972 0.8750750798186686
9.676105373056563 1.1541755197675505
9.801769079200156 1.0502930186373987
9.927432785343747 0.9709388846862912
10.053096491487338 1.0201134357493575
10.17876019763093 1.0095310888889995
10.304423903774522 0.9710557706443517
10.430087609918115 1.0148586010934701
10.555751316061706 1.0308940903556731
10.681415022205298 0.8910469792123684
10.80707872834889 1.0021945869276245
10.93274243449248 0.9431920575933859
11.058406140636073 0.9846719887135083
11.184069846779664 0.9000010258660431
11.309733552923257 0.9741477182549134
11.435397259066848 0.9410075576154879
11.561060965210439 0.8780331188397602
11.686724671354032 1.0094458871665073
11.812388377497623 0.8858185964253276
11.938052083641216 1.0574749822570826
12.063715789784807 0.9340954246414415
12.189379495928398 1.0701051323259092
12.31504320207199 0.9811475521030507
12.440706908215581 1.0085479522138148
