0.2 -0.10169172476473028
0.6000000000000001 -0.07501744312854929
1.0 -0.0884654064087967
1.4000000000000001 -0.04885277482773099
1.8 -0.022429531617581412
2.2 -0.018013622039239605
2.6 0.0011169433362655725
3.0 -0.012607931720807704
3.4000000000000004 -0.02847004542757525
3.8000000000000003 0.03344726897429431
4.2 0.008697773370017276
4.6000000000000005 -0.018764044832639524
5.0 -0.03774413639148334
5.4 -0.07161360075024341
5.800000000000001 -0.05859325830172852
6.2 -0.058228645968825495
6.6000000000000005 -0.03261651358791502
7.0 -0.0603768684682216
7.4 0.001285927850738102
7.800000000000001 0.024224326863696983
8.200000000000001 0.033828325989181465
8.6 0.011959931406583295
9.0 0.08150994565436859
9.4 0.06768894444241058
9.8 0.00445281182903741
10.200000000000001 -0.0398732602241329
10.600000000000001 0.022879505963139285
11.0 0.03125927957559338
11.4 0.014070073999087045
11.8 -0.02499669719340707
12.200000000000001 -0.03094543751227694
12.600000000000001 -0.013133126530409054
13.0 -0.05978589521953138
13.4 -0.05939421356747753
13.8 -0.01938187974506071
14.200000000000001 0.02188321328922214
14.600000000000001 0.01684937235063093
15.0 0.0073231119504900515
15.4 -0.000980559728681822
15.8 -0.0019266284422463185
16.2 0.027614666161412123
16.6 0.07450579505644724
17.0 0.045665221173602874
17.400000000000002 0.03926212083114271
17.8 0.010773189466762409
18.2 -0.03582876015167075
18.6 -0.0965434935662511
19.0 -0.13803076028542977
19.400000000000002 -0.11313508613636698
19.8 -0.06742483399803995
20.200000000000003 0.031104308686852412
20.6 0.03995096053513925
21.0 0.05542721905547061
21.400000000000002 0.05444762393914936
21.8 0.009055241385542295
22.200000000000003 -0.01911574110037655
22.6 0.03196401811722315
23.0 0.11520520416451978
23.400000000000002 0.10061987134395849
23.8 0.08343709669913316
24.200000000000003 0.05887629165977211
24.6 0.038108722106813486
25.0 0.08274686551166253
25.400000000000002 0.031266996169038684
25.8 0.02230085343687877
26.200000000000003 -0.06330680149347838
26.6 -0.06851760557370103
27.0 -0.03869538289761774
27.400000000000002 -0.030803818766719268
27.8 -0.012198525014949172
28.200000000000003 -0.059172279638208515
28.6 -0.12260050445256601
29.0 -0.10428373378419237
29.400000000000002 -0.09034914738323568
29.8 -0.08522451562621114
30.200000000000003 -0.0848979916784339
30.6 -0.04223347642380643
31.0 -0.009790563949032596
31.400000000000002 0.04093745938291677
31.8 0.10458404000201853
32.2 0.04357885009433103
32.6 -0.013987355532913557
33.0 -0.00834796139269901
33.4 -0.029126585063338765
33.800000000000004 -0.03835569595518791
34.2 -0.04417021310700232
34.6 -0.04006495435217609
35.0 -0.02556397346291958
35.4 -0.00515092962690427
35.800000000000004 -0.04225242333947397
36.2 -0.05035202142363511
36.6 -0.06165024911289816
37.0 -0.07715046202530958
37.4 -0.05959574452463638
37.800000000000004 -0.056721658274480787
38.2 0.0015857057616700588
38.6 0.05389226543202809
39.0 0.04962212171328695
39.400000000000006 0.03229609594770902
39.800000000000004 -0.07067030942762965
