# P_value  count
-1.0 0.0
-0.9666666666666667 0.0
-0.9333333333333333 137.0
-0.9 359.0
-0.8666666666666667 486.0
-0.8333333333333334 475.0
-0.8 601.0
-0.7666666666666667 752.0
-0.7333333333333333 393.0
-0.7 347.0
-0.6666666666666666 279.0
-0.6333333333333333 115.0
-0.6 110.0
-0.5666666666666667 68.0
-0.5333333333333333 18.0
-0.5 8.0
-0.4666666666666667 33.0
-0.43333333333333335 1.0
-0.4 0.0
-0.36666666666666664 5.0
-0.3333333333333333 2.0
-0.3 0.0
-0.26666666666666666 0.0
-0.23333333333333334 0.0
-0.2 0.0
-0.16666666666666666 0.0
-0.13333333333333333 0.0
-0.1 0.0
-0.06666666666666667 0.0
-0.03333333333333333 0.0
0.0 985.0
0.03333333333333333 0.0
0.06666666666666667 0.0
0.1 0.0
0.13333333333333333 0.0
0.16666666666666666 0.0
0.2 0.0
0.23333333333333334 0.0
0.26666666666666666 16.0
0.3 3.0
0.3333333333333333 2.0
0.36666666666666664 10.0
0.4 42.0
0.43333333333333335 91.0
0.4666666666666667 239.0
0.5 529.0
0.5333333333333333 876.0
0.5666666666666667 1941.0
0.6 3180.0
0.6333333333333333 5255.0
0.6666666666666666 9024.0
0.7 16099.0
0.7333333333333333 20889.0
0.7666666666666667 26942.0
0.8 30004.0
0.8333333333333334 32725.0
0.8666666666666667 23575.0
0.9 19309.0
0.9333333333333333 8291.0
0.9666666666666667 2558.0
1.0 114.0
