# block  <P^4>
1 0.0
2 0.18401935679012563
3 0.4346887962962959
4 0.37200076419753175
5 0.5499947886157744
6 0.45969204745871384
7 0.4789497560434669
8 0.5572443913580217
9 0.46941657777777773
10 0.45302713456790294
11 0.37426031851852
12 0.42213701232096146
13 0.47026644567901543
14 0.4144816123456733
15 0.4114639728395051
16 0.43924711584711595
17 0.4278290555555591
18 0.42405041542040944
19 0.4072020333333302
20 0.3048500839506214
21 0.27958944197531055
22 0.37905277252561004
23 0.3658349296296317
24 0.4445143962962938
25 0.3152102604938258
26 0.3798973604938307
27 0.546486477777777
28 0.56181912159073
29 0.42650112592592143
30 0.4315449209876545
31 0.33074634567901234
32 0.5018256061728359
33 0.5032330333333284
34 0.4861546382715994
35 0.4256834185185186
36 0.36630553703703655
37 0.44511668518518277
38 0.3979208641975307
39 0.4180713753086405
40 0.4252993666666637
41 0.37868960123456996
42 0.5524695144361873
43 0.37593951111111035
44 0.4348237407407394
45 0.43446207742874243
46 0.5046624358024702
47 0.48481522839506197
48 0.46732359753087016
49 0.42958387901234285
50 0.3627016876543216
51 0.39531876296296453
52 0.3688249802469137
53 0.43954100987653844
54 0.43109886913579953
55 0.3477184567901218
56 0.49537755679012313
57 0.5223299358024658
58 0.40707778395061817
59 0.4015111172839476
60 0.45060337901234143
61 0.36237504814814714
62 0.4762394938271582
63 0.39538860768860656
64 0.41812032469136357
65 0.3988663305280574
66 0.372958122222222
67 0.4381024198024172
68 0.37522950864197424
69 0.44212785185184766
70 0.4780333555555537
71 0.37608318964985743
72 0.47136204938271525
73 0.4451622251881498
74 0.3919159765432077
75 0.4225595827160474
76 0.4897187037037094
77 0.4770378810909714
78 0.47563169836503283
79 0.39347839506172777
80 0.5762658197530828
81 0.4614700493827207
82 0.4729389839506159
83 0.4934218518518528
84 0.42448493827160483
85 0.3618571975308654
86 0.568445317283948
87 0.3991692617283922
88 0.4090515703703648
89 0.37090523703703654
90 0.5085788481481504
91 0.36325408641975565
92 0.5054279353427478
93 0.34644116624116794
94 0.29451158148148426
95 0.43416407395049356
96 0.4149919617283944
97 0.42514243333333346
98 0.40253732279373367
99 0.3652268876543219
100 0.525273064197527
101 0.39430154074074014
102 0.45304688148148003
103 0.4682163098765443
104 0.4224679210074272
105 0.45791241481481737
106 0.5222082234567912
107 0.4348292814814796
108 0.40332426296296364
109 0.2992137950617314
110 0.2818175582990382
111 0.41545840493826947
112 0.37332919753086463
113 0.4469189864197509
114 0.36296363086419614
115 0.38203634197530956
116 0.38514429135802347
117 0.453256556790118
118 0.42305593703703176
119 0.5491508617283966
120 0.3430194111111144
121 0.38672714197530667
122 0.43770529259259766
123 0.44350269506172757
124 0.4406887629629595
125 0.3825267382716083
126 0.35983648148148395
127 0.39939427407407563
128 0.47233719629629073
129 0.4563181292403495
130 0.5030427827160435
131 0.48107382962962697
132 0.3769678542740275
133 0.5176682942201404
134 0.4402870456790109
135 0.37764541234567944
136 0.4190538407407415
137 0.40604474197530566
138 0.4165710962962939
139 0.36997691358024865
140 0.3828131888888919
141 0.49533417160494064
142 0.42675816818822904
143 0.3817065769473173
144 0.376566088888887
145 0.3705867398262471
146 0.4457082271604931
147 0.4596748679012377
148 0.4183592037037029
149 0.4343440888888867
150 0.4404337222222224
151 0.47499600493827565
152 0.4933847604938288
153 0.4760437148148143
154 0.6063646123456753
155 0.4747949244167302
156 0.4403958061728378
157 0.3968221419753042
158 0.40874789259259187
159 0.4528556925925929
160 0.36682451728395044
161 0.3720835395061694
162 0.46290493456790466
163 0.40065573827160395
164 0.5765756629629679
165 0.3647760901234561
166 0.40618114534287575
167 0.3817628544295198
168 0.37791425734759354
169 0.4357399666666639
170 0.4203765160493814
171 0.4409744571732226
172 0.4510565530864157
173 0.41555036913580246
174 0.3700118681808049
175 0.39032959876543316
176 0.36532974320987543
177 0.3547041913580275
178 0.39683182962963254
179 0.36826669876543555
180 0.47778717996106257
181 0.44085312222221934
182 0.38972644320987754
183 0.329855298765432
184 0.36613105821871716
185 0.5221930777777768
186 0.3878353444444443
187 0.38262389797204377
188 0.3418815160148497
189 0.41533928002076154
190 0.38416330493827006
191 0.34853437407407495
192 0.4356026541359855
193 0.332830088430091
194 0.4114748901234572
195 0.3121649397486576
196 0.48127417283950136
197 0.3755032353341008
198 0.29756608518518557
199 0.3851603888888898
200 0.4043856370370399
201 0.4718350111111072
202 0.42617715679012574
203 0.40849002088507913
204 0.4867329682662964
205 0.44519740987654977
206 0.38671300370370515
207 0.39625465094724177
208 0.3720873407407421
