# k values and corresponding S(k) [pure estimator]
0.0 24.066018061120136
0.07853981633974483 0.9061001417896075
0.15707963267948966 0.9323869125777682
0.23561944901923448 0.9390622152778186
0.3141592653589793 0.9533871369737713
0.39269908169872414 0.9422580944607711
0.47123889803846897 0.9767624210876384
0.5497787143782138 0.9605602062962325
0.6283185307179586 0.9626387011904489
0.7068583470577035 0.9691689314704954
0.7853981633974483 0.9602389981615042
0.8639379797371931 0.9639149443408151
0.9424777960769379 0.962154274438643
1.0210176124166828 0.9643875346719538
1.0995574287564276 0.9630365246444659
1.1780972450961724 0.9576177471104984
1.2566370614359172 0.9625369297967281
1.335176877775662 0.9560767976664755
1.413716694115407 0.9804705642080156
1.4922565104551517 0.959652408849137
1.5707963267948966 0.9606824061539624
1.6493361431346414 0.9776945017949205
1.7278759594743862 0.9721716895925896
1.806415775814131 0.9766623119898493
1.8849555921538759 0.9781139470710435
1.9634954084936207 0.9811980789428225
2.0420352248333655 0.973646642380554
2.1205750411731104 0.9711498669920294
2.199114857512855 0.9762958920250788
2.2776546738526 0.9613354189518901
2.356194490192345 0.9710224897075705
2.4347343065320897 0.9734348510885878
2.5132741228718345 0.9716865478843922
2.5918139392115793 0.966356334556548
2.670353755551324 0.9569182085800333
2.748893571891069 0.9676016662978064
2.827433388230814 0.9632157393579133
2.9059732045705586 0.9592246456255311
2.9845130209103035 0.9714431656084509
3.0630528372500483 0.9732692999231771
3.141592653589793 0.9773865528050165
3.220132469929538 0.9722296866288421
3.2986722862692828 0.9667806249356881
3.3772121026090276 0.9709320160831273
3.4557519189487724 0.9754999237181878
3.5342917352885173 0.9575793336934489
3.612831551628262 0.9767009376933309
3.691371367968007 0.9487700867923589
3.7699111843077517 0.9720294654116083
3.8484510006474966 0.9667172428388393
3.9269908169872414 0.9641728244472304
4.005530633326986 0.9777468528168686
4.084070449666731 0.9655923966959248
4.162610266006476 0.9617458494205999
4.241150082346221 0.9760286020482459
4.319689898685965 0.9669873648150187
4.39822971502571 0.9579186148073141
4.476769531365456 0.9679849983741646
4.5553093477052 0.9572038016436722
4.633849164044944 0.9743577770983575
4.71238898038469 0.9838697239143885
4.790928796724435 0.9585406053061182
4.869468613064179 0.9672655843617558
4.948008429403924 0.9724616695489139
5.026548245743669 0.9641320543871345
5.105088062083414 0.9564778738428421
5.183627878423159 0.9671558575223999
5.262167694762903 0.968619096727558
5.340707511102648 0.970798849979755
5.419247327442394 0.9729933880724871
5.497787143782138 0.9766153877605214
5.576326960121882 0.9604159144383592
5.654866776461628 0.9653942238521068
5.733406592801373 0.9690074545151016
5.811946409141117 0.9667830274781457
