# block  <P^2>
1 0.0
2 0.01951381951381951
3 0.01819259259259254
4 0.03172938271604925
5 0.031152592592592447
6 0.02498222222222216
7 0.023959506172839255
8 0.01927111111111107
9 0.02075012345679007
10 0.023002390281166015
11 0.0256923456790122
12 0.023698271604938096
13 0.03322356655689988
14 0.026845746845746598
15 0.022739753086419706
16 0.015018765432098725
17 0.02201522880165582
18 0.02990123456790094
19 0.022544197530864195
20 0.02737530864197509
21 0.020931358024691305
22 0.03657777777777767
23 0.036226349806596544
24 0.03822646489313153
25 0.023130864197530798
26 0.018474074074074066
27 0.03569086419753078
28 0.02782962962962936
29 0.02907802469135773
30 0.019815308641975164
31 0.018693333333333256
32 0.02029432098765422
33 0.022050048716715172
34 0.013668307001640262
35 0.01684543209876542
36 0.0465629629629629
37 0.026660746660746703
38 0.02657382716049373
39 0.030246419753086465
40 0.027120987654321013
41 0.023417283950617238
42 0.03087407407407408
43 0.02350222222222215
44 0.02143130785106083
45 0.023783783783783544
46 0.026620740740740546
47 0.020568395061728282
48 0.021905185185185104
49 0.02690198690198661
50 0.020198518518518532
51 0.01970711452192918
52 0.015970044118192302
53 0.024385185185185104
54 0.026305546305546112
55 0.028766419753086324
56 0.023904892546867812
57 0.021666172839505962
58 0.028811188811188715
59 0.023144197530864066
60 0.017295802469135747
61 0.018723909094279477
62 0.0196375308641974
63 0.026998518518518286
64 0.024520322791927746
65 0.02113333333333327
66 0.016991111111111075
67 0.02694765432098759
68 0.023294320987654313
69 0.01956592592592587
70 0.03999061728395075
71 0.021313580246913332
72 0.02553121022256823
73 0.024592592592592468
74 0.02319606319606304
75 0.027407407407407103
76 0.024881291547958064
77 0.020322962962962966
78 0.026244444444444206
79 0.020139151497176027
80 0.021708641975308682
81 0.019745185185185008
82 0.022286913580246776
83 0.027681481481481425
84 0.02205399538732859
85 0.02048197530864194
86 0.027489382716049057
87 0.022865185185184957
88 0.030309135802468974
89 0.025034567901234518
90 0.03048013714680379
91 0.032526419753086525
92 0.02594716049382687
93 0.02371209876543192
94 0.022474567901234418
95 0.020514567901234418
96 0.02033341983959249
97 0.020202469135802256
98 0.02111988531741581
99 0.025711604938271324
100 0.025812839506172646
101 0.02664839506172822
102 0.024249876543209765
103 0.020759506172839382
104 0.019926913580246806
105 0.02437086419753075
106 0.023727407407407235
107 0.016390123456790064
108 0.028007407407407238
109 0.02349326039279439
110 0.01857845857845851
111 0.015575575575575507
112 0.016153580246913473
113 0.016935656935656844
114 0.024668641975308474
115 0.03293876543209861
116 0.025748711674637267
117 0.02160938271604924
118 0.027614360947694237
119 0.019085925925925885
120 0.026913580246913392
121 0.025270617283950227
122 0.029565925925925836
123 0.02652740740740735
124 0.026700246913580212
125 0.019427654320987652
126 0.027844634758214866
127 0.024913086419752914
128 0.019602619602619453
129 0.021587654320987783
130 0.02802074074074063
131 0.0224656790123457
132 0.027130864197530614
133 0.025541728395061542
134 0.017279506172839378
135 0.029397037037036857
136 0.01765568037172981
137 0.02181283950617271
138 0.022849382716049218
139 0.029682522028200948
140 0.02004740740740732
141 0.023160987654320918
142 0.024265185185184997
143 0.023538271604938217
144 0.024142716049382604
145 0.030761625823353917
146 0.022775802469135624
147 0.020231111111111134
148 0.02062172839506153
149 0.02031555555555541
150 0.025001481481481236
151 0.03512888888888878
152 0.02428978428978414
153 0.01730817236990059
154 0.017097283950617197
155 0.02063654320987638
156 0.026729445494877487
157 0.03298222222222229
158 0.029817283950617047
159 0.02797580246913564
160 0.02446343779677108
161 0.02521728395061733
162 0.016912592592592573
163 0.02438469135802449
164 0.03305086419753067
165 0.020976296296296115
166 0.020357037037036972
167 0.030752592592592456
168 0.02034716049382694
169 0.027257583598235387
170 0.01788976455643115
171 0.021350617283950463
172 0.023800987654320687
173 0.014489382716049425
174 0.023408593778964176
175 0.03451851851851847
176 0.019848888888888767
177 0.020055802469135697
178 0.020178271604938135
179 0.024103609782621924
180 0.032440341576144026
181 0.018975802469135647
182 0.029566913580246778
183 0.024557305142800762
184 0.03381135802469114
185 0.02648740740740712
186 0.019974814814814737
187 0.01990848657515308
188 0.018288411868658563
189 0.026561975308641912
190 0.023361975308641866
191 0.03213827160493793
192 0.024471604938271538
193 0.02768747371285768
194 0.034721328054661216
195 0.02936071874343454
196 0.028513580246913472
197 0.023716543209876494
198 0.02122913580246921
199 0.02486962962962948
200 0.03388888888888891
201 0.02054132957272543
202 0.025338765432098502
203 0.025094320987654094
204 0.022847638057218764
205 0.020411851851851754
206 0.01506962962962942
207 0.023027160493827005
208 0.024609382716049268
