# k values and corresponding S(k) [pure estimator]
0.0 2.144559213898069
0.06981317007977318 1.2972909298041615
0.13962634015954636 1.0816788947497022
0.20943951023931956 1.066365489605605
0.2792526803190927 1.008895478586407
0.3490658503988659 1.00420665918419
0.4188790204786391 0.98731309462854
0.4886921905584123 1.0129342821845175
0.5585053606381855 0.9930130683025347
0.6283185307179586 0.9984112475767539
0.6981317007977318 0.9851614436249938
0.767944870877505 0.9879088583280254
0.8377580409572782 0.986169076305453
0.9075712110370514 0.9847217454397477
0.9773843811168246 0.9854989635878412
1.0471975511965976 0.9847185759269538
1.117010721276371 0.983506636774449
1.1868238913561442 0.9834273095766004
1.2566370614359172 0.9910553896282305
1.3264502315156905 0.9867178904404584
1.3962634015954636 0.9937663885687896
1.4660765716752369 0.993446278726117
1.53588974175501 0.9789670939242762
1.6057029118347832 0.9693648236899809
1.6755160819145565 0.9963133369518271
1.7453292519943295 0.9863291116782169
1.8151424220741028 0.9736219876630532
1.8849555921538759 0.98822741752944
1.9547687622336491 0.99532070368916
2.0245819323134224 0.9822409704284044
2.0943951023931953 0.9737861187463364
2.1642082724729685 0.996693696009667
2.234021442552742 0.9686929953833778
2.303834612632515 1.0013903902705705
2.3736477827122884 0.9927104437842564
2.443460952792061 0.9844320820132025
2.5132741228718345 0.9855836528309025
2.5830872929516078 0.9917473593428638
2.652900463031381 0.9815596681115024
2.722713633111154 0.9844477131292364
2.792526803190927 0.9844693791276955
2.8623399732707004 0.9791695285419254
2.9321531433504737 0.9954127116051144
3.001966313430247 0.9826185766722352
3.07177948351002 0.9879788223288501
3.141592653589793 0.9762267102026522
3.2114058236695664 0.9719917950693524
3.2812189937493397 0.9936801418597226
3.351032163829113 0.9877801093272109
3.420845333908886 0.982433484190748
3.490658503988659 0.9908451496717805
3.5604716740684323 0.9787592998098481
3.6302848441482056 0.9830992080725297
3.7000980142279785 0.9852450104019478
3.7699111843077517 0.9826608963269646
3.839724354387525 0.9694860175716459
3.9095375244672983 0.9996626960216243
3.9793506945470716 0.9904093844678706
4.049163864626845 0.9774024189126477
4.118977034706618 0.9957895303170985
4.1887902047863905 0.9831289100457374
4.258603374866164 0.989127383777173
4.328416544945937 0.9892772656034386
4.39822971502571 0.9825116248039454
4.468042885105484 0.9821414972490261
4.537856055185257 0.9839278903799593
4.60766922526503 1.0010430958602023
4.6774823953448035 0.9882669092039003
4.747295565424577 0.9705819765113397
4.817108735504349 0.9899178672495753
4.886921905584122 1.0020797889786262
4.956735075663896 0.9946776622042282
5.026548245743669 0.9907441450739237
5.096361415823442 0.9658543651122677
5.1661745859032155 0.9892772519358715
