# k  S_s(k)
0.0 0.0
0.07853981633974483 1.0806428074119359
0.15707963267948966 0.267960432018155
0.23561944901923448 0.7350000459687724
0.3141592653589793 1.082106852915541
0.39269908169872414 0.2504603118972197
0.47123889803846897 0.8199204895089058
0.5497787143782138 1.622900296548859
0.6283185307179586 0.604538739962338
0.7068583470577035 0.4750721392113495
0.7853981633974483 2.434222795972938
0.8639379797371931 0.40741742102805645
0.9424777960769379 0.2556835658996708
1.0210176124166828 0.2885373360666677
1.0995574287564276 0.610326676901838
1.1780972450961724 1.2631322912568446
1.2566370614359172 0.6949605281596395
1.335176877775662 0.6918530812388989
1.413716694115407 1.3734359427135088
1.4922565104551517 1.05925703915857
1.5707963267948966 1.38333669029988
1.6493361431346414 0.6069071831421999
1.7278759594743862 0.6543538722391609
1.806415775814131 1.680791532716043
1.8849555921538759 0.5924838590331908
1.9634954084936207 0.7795959844781859
2.0420352248333655 0.5647059028445697
2.1205750411731104 1.528128991717994
2.199114857512855 0.9882712801196946
2.2776546738526 0.9034043074595368
2.356194490192345 0.6813998742676639
2.4347343065320897 1.108068799602864
2.5132741228718345 0.855831893618519
2.5918139392115793 0.8747577492351304
2.670353755551324 0.9367039449153636
2.748893571891069 1.3884358689584284
2.827433388230814 0.6878744432566107
2.9059732045705586 0.9847306618617013
2.9845130209103035 1.2450853527060695
3.0630528372500483 0.9651933479122516
3.141592653589793 0.8047888746945757
3.220132469929538 1.1410205978200298
3.2986722862692828 0.7343989952733586
3.3772121026090276 1.2704263506476723
3.4557519189487724 1.1091071001494923
3.5342917352885173 1.207671001942852
3.612831551628262 0.792954409606011
3.691371367968007 0.7261951141569588
3.7699111843077517 0.795857656991778
3.8484510006474966 1.0576570222824495
3.9269908169872414 0.9917853763675571
4.005530633326986 1.0835909449217256
4.084070449666731 1.2845839289219734
4.162610266006476 0.9933583599806959
4.241150082346221 0.8140642700891598
4.319689898685965 0.832476172423422
4.39822971502571 1.004016703636451
4.476769531365456 0.8773085073463136
4.5553093477052 1.024602219760925
4.633849164044944 0.9706198051788956
4.71238898038469 0.9995308290079675
4.790928796724435 1.0818746643614081
4.869468613064179 1.1091653870699876
4.948008429403924 1.2578774188252848
5.026548245743669 0.9215435806643021
5.105088062083414 0.8939981106061731
5.183627878423159 0.9158939529302463
5.262167694762903 1.0501952987544374
5.340707511102648 1.0595822843841185
5.419247327442394 1.007041771265188
5.497787143782138 0.9603132414258899
5.576326960121882 1.134946102244669
5.654866776461628 0.8317392729430055
5.733406592801373 0.8912066976342784
5.811946409141117 0.8775422940583064
5.890486225480862 1.0406680171334945
5.969026041820607 0.7075176909146239
6.047565858160352 1.0821231512537395
6.126105674500097 0.9133770379823944
6.204645490839841 0.8855520004702768
6.283185307179586 0.9914998008030169
6.3617251235193315 1.0263605883485232
6.440264939859076 1.022761621998293
6.51880475619882 1.248230679096157
6.5973445725385655 0.9842221953539478
6.675884388878311 0.8847964526430727
6.754424205218055 1.0491230254491224
6.8329640215578 0.9366925169421837
6.911503837897545 0.894892639963821
6.99004365423729 0.8952406260316719
7.0685834705770345 0.9385361567049154
7.147123286916779 0.9796074376765448
7.225663103256524 0.9654970903250911
7.304202919596269 0.8319121341680662
7.382742735936014 0.9621411399056622
7.461282552275758 1.0874374677396839
7.5398223686155035 1.0472022059293364
7.618362184955249 1.117801034110482
7.696902001294993 0.9531820283269642
7.7754418176347375 1.089702048281357
