# block  <P>
1 0.0
2 0.7916333333333282
3 0.8766899766899701
4 0.8935935935935888
5 0.8860333333333228
6 0.8569666666666647
7 0.8599999999999917
8 0.8400666666666677
9 0.8705333333333274
10 0.9034367701034259
11 0.8652666666666572
12 0.887366666666656
13 0.8796666666666737
14 0.8912999999999944
15 0.8752666666666672
16 0.8642000000000009
17 0.8053000000000039
18 0.8626333333333237
19 0.8639333333333313
20 0.8763999999999932
21 0.8449333333333223
22 0.8465333333333257
23 0.8741999999999862
24 0.8501333333333366
25 0.8956709956709915
26 0.8441000000000025
27 0.8347000000000067
28 0.881448114781443
29 0.8722666666666756
30 0.8666999999999975
31 0.9060333333333304
32 0.868733333333327
33 0.8591333333333295
34 0.858233333333333
35 0.8415999999999996
36 0.897299999999988
37 0.8921333333333441
38 0.9041666666666524
39 0.8423999999999993
40 0.8366333333333323
41 0.8642666666666684
42 0.8156333333333367
43 0.8651999999999965
44 0.8355977355977332
45 0.8638999999999915
46 0.8465666666666621
47 0.8686353019686298
48 0.8252666666666666
49 0.8807666666666506
50 0.8876876876876862
51 0.8601999999999955
52 0.8822177822177746
53 0.866033333333329
54 0.898333333333336
55 0.8672333333333346
56 0.8673006339672972
57 0.8606666666666652
58 0.8441999999999955
59 0.8562562562562466
60 0.8920745920745882
61 0.8627999999999976
62 0.8908241574908103
63 0.8677666666666547
64 0.8838333333333274
65 0.8209999999999943
66 0.8760999999999934
67 0.8495666666666731
68 0.8594594594594492
69 0.8567333333333327
70 0.8142666666666664
71 0.8660999999999965
72 0.8089666666666641
73 0.8343009676342974
74 0.8530333333333213
75 0.8756666666666577
76 0.8226559893226549
77 0.8514333333333285
78 0.8673333333333311
79 0.8477855477855486
80 0.8571666666666682
81 0.8535999999999929
82 0.890442890442868
83 0.880466666666654
84 0.8634333333333299
85 0.8990333333333304
86 0.8487179487179517
87 0.8402999999999957
88 0.8858666666666638
89 0.8892333333333277
90 0.8467999999999897
91 0.8955333333333263
92 0.8379620379620414
93 0.8534999999999916
94 0.8571333333333292
95 0.8731333333333245
96 0.8451666666666644
97 0.8918333333333244
98 0.9064666666666479
99 0.8512333333333325
100 0.874866666666659
101 0.8575091575091479
102 0.8466666666666567
103 0.8483666666666585
104 0.8531468531468502
105 0.8581666666666669
106 0.8529863196529812
107 0.8710666666666592
108 0.8440999999999996
109 0.8920333333333362
110 0.8493000000000009
111 0.8356666666666619
112 0.8980000000000014
113 0.868266666666667
114 0.8453879453879407
115 0.878511845178518
116 0.8856523189856327
117 0.8518333333333301
118 0.9112000000000042
119 0.8568333333333193
120 0.8356000000000025
121 0.8790333333333292
122 0.8237999999999973
123 0.8560999999999941
124 0.8716049382715939
125 0.840259740259744
126 0.8445775116433766
127 0.8767333333333289
128 0.8534666666666643
129 0.8997002997002975
130 0.8431999999999933
131 0.863499999999993
132 0.8840333333333288
133 0.8847666666666686
134 0.8487333333333249
135 0.8819000000000013
136 0.8801666666666589
137 0.8541333333333355
138 0.8621045621045619
139 0.8888333333333258
140 0.8807333333333321
141 0.8639333333333326
142 0.8598666666666679
143 0.8747999999999962
144 0.8860666666666597
145 0.8469
146 0.8855144855144829
147 0.8686666666666631
148 0.8511666666666643
149 0.8763902763902732
150 0.8777333333333364
151 0.845933333333343
152 0.8627333333333247
153 0.85303333333333
154 0.9071333333333317
155 0.8653666666666723
156 0.8476856476856418
157 0.8347333333333331
158 0.8656666666666687
159 0.8623333333333257
160 0.8658000000000003
161 0.8831666666666679
162 0.8424758091424751
163 0.8840333333333344
164 0.8433666666666614
165 0.8572144288577046
166 0.8934666666666619
167 0.8629333333333284
168 0.8822333333333235
169 0.8312000000000069
170 0.9039039039038983
171 0.8903666666666631
172 0.8596930263596874
173 0.8778666666666605
174 0.8501831501831387
175 0.8875542208875443
176 0.8553219886553105
177 0.8523666666666618
178 0.9038999999999776
179 0.8611999999999954
180 0.8601731601731566
181 0.8690333333333289
182 0.839966666666662
183 0.8683333333333296
184 0.8564666666666642
185 0.8853666666666582
186 0.8580333333333305
187 0.8784666666666652
188 0.8698634698634632
189 0.8715999999999995
190 0.8544666666666652
191 0.886646686646685
192 0.8424666666666697
193 0.8695000000000024
194 0.8665334665334645
195 0.8546333333333224
196 0.8847514180847557
197 0.8605061605061592
198 0.8453333333333336
199 0.8441225441225363
200 0.8813480146813377
201 0.8498333333333294
202 0.8575575575575533
203 0.896033333333331
204 0.8340326340326305
205 0.8338333333333262
206 0.8672999999999987
207 0.9163333333333289
208 0.8723333333333392
