# k values and corresponding S(k) [pure estimator]
0.0 44.25368752755419
0.10471975511965977 0.6559227225326218
0.20943951023931953 0.788051143993876
0.3141592653589793 0.8953327895113283
0.41887902047863906 0.9326465150830798
0.5235987755982988 0.9655311764263483
0.6283185307179586 0.9605282591455937
0.7330382858376183 0.968626956682214
0.8377580409572781 0.9529980287022991
0.9424777960769379 0.9716660107308621
1.0471975511965976 0.9361230078313763
1.1519173063162573 0.9764859249777375
1.2566370614359172 0.9643477988561242
1.361356816555577 1.0170964539807852
1.4660765716752366 0.9661301377231771
1.5707963267948966 0.9659296348341464
1.6755160819145563 1.0020410280231007
1.780235837034216 1.0049901483370463
1.8849555921538759 0.9845006494815787
1.9896753472735356 0.9744751282521535
2.0943951023931953 0.9751856170915232
2.199114857512855 0.9875017062388483
2.3038346126325147 1.0256558984250221
2.4085543677521746 0.9587928713317878
2.5132741228718345 0.9579465397719156
2.617993877991494 0.9732656970138033
2.722713633111154 0.9684957550381181
2.827433388230814 0.9996102624895967
2.9321531433504733 0.9456014327809366
3.036872898470133 0.9809813120277873
3.141592653589793 1.0170245046260127
3.2463124087094526 1.0028197586135614
3.3510321638291125 0.9631849203835678
3.4557519189487724 1.00300538520276
3.560471674068432 0.9961886298975062
3.665191429188092 0.9885893977215741
3.7699111843077517 0.9885253592360191
3.874630939427411 0.9934058997556542
3.979350694547071 0.9560656626073557
4.084070449666731 0.9822716280496552
4.1887902047863905 0.974654375920359
4.29350995990605 0.991434598854994
4.39822971502571 1.0165663182539455
4.50294947014537 1.0064246398543593
4.607669225265029 1.0174691121757555
4.71238898038469 0.990131825559274
4.817108735504349 0.9738345858553848
4.921828490624009 0.975638416753819
5.026548245743669 1.0047675264801326
5.1312680008633285 0.9697105968501702
5.235987755982988 0.9928574519516263
5.340707511102648 0.9636097843492587
5.445427266222308 1.0032318306019974
5.550147021341967 0.9702145420501544
5.654866776461628 1.0027941617286626
5.759586531581287 0.9846280854873153
5.864306286700947 1.0024348768156706
5.969026041820607 0.984802741179319
6.073745796940266 0.9864339698757146
6.178465552059926 0.9534644029752273
6.283185307179586 1.0019711518773866
6.387905062299246 1.006902191817226
6.492624817418905 1.0058651587421612
6.5973445725385655 0.9522226424447232
6.702064327658225 0.98672714078985
6.8067840827778845 0.9698955643581951
6.911503837897545 1.0142879245252396
7.016223593017204 0.9973313018717871
7.120943348136864 1.0006606167609016
7.225663103256524 0.9936718292753203
7.330382858376184 1.0163922551927784
7.435102613495843 1.0219887815798578
7.5398223686155035 1.0269578962088515
7.644542123735163 0.9956991024775922
7.749261878854822 1.000199325272689
