# r  Cs(r) [pure estimator]
0.2 -4.586738588143183e-6
0.6000000000000001 -4.075251085140311e-6
1.0 -5.932505511348101e-6
1.4000000000000001 -3.1983707949149784e-6
1.8 -4.9968816261472e-6
2.2 -3.196094770159444e-6
2.6 -2.521394299006929e-6
3.0 -3.1614424249528003e-6
3.4000000000000004 -4.533605670806381e-6
3.8000000000000003 -4.604797298805991e-6
4.2 -3.6916513331368243e-6
4.6000000000000005 -4.427362684996079e-6
5.0 -2.883482405780801e-6
5.4 -5.039633093941971e-6
5.800000000000001 -3.4902610260616845e-6
6.2 -2.9510917484229474e-6
6.6000000000000005 -4.3844962441234055e-6
7.0 -3.795266133527007e-6
7.4 -2.8965754282062836e-6
7.800000000000001 -3.5821123567818863e-6
8.200000000000001 -4.177138983647498e-6
8.6 -5.522168141373601e-6
9.0 -3.343850422195721e-6
9.4 -1.823718867311119e-6
9.8 -2.0498840938841743e-6
10.200000000000001 -4.0302028324733255e-6
10.600000000000001 -2.8421403781134122e-6
11.0 -2.5779514955509255e-6
11.4 -1.409420442377761e-6
11.8 -3.041136741393724e-6
12.200000000000001 -2.9443127467392524e-6
12.600000000000001 -3.570760660473917e-6
13.0 -2.337576292220892e-6
13.4 -1.690012266471501e-6
13.8 -3.230901068860917e-6
14.200000000000001 -1.4522108214682807e-6
14.600000000000001 -2.9269691030913546e-6
15.0 -4.03542545676874e-6
15.4 -2.825382359744271e-6
15.8 -2.1977357481730203e-6
16.2 -2.602911761197117e-6
16.6 -6.785012016167041e-7
17.0 -5.861227997345625e-7
17.400000000000002 -1.3601232296436379e-6
17.8 -2.560188229203089e-6
18.2 -2.373086156478598e-6
18.6 -1.8760380355183758e-6
19.0 -3.240946203385195e-6
19.400000000000002 -1.8858760235386663e-6
19.8 -3.5082813327015703e-6
20.200000000000003 -2.5684539778475436e-6
20.6 -2.197228087158618e-6
21.0 -7.734172265102236e-7
21.400000000000002 -2.8207321808742123e-6
21.8 -1.915990494704926e-6
22.200000000000003 -1.4102724974494257e-6
22.6 -1.924732522138976e-6
23.0 -1.7852083143740878e-6
23.400000000000002 -9.828312571122161e-7
23.8 -1.0513843963965977e-6
24.200000000000003 -5.703615246300303e-7
24.6 -3.989059096008812e-6
25.0 -1.6216788480417998e-6
25.400000000000002 -3.1804553280595164e-6
25.8 -2.417582897603849e-6
26.200000000000003 -1.0954796039464153e-6
26.6 -1.5460807969554728e-6
27.0 -1.0294437428076928e-6
27.400000000000002 -1.1916094095351021e-6
27.8 -2.3239930707151687e-6
28.200000000000003 -2.9804514648949333e-6
28.6 -1.7547029111428614e-6
29.0 -2.7512829362195537e-6
29.400000000000002 -1.5411661036832122e-6
29.8 -1.9380382424242e-6
30.200000000000003 -2.5948838823393202e-6
30.6 -1.4146243444099044e-6
31.0 -1.8370832321230094e-6
31.400000000000002 -1.6798897785400263e-6
31.8 -5.903120535210669e-7
32.2 -1.8976358256730398e-6
32.6 -1.1963350732963575e-6
33.0 -2.243944656914858e-6
33.4 -2.3358600006104767e-6
33.800000000000004 -3.0232660807982664e-6
34.2 -1.3112240345560074e-6
34.6 -3.4116943504341793e-6
35.0 -7.555719096455839e-7
35.4 -1.1597070593764542e-6
35.800000000000004 -2.2208004970086033e-6
36.2 -1.0866523168455023e-6
36.6 -7.682531619130016e-7
37.0 -1.149882420681256e-6
37.4 -1.5664324558778256e-6
37.800000000000004 -1.9658272338705926e-6
38.2 -2.990223339671533e-6
38.6 -1.9707018898770243e-6
39.0 -1.6124841412703998e-6
39.400000000000006 -9.788227106159523e-7
39.800000000000004 -1.587611528190015e-6
