# k values and corresponding S(k) [pure estimator]
0.0 9.977169916286734
0.07853981633974483 1.0672630406493806
0.15707963267948966 0.9882803935806104
0.23561944901923448 0.9701619867291216
0.3141592653589793 0.9792370674374363
0.39269908169872414 0.9657956359995838
0.47123889803846897 0.9812234872764409
0.5497787143782138 0.9607260394330518
0.6283185307179586 0.9681487215056725
0.7068583470577035 0.969953516497898
0.7853981633974483 0.968701935982776
0.8639379797371931 0.975486333373206
0.9424777960769379 0.9749830130086381
1.0210176124166828 0.9634961638420864
1.0995574287564276 0.9640768051671641
1.1780972450961724 0.9724302541933291
1.2566370614359172 0.965586570820787
1.335176877775662 0.9655359886904036
1.413716694115407 0.9653870761887896
1.4922565104551517 0.956326779609845
1.5707963267948966 0.9609653804893933
1.6493361431346414 0.9750592171314459
1.7278759594743862 0.9677643513430759
1.806415775814131 0.9627575799492105
1.8849555921538759 0.9691272322556658
1.9634954084936207 0.9680902533682201
2.0420352248333655 0.9617992281864255
2.1205750411731104 0.9661303153560695
2.199114857512855 0.9792398439122112
2.2776546738526 0.9673212733880008
2.356194490192345 0.9692862447784152
2.4347343065320897 0.9656503460254002
2.5132741228718345 0.9699965910177263
2.5918139392115793 0.9666799562809851
2.670353755551324 0.9653986076540392
2.748893571891069 0.9668890429210111
2.827433388230814 0.9562357704606161
2.9059732045705586 0.972703270968013
2.9845130209103035 0.9730408181866672
3.0630528372500483 0.9767666689593925
3.141592653589793 0.9674134651360018
3.220132469929538 0.9644662381500388
3.2986722862692828 0.9603810174991159
3.3772121026090276 0.9644624124899841
3.4557519189487724 0.9604414932942339
3.5342917352885173 0.9557611563059681
3.612831551628262 0.9720935020944305
3.691371367968007 0.9692739047877089
3.7699111843077517 0.9767010142008711
3.8484510006474966 0.9647889416066809
3.9269908169872414 0.9755797813149811
4.005530633326986 0.9696555239890261
4.084070449666731 0.9769401791361709
4.162610266006476 0.9723823486049018
4.241150082346221 0.9646585144071369
4.319689898685965 0.9673948468351915
4.39822971502571 0.9674840959289659
4.476769531365456 0.9594550902918896
4.5553093477052 0.9734616303237893
4.633849164044944 0.9663626798427808
4.71238898038469 0.9764655086459592
4.790928796724435 0.9719980578232925
4.869468613064179 0.9649778586533532
4.948008429403924 0.9725277793007753
5.026548245743669 0.9580505480789699
5.105088062083414 0.9655827087139299
5.183627878423159 0.9660437585809905
5.262167694762903 0.9757947087995839
5.340707511102648 0.95193610699659
5.419247327442394 0.9669191249065263
5.497787143782138 0.9785241480159499
5.576326960121882 0.9742654943491517
5.654866776461628 0.9659039980987942
5.733406592801373 0.971522859450108
5.811946409141117 0.9680435843303149
