# P_value  count
-1.0 0.0
-0.96 0.0
-0.92 0.0
-0.88 0.0
-0.84 0.0
-0.8 0.0
-0.76 0.0
-0.72 0.0
-0.68 0.0
-0.64 0.0
-0.6 0.0
-0.56 15.0
-0.52 7.0
-0.48 30.0
-0.44 107.0
-0.4 292.0
-0.36 505.0
-0.32 1072.0
-0.28 2455.0
-0.24 4268.0
-0.2 7241.0
-0.16 10438.0
-0.12 14211.0
-0.08 18640.0
-0.04 20360.0
0.0 21925.0
0.04 20982.0
0.08 18145.0
0.12 14517.0
0.16 10897.0
0.2 7432.0
0.24 4426.0
0.28 2602.0
0.32 1164.0
0.36 712.0
0.4 192.0
0.44 77.0
0.48 51.0
0.52 10.0
0.56 0.0
0.6 0.0
0.64 0.0
0.68 0.0
0.72 0.0
0.76 0.0
0.8 0.0
0.84 0.0
0.88 0.0
0.92 0.0
0.96 0.0
1.0 0.0
