# k values and corresponding S(k) [pure estimator]
0.0 0.8805629480059638
0.12566370614359174 0.9791758564149416
0.25132741228718347 0.9742986311568993
0.3769911184307752 0.9730733169351763
0.5026548245743669 0.9801500378178161
0.6283185307179586 0.9899867315921066
0.7539822368615504 0.981490101068528
0.8796459430051422 0.9944609518862106
1.0053096491487339 1.0028296684374594
1.1309733552923256 1.0017040135175357
1.2566370614359172 0.9783361066895742
1.3823007675795091 0.9916694723376833
1.5079644737231008 0.9879257284762781
1.6336281798666925 0.9741805681093875
1.7592918860102844 0.9865347822402626
1.884955592153876 0.9848899424234496
2.0106192982974678 0.986991374603649
2.1362830044410597 0.9995381064731257
2.261946710584651 0.9764451596176282
2.387610416728243 0.9843766349806669
2.5132741228718345 0.9740480618045521
2.6389378290154264 0.9865854129775739
2.7646015351590183 0.9871951757889795
2.8902652413026098 0.9830156999012978
3.0159289474462017 0.9849647179028195
3.1415926535897936 0.9861297727937671
3.267256359733385 0.9758250563429475
3.392920065876977 0.9862396081773582
3.518583772020569 0.9854044348479305
3.6442474781641603 0.9897859328167377
3.769911184307752 0.993577799015214
3.8955748904513436 0.9883238179939425
4.0212385965949355 0.999984139467991
4.1469023027385274 0.9800573592665729
4.272566008882119 0.9808135278239065
4.39822971502571 0.9835641197408005
4.523893421169302 0.9795850239250391
4.649557127312894 0.9883863975905153
4.775220833456486 0.9819427463868652
4.900884539600078 0.9876872354889906
5.026548245743669 0.9869587968778449
5.152211951887261 0.9768712326945111
5.277875658030853 0.9791708083551927
5.403539364174445 0.9902886432987513
5.529203070318037 0.9862363431839661
5.6548667764616285 0.9897457754905851
5.7805304826052195 0.979944290411202
5.906194188748811 0.9842218311952328
6.031857894892403 0.987208671845585
6.157521601035995 0.9818054970829421
6.283185307179587 0.9797359045910112
6.408849013323178 0.975542266542311
6.53451271946677 0.9881094834369963
6.660176425610362 0.992681849292802
6.785840131753954 0.9881207888990302
6.911503837897546 0.974357249627672
7.037167544041138 0.9842907628987757
7.162831250184729 0.9941564909356198
7.288494956328321 0.9736630567081365
7.4141586624719125 0.9769225039746879
7.539822368615504 0.9803883602227678
7.665486074759096 0.9878333824358644
7.791149780902687 0.9859979774202074
7.916813487046279 0.9781135747773022
8.042477193189871 0.9979632879599417
8.168140899333462 0.9819824878201205
8.293804605477055 0.991567687638209
8.419468311620646 0.9913725454677814
8.545132017764239 0.9807311358411547
8.67079572390783 0.9880509288917505
8.79645943005142 0.9887072633387578
8.922123136195014 0.974471488538673
9.047786842338605 0.9879848326704543
9.173450548482197 0.9902308903049178
9.299114254625788 0.9903870141738962
