# k  S_n(k)
0.0 60.0
0.10471975511965977 0.5839733278490888
0.20943951023931953 0.31028319892764195
0.3141592653589793 0.27192416719650897
0.41887902047863906 0.21609488590704434
0.5235987755982988 0.4641058325251001
0.6283185307179586 0.34718066443413226
0.7330382858376183 0.8579458923717678
0.8377580409572781 0.5471114413031156
0.9424777960769379 0.8563679796380006
1.0471975511965976 1.1095665170286881
1.1519173063162573 0.709311003033016
1.2566370614359172 1.566780142179398
1.361356816555577 1.3685673100242672
1.4660765716752366 1.291687915351942
1.5707963267948966 0.4025734547783545
1.6755160819145563 0.6547532518951854
1.780235837034216 0.7910872353321652
1.8849555921538759 0.8444743276688786
1.9896753472735356 0.8744679286752902
2.0943951023931953 0.984156686619976
2.199114857512855 1.3143265083654772
2.3038346126325147 0.8790174026883437
2.4085543677521746 1.0919611631696415
2.5132741228718345 0.9536499064288846
2.617993877991494 0.9631771379029296
2.722713633111154 1.201272662684304
2.827433388230814 1.2998560977778562
2.9321531433504733 1.094021664322516
3.036872898470133 0.9930105651652658
3.141592653589793 0.8485685281398138
3.2463124087094526 1.0893688286285705
3.3510321638291125 1.359783438984081
3.4557519189487724 0.9226592735939524
3.560471674068432 0.8576636162235286
3.665191429188092 1.1820159644282506
3.7699111843077517 0.971167543311485
3.874630939427411 0.9907399621029532
3.979350694547071 1.125034031410888
4.084070449666731 0.9507643518554497
4.1887902047863905 1.0416566294656515
4.29350995990605 0.926443219347475
4.39822971502571 0.930897034702825
4.50294947014537 1.0448540508921353
4.607669225265029 0.8676159921925936
4.71238898038469 0.9614726153276469
4.817108735504349 1.132031759979029
4.921828490624009 0.9717012023208808
5.026548245743669 0.9174450943939149
5.1312680008633285 1.0998729051982243
5.235987755982988 1.030330347893548
5.340707511102648 1.2848727353604776
5.445427266222308 0.8173929318712639
5.550147021341967 1.0077645049476636
5.654866776461628 0.9373844411998978
5.759586531581287 0.9704555625788934
5.864306286700947 0.9479017257256721
5.969026041820607 1.063555908452294
6.073745796940266 1.1145054017255704
6.178465552059926 0.911559767210267
6.283185307179586 1.1072572217472725
6.387905062299246 0.9506462027386018
6.492624817418905 0.9308003875756682
6.5973445725385655 0.9571481000499809
6.702064327658225 1.0961218179426382
6.8067840827778845 1.073700382259654
6.911503837897545 0.9422024624090076
7.016223593017204 0.9211829468392292
7.120943348136864 1.0239271190214758
7.225663103256524 0.8941584878251988
7.330382858376184 0.889596451675991
7.435102613495843 0.8590025775338425
7.5398223686155035 1.0335550132410698
7.644542123735163 0.9951334495394016
7.749261878854822 0.9108874280590383
7.853981633974483 0.9765030501161673
7.958701389094142 0.9521504215181859
8.063421144213802 1.0422630467731244
8.168140899333462 0.9557860150915477
8.27286065445312 0.9485892065422918
8.377580409572781 1.005806412126084
8.482300164692441 1.1449027630944053
8.5870199198121 0.8830347001150357
8.69173967493176 1.0281821750836022
8.79645943005142 0.9443982155768891
8.90117918517108 0.9553870285632248
9.00589894029074 0.9773382539005384
9.1106186954104 0.8666071558187406
9.215338450530059 0.9845953222156144
9.320058205649719 0.9743888551941142
9.42477796076938 0.9473835891529536
9.529497715889038 1.0763433051497058
9.634217471008698 0.9361217728600132
9.738937226128359 0.9439158804187503
9.843656981248017 1.037949064624056
9.948376736367678 1.0155054232998617
10.053096491487338 0.877288507681066
10.157816246606997 0.9894263496724457
10.262536001726657 0.9431119897757361
10.367255756846317 0.942136218599879
