# r  Cs(r) [pure estimator]
0.15 8.01769394118391e-5
0.44999999999999996 7.85726184879126e-5
0.75 8.034899678176578e-5
1.05 7.663884044453318e-5
1.3499999999999999 7.360941806107784e-5
1.65 7.326895544576167e-5
1.95 7.446840831462645e-5
2.25 7.366982634560158e-5
2.55 7.838577761820282e-5
2.85 7.356532471079287e-5
3.15 7.434598421886196e-5
3.4499999999999997 7.387381336046535e-5
3.75 7.442530340703743e-5
4.05 7.136386190689154e-5
4.35 7.403977615172092e-5
4.6499999999999995 6.613573264439525e-5
4.95 7.108662218182627e-5
5.25 6.790467913829582e-5
5.55 6.588862833534251e-5
5.85 6.958008255639959e-5
6.1499999999999995 6.793405652582367e-5
6.45 6.970575804507223e-5
6.75 6.609147057906291e-5
7.05 7.174065522963467e-5
7.35 6.465064795948904e-5
7.6499999999999995 6.915869491629468e-5
7.949999999999999 7.030802078362202e-5
8.25 6.759839581266434e-5
8.549999999999999 6.443297484990724e-5
8.85 6.43037574658886e-5
9.15 6.512803587070309e-5
9.45 6.158186301451301e-5
9.75 6.351290638511308e-5
10.049999999999999 6.273086452268988e-5
10.35 6.536781703952156e-5
10.65 6.438763354895255e-5
10.95 6.333553316386072e-5
11.25 6.736544140273893e-5
11.549999999999999 6.25473959190226e-5
11.85 6.28453710500915e-5
12.15 6.282246882134647e-5
12.45 6.34554269062031e-5
12.75 6.292207226452084e-5
13.049999999999999 6.532425450014485e-5
13.35 6.048607044701622e-5
13.65 6.09090588297322e-5
13.95 6.150638670481843e-5
14.25 5.909485866581979e-5
14.549999999999999 5.9105392608421e-5
14.85 6.307275661552065e-5
15.149999999999999 6.0778654907366456e-5
15.45 6.424627109147478e-5
15.75 6.247716392088513e-5
16.05 5.567615411123455e-5
16.349999999999998 5.8197185107174785e-5
16.65 5.98756145956832e-5
16.95 6.380519108478626e-5
17.25 6.406364437260765e-5
17.55 5.917277050284688e-5
17.849999999999998 6.0787380191653576e-5
18.15 6.180297053067697e-5
18.45 5.6939988931833353e-5
18.75 6.0721298717940334e-5
19.05 5.9900470407009575e-5
19.349999999999998 6.128671868697325e-5
19.65 5.9038756721464454e-5
19.95 5.887632669316055e-5
20.25 5.876770439691387e-5
20.55 5.795166104455674e-5
20.849999999999998 5.707719221354207e-5
21.15 5.809848970116618e-5
21.45 5.9749683136729226e-5
21.75 5.633191537582327e-5
22.05 5.9627360902783275e-5
22.349999999999998 5.706184014840536e-5
22.65 5.365228824774549e-5
22.95 5.635859169930471e-5
23.25 5.793323072670001e-5
23.55 5.5287894771416046e-5
23.849999999999998 5.4225820906643284e-5
24.15 5.8056752762577066e-5
24.45 6.0520521503600656e-5
24.75 5.636930360786668e-5
25.05 5.843891543486163e-5
25.349999999999998 5.810042255850711e-5
25.65 5.470160600187507e-5
25.95 5.607060800716579e-5
26.25 5.426194379996803e-5
26.55 5.499818742100793e-5
26.849999999999998 5.349448495629697e-5
27.15 5.879561900945744e-5
27.45 5.6616529217184826e-5
27.75 5.8927855337611604e-5
28.05 6.072887295034133e-5
28.349999999999998 5.651451390668695e-5
28.65 5.7614795597389145e-5
28.95 5.629680706908549e-5
29.25 5.713332746622533e-5
29.549999999999997 5.225166544751795e-5
29.849999999999998 5.496021135726374e-5
