# block  <P^4>
1 0.0
2 0.004727386419753079
3 0.00847349012345682
4 0.017333729629629716
5 0.0177002158335492
6 0.039176051109384484
7 0.02562819012345676
8 0.0266266246913581
9 0.018637967901234526
10 0.02219879879879881
11 0.019396193827160502
12 0.007332411423769418
13 0.01106698518518524
14 0.02896404938271603
15 0.022403050617283888
16 0.013183711111111105
17 0.011075114814814779
18 0.008011358024691386
19 0.02433933209876539
20 0.017118570370370397
21 0.007106238206238187
22 0.0197202641975308
23 0.012995198765432073
24 0.01786055925925922
25 0.011192117283950686
26 0.011123097530864148
27 0.01109866296296293
28 0.012764179012345674
29 0.007365699732366405
30 0.013608092592592491
31 0.021797680246913476
32 0.014667487654320943
33 0.014210243209876516
34 0.014130173530173562
35 0.024568949382715845
36 0.01882013418680082
37 0.010495328395061702
38 0.015452541975308586
39 0.008558208641975318
40 0.010113541975308619
41 0.017103335802469158
42 0.04615076172839524
43 0.021430307407407458
44 0.030481392592592502
45 0.010448441975308604
46 0.017134986419753074
47 0.02147393333333333
48 0.01924396742421439
49 0.01491209382716046
50 0.015698662962963038
51 0.014105203703703733
52 0.008946423456790078
53 0.015345867712534378
54 0.010194745077745754
55 0.011777400857647783
56 0.011700177777777786
57 0.016306048023331975
58 0.013814587654320918
59 0.017693129629629614
60 0.02213218271604947
61 0.015948744444444444
62 0.0127248654320988
63 0.0077651506172839455
64 0.017086896101817958
65 0.015048177777777722
66 0.01496989382716046
67 0.021212381481481413
68 0.027541233826419077
69 0.03585794567901225
70 0.024460153086419835
71 0.022211461728394954
72 0.03607235802469179
73 0.03321811728395069
74 0.011980183950617201
75 0.008879666012999323
76 0.012155258024691367
77 0.01180396543209886
78 0.005530643430643419
79 0.014742598765432147
80 0.012544672839506135
81 0.04094504814814813
82 0.02349863209876544
83 0.008853025925925934
84 0.008342127160493809
85 0.008532493827160467
86 0.016845545679012253
87 0.01788588395061726
88 0.015428507407407484
89 0.0065431876543209895
90 0.009127476543209844
91 0.007512492592592584
92 0.04201065757115195
93 0.011972000000000049
94 0.010032328395061725
95 0.010393433781142575
96 0.017652165432098774
97 0.011966377777777832
98 0.009153853086419758
99 0.034805479012346055
100 0.009333948148148153
101 0.01491247037037035
102 0.01303183209876543
103 0.011215141975308573
104 0.009893371604938299
105 0.0038734345679012415
106 0.010405883661439243
107 0.00855057283950611
108 0.013217219753086443
109 0.013670727160493832
110 0.013368308641975322
111 0.010829196296296332
112 0.009407445679012326
113 0.009243159208591332
114 0.008639996296296274
115 0.007310303703703671
116 0.029444024691357963
117 0.04145199259259345
118 0.015499548148148115
119 0.010757428990762331
120 0.00901773580246915
121 0.018801999999999833
122 0.012439217283950595
123 0.00958732962962959
124 0.01487302716049378
125 0.011165348148148178
126 0.04809280246913609
127 0.015988322222222254
128 0.009085939506172879
129 0.010394258024691337
130 0.0280043913580246
131 0.02610471604938264
132 0.009672186419753087
133 0.01068317901234563
134 0.013005420987654311
135 0.020187519618383797
136 0.0117649333333333
137 0.019860251851851685
138 0.014549299999999984
139 0.0202251308641975
140 0.012973439506172751
141 0.018719860493826963
142 0.015558566666666582
143 0.012595349959177611
144 0.01054460740740739
145 0.010447955555555565
146 0.011017153086419748
147 0.019268677002010366
148 0.013295044444444465
149 0.0070761395061728185
150 0.011992600007414892
151 0.004291982730893889
152 0.006278292592592554
153 0.007264995061728369
154 0.02173728863728848
155 0.015696027160493817
156 0.016273554320987624
157 0.014969962962962905
158 0.008455576543209841
159 0.008406188888888865
160 0.008203944444444446
161 0.04363749876543263
162 0.019448944005734138
163 0.01547670617283949
164 0.011963198765432177
165 0.009146535424313202
166 0.007572066354932067
167 0.005590308641975297
168 0.012148046913580252
169 0.013299701234567857
170 0.006460882716049411
171 0.009662223456790159
172 0.006380149382716031
173 0.010741927160493847
174 0.009230767901234548
175 0.008892467901234567
176 0.014496302469135759
177 0.01002802962962964
178 0.01514611604938272
179 0.010292213580246914
180 0.011073701234567813
181 0.007816927160493784
182 0.01801993950617277
183 0.011689903703703644
184 0.02045119876543208
185 0.011643497243497227
186 0.017788125925925883
187 0.005656004489337836
188 0.005453250617283936
189 0.015319229629629628
190 0.00916565679012344
191 0.004446113580246908
192 0.009410139506172808
193 0.007798779012345709
194 0.016236725614503327
195 0.013199949382716052
196 0.009500116049382659
197 0.014229146162479455
198 0.013169044444444406
199 0.01906426666666668
200 0.011380881481481529
201 0.015075820987654214
202 0.015979076543209944
203 0.010702422269088917
204 0.012160362962962941
205 0.014022449382716082
206 0.02789733333333342
207 0.0288466888888889
208 0.018230075308641968
