# k values and corresponding S(k) [pure estimator]
0.0 4.64515838401162
0.10471975511965977 1.1917840289112904
0.20943951023931953 1.0329832330738122
0.3141592653589793 1.0187002670103342
0.41887902047863906 1.0062144737747898
0.5235987755982988 0.9869551932221345
0.6283185307179586 0.9954528598969051
0.7330382858376183 0.9943948981786959
0.8377580409572781 0.9791195692911187
0.9424777960769379 0.9908041145771949
1.0471975511965976 0.9881212333722722
1.1519173063162573 0.9808986470844936
1.2566370614359172 0.9715231841221524
1.361356816555577 0.9832064327593103
1.4660765716752366 0.9818723674339378
1.5707963267948966 1.00971396994118
1.6755160819145563 0.9890937563962677
1.780235837034216 1.016261925666373
1.8849555921538759 0.9789109958036241
1.9896753472735356 0.9973563822223477
2.0943951023931953 0.9825821023036879
2.199114857512855 0.9901194893784495
2.3038346126325147 0.9940760743858463
2.4085543677521746 0.9856885249862208
2.5132741228718345 0.9974521342518556
2.617993877991494 0.9784322730917057
2.722713633111154 0.9721827190472278
2.827433388230814 0.9874129205415458
2.9321531433504733 0.9994926748781556
3.036872898470133 0.9828183435280173
3.141592653589793 0.9768692701086932
3.2463124087094526 0.9927545905993294
3.3510321638291125 0.984277148441262
3.4557519189487724 0.9753996739218737
3.560471674068432 0.9785569703754577
3.665191429188092 0.9826332064885932
3.7699111843077517 0.9774610174057401
3.874630939427411 0.981840391003079
3.979350694547071 0.9805590784072359
4.084070449666731 0.9847448436237081
4.1887902047863905 0.9749982236430377
4.29350995990605 0.9813155395845162
4.39822971502571 0.9891574663591378
4.50294947014537 0.9879465026104641
4.607669225265029 0.9854298279782854
4.71238898038469 0.9734947403193428
4.817108735504349 0.993035285979216
4.921828490624009 0.9961695720127354
5.026548245743669 0.9724983276682028
5.1312680008633285 0.990274415938231
5.235987755982988 0.9904741568617317
5.340707511102648 0.9843753762092888
5.445427266222308 0.9905431643532985
5.550147021341967 0.9908125817267402
5.654866776461628 0.9885521086729498
5.759586531581287 0.9698624672103541
5.864306286700947 0.9824446958145093
5.969026041820607 0.9924603546548713
6.073745796940266 0.9711417684866605
6.178465552059926 0.9955443707075802
6.283185307179586 1.0006424632074014
6.387905062299246 0.9829318506922
6.492624817418905 0.9859061389129239
6.5973445725385655 0.9693159806632076
6.702064327658225 0.992645216661878
6.8067840827778845 0.9717392790800734
6.911503837897545 0.9878411053882139
7.016223593017204 0.9869568208363984
7.120943348136864 0.9860915889050731
7.225663103256524 1.0000936234338462
7.330382858376184 0.996772570003073
7.435102613495843 0.9754843777976008
7.5398223686155035 0.9759318248443892
7.644542123735163 0.9927359439430279
7.749261878854822 0.9939107969359485
