# k  S_n(k)
0.0 50.0
0.12566370614359174 0.5236614142342093
0.25132741228718347 1.4325975880667614
0.3769911184307752 1.5921509699267327
0.5026548245743669 0.677419672217224
0.6283185307179586 0.4261287962272096
0.7539822368615504 0.4430987083603456
0.8796459430051422 1.2448070559300901
1.0053096491487339 0.7238558509452178
1.1309733552923256 0.46958384128898106
1.2566370614359172 0.58180223605087
1.3823007675795091 1.1444927172995734
1.5079644737231008 0.7491982652781035
1.6336281798666925 0.8889392531461036
1.7592918860102844 0.6299509853730654
1.884955592153876 0.9842000089820402
2.0106192982974678 0.8909462554689282
2.1362830044410597 0.7324564509453743
2.261946710584651 1.2206992486154542
2.387610416728243 0.7795191640218805
2.5132741228718345 1.1084481766016554
2.6389378290154264 0.927567455792458
2.7646015351590183 1.2287107230667
2.8902652413026098 1.132725363733309
3.0159289474462017 1.1123785969254683
3.1415926535897936 1.3786193680702301
3.267256359733385 0.8545020843678369
3.392920065876977 1.0852562496758114
3.518583772020569 0.8244615388988618
3.6442474781641603 1.1483651927757623
3.769911184307752 1.0191168052157928
3.8955748904513436 1.1485608496253228
4.0212385965949355 1.0493225494426266
4.1469023027385274 0.941029716020636
4.272566008882119 0.9887715843266208
4.39822971502571 0.9219962608923007
4.523893421169302 1.0474131221340246
4.649557127312894 1.0248666443880425
4.775220833456486 1.0014988814719719
4.900884539600078 0.9406945183392142
5.026548245743669 0.9726875356626011
5.152211951887261 0.9301794152151207
5.277875658030853 0.9752460854943604
5.403539364174445 0.9873268550621596
5.529203070318037 1.1313143214638877
5.6548667764616285 0.8432077632427876
5.7805304826052195 1.0508879863892615
5.906194188748811 0.8307442734967162
6.031857894892403 0.9426309934274842
6.157521601035995 1.0956937464944247
6.283185307179587 0.9794261255525109
6.408849013323178 1.1082830274785516
6.53451271946677 1.005213218730388
6.660176425610362 0.9167775598005362
6.785840131753954 0.9519878518472946
6.911503837897546 0.9276287230617787
7.037167544041138 0.9975538335737272
7.162831250184729 1.0517954270908687
7.288494956328321 0.9097230536470826
7.4141586624719125 1.0614957442350181
7.539822368615504 0.9469417663378277
7.665486074759096 0.9557375087131381
7.791149780902687 1.0186647257785475
7.916813487046279 0.9253770444846406
8.042477193189871 0.9169682678781206
8.168140899333462 1.0826053106529285
8.293804605477055 0.9529159968369859
8.419468311620646 0.9525949362207218
8.545132017764239 0.97171472589401
8.67079572390783 0.9536804879701246
8.79645943005142 0.9294211980755109
8.922123136195014 1.1046154098298728
9.047786842338605 0.9918660736073917
9.173450548482197 0.967377088316596
9.299114254625788 1.0706922761053448
9.42477796076938 1.0259893538597036
9.550441666912972 0.9735171052865974
9.676105373056563 1.0309725762122153
9.801769079200156 1.1463498345148053
9.927432785343747 1.0750152140955505
10.053096491487338 0.9309265329160782
10.17876019763093 1.0431416089678398
10.304423903774522 0.9584728662852526
10.430087609918115 0.9967246191986673
10.555751316061706 1.0532707163582606
10.681415022205298 0.926371355669824
10.80707872834889 0.9828816722906502
10.93274243449248 0.9928392566731056
11.058406140636073 0.9552546454601977
11.184069846779664 1.0167499187236764
11.309733552923257 1.1358647992331323
11.435397259066848 0.9643892638271806
11.561060965210439 1.0269561793622837
11.686724671354032 0.9814507532972031
11.812388377497623 1.027078240507641
11.938052083641216 0.9397507775815417
12.063715789784807 1.0589407415506031
12.189379495928398 1.0081095724858955
12.31504320207199 1.0323031334318482
12.440706908215581 0.9091291956143538
