# r  Cs(r) [pure estimator]
0.2 8.648831441780863e-5
0.6000000000000001 8.22991027508981e-5
1.0 8.403118105666114e-5
1.4000000000000001 8.711732938755601e-5
1.8 8.438655875505586e-5
2.2 7.576948382643768e-5
2.6 8.308378979418283e-5
3.0 7.444973041121973e-5
3.4000000000000004 7.140335904591685e-5
3.8000000000000003 7.479852520398745e-5
4.2 7.074213290283949e-5
4.6000000000000005 7.541068396704694e-5
5.0 8.030340788025407e-5
5.4 7.558511332915799e-5
5.800000000000001 7.136279998819255e-5
6.2 6.377887416280598e-5
6.6000000000000005 7.731548453343456e-5
7.0 8.069725529481146e-5
7.4 7.123819639771433e-5
7.800000000000001 6.337919306196628e-5
8.200000000000001 7.305378162821877e-5
8.6 6.740135111096031e-5
9.0 7.849540447409137e-5
9.4 6.091748791337652e-5
9.8 7.692118809307159e-5
10.200000000000001 6.118408053683869e-5
10.600000000000001 5.820267387192313e-5
11.0 6.699880203819134e-5
11.4 6.443941884766994e-5
11.8 7.423028114165259e-5
12.200000000000001 6.792801293707993e-5
12.600000000000001 5.782457497957094e-5
13.0 5.539062716714858e-5
13.4 6.46296418055874e-5
13.8 5.633355182280049e-5
14.200000000000001 6.73891810052089e-5
14.600000000000001 5.1748205263286335e-5
15.0 6.036718098880848e-5
15.4 5.0276709394875536e-5
15.8 6.013058993558342e-5
16.2 5.429130073842578e-5
16.6 6.840412165685674e-5
17.0 6.192573894206844e-5
17.400000000000002 5.275212110884518e-5
17.8 4.858169457957851e-5
18.2 4.81496121564431e-5
18.6 5.7146936436689406e-5
19.0 4.937866422588872e-5
19.400000000000002 4.8660083040271286e-5
19.8 5.667538207730301e-5
20.200000000000003 4.702379505304523e-5
20.6 5.2851543868880046e-5
21.0 4.743570259530839e-5
21.400000000000002 5.087001003241849e-5
21.8 3.680248121817001e-5
22.200000000000003 5.743944661782754e-5
22.6 4.747824260819876e-5
23.0 4.45061664673591e-5
23.400000000000002 5.2755906717429985e-5
23.8 4.8217263544510524e-5
24.200000000000003 4.8454329288431585e-5
24.6 5.005377777496358e-5
25.0 5.5804240659246156e-5
25.400000000000002 4.0550110226709185e-5
25.8 4.208813735412565e-5
26.200000000000003 4.8855988455630354e-5
26.6 5.448203618036551e-5
27.0 4.311253879912238e-5
27.400000000000002 4.852133544382249e-5
27.8 4.570680058727507e-5
28.200000000000003 4.537875231461155e-5
28.6 4.885381379313378e-5
29.0 4.8495614147511616e-5
29.400000000000002 4.277102260451631e-5
29.8 4.5315366916351756e-5
30.200000000000003 3.8728893168098854e-5
30.6 5.359910979802117e-5
31.0 4.458438872247993e-5
31.400000000000002 4.979427597720089e-5
31.8 3.5301432039320247e-5
32.2 4.585521898313492e-5
32.6 4.2738876578345334e-5
33.0 3.3187123217185125e-5
33.4 5.469068603796171e-5
33.800000000000004 4.486711676592601e-5
34.2 4.526869247204864e-5
34.6 4.5836642441515296e-5
35.0 3.7441309182989415e-5
35.4 4.521459849726607e-5
35.800000000000004 4.66015814994029e-5
36.2 4.359038580762123e-5
36.6 4.881689312528019e-5
37.0 4.021368522953065e-5
37.4 4.5751152825115345e-5
37.800000000000004 4.0584478079442214e-5
38.2 4.782697839286696e-5
38.6 4.2098767088601944e-5
39.0 5.135307924945782e-5
39.400000000000006 4.6941272114693175e-5
39.800000000000004 4.250813887334958e-5
