# r  Cs(r) [pure estimator]
0.05 9.490036740375435e-5
0.15000000000000002 9.312692047002032e-5
0.25 9.067655636300258e-5
0.35000000000000003 9.451676603693267e-5
0.45 8.274023602255303e-5
0.55 9.192031020217647e-5
0.65 8.781031162385565e-5
0.75 8.50390215739709e-5
0.8500000000000001 0.00010102430638384996
0.9500000000000001 8.840780581831261e-5
1.05 8.656038936549056e-5
1.1500000000000001 8.346478190144008e-5
1.25 8.791827654574248e-5
1.35 8.620671019577087e-5
1.4500000000000002 9.01403055793934e-5
1.55 9.394707125700141e-5
1.6500000000000001 8.238286628436626e-5
1.75 9.006275132759013e-5
1.85 8.374897188903825e-5
1.9500000000000002 9.405111014632336e-5
2.0500000000000003 9.172519721934515e-5
2.15 9.679036326264044e-5
2.25 9.25338173154451e-5
2.35 9.402246949692059e-5
2.45 9.273498876650866e-5
2.5500000000000003 8.745878154842594e-5
2.6500000000000004 8.696653993936395e-5
2.75 8.915492465392807e-5
2.85 8.455839487297689e-5
2.95 8.229176368142058e-5
3.0500000000000003 9.092679813057246e-5
3.1500000000000004 8.621289870730926e-5
3.25 9.394063493100343e-5
3.35 8.56232002145146e-5
3.45 8.94800891677792e-5
3.5500000000000003 9.175598254039745e-5
3.6500000000000004 8.732635657713094e-5
3.75 9.418469941434232e-5
3.85 8.812142371891672e-5
3.95 8.762819978025214e-5
4.05 8.464644138828316e-5
4.15 8.582166786684207e-5
4.25 8.815593806363756e-5
4.3500000000000005 8.566460462817322e-5
4.45 8.451708970465742e-5
4.55 8.16167314623733e-5
4.65 8.911463027296128e-5
4.75 8.650664280582676e-5
4.8500000000000005 8.05822783444071e-5
4.95 9.272392814148325e-5
5.050000000000001 8.32768416873752e-5
5.15 8.46199757256555e-5
5.25 8.50283989141249e-5
5.3500000000000005 9.550860662920498e-5
5.45 9.502131284863647e-5
5.550000000000001 9.066975444167083e-5
5.65 8.940224698929094e-5
5.75 8.46443272020289e-5
5.8500000000000005 9.333884058715505e-5
5.95 8.879555802489279e-5
6.050000000000001 8.790058234702573e-5
6.15 8.090213061407383e-5
6.25 8.850681679868562e-5
6.3500000000000005 8.556027722647458e-5
6.45 8.604697144948044e-5
6.550000000000001 8.078341452728898e-5
6.65 9.305092609090009e-5
6.75 9.271276157007933e-5
6.8500000000000005 8.788259520811261e-5
6.95 8.571520952640599e-5
7.050000000000001 8.761889391069656e-5
7.15 8.671471986324049e-5
7.25 8.37197811454573e-5
7.3500000000000005 8.80289887622779e-5
7.45 8.470680594460733e-5
7.550000000000001 8.623195830798748e-5
7.65 8.461348095084875e-5
7.75 8.917763846117705e-5
7.8500000000000005 8.447298235726654e-5
7.95 7.960421716125273e-5
8.05 9.062647153314324e-5
8.15 8.216237442984979e-5
8.25 7.999232292258242e-5
8.35 8.238723815138638e-5
8.450000000000001 7.884283856934896e-5
8.55 7.887774759691127e-5
8.65 8.921626959004393e-5
8.75 8.425204715721164e-5
8.85 9.260277549977859e-5
8.950000000000001 8.816403473675143e-5
9.05 9.153103964140549e-5
9.15 9.156160877770683e-5
9.25 8.379899944622024e-5
9.35 8.657046216383134e-5
9.450000000000001 8.420725543151336e-5
9.55 8.515710891560337e-5
9.65 8.673129166952532e-5
9.75 8.085862829150306e-5
9.850000000000001 9.092674449661998e-5
9.950000000000001 8.537110264331737e-5
