# k values and corresponding S(k) [pure estimator]
0.0 1.468443373086548
0.07853981633974483 1.1795562952588243
0.15707963267948966 1.1000747091237435
0.23561944901923448 1.0355356682236643
0.3141592653589793 0.9896148524696302
0.39269908169872414 0.9738091210575397
0.47123889803846897 0.9103471746380599
0.5497787143782138 0.9574661153373375
0.6283185307179586 1.0107407958154757
0.7068583470577035 0.9984231063052773
0.7853981633974483 0.9781731148574606
0.8639379797371931 0.9641422103862044
0.9424777960769379 0.9738159596198214
1.0210176124166828 0.9862419204641079
1.0995574287564276 0.9626819997652476
1.1780972450961724 0.9357843828360389
1.2566370614359172 0.9521514826361495
1.335176877775662 0.991635307612532
1.413716694115407 0.9939679678643757
1.4922565104551517 0.9690907729034035
1.5707963267948966 0.9592539465966056
1.6493361431346414 0.9401103142186259
1.7278759594743862 0.9734794699730268
1.806415775814131 0.9350459873685972
1.8849555921538759 0.967178049400214
1.9634954084936207 0.9673919757184968
2.0420352248333655 1.0129634330340873
2.1205750411731104 0.9668797702274029
2.199114857512855 0.9522259180696553
2.2776546738526 0.9856587259599132
2.356194490192345 0.9252792450101084
2.4347343065320897 0.9840313971950605
2.5132741228718345 0.9936946801606913
2.5918139392115793 0.9536434515155399
2.670353755551324 0.9862656092606094
2.748893571891069 0.9237595391347769
2.827433388230814 1.004228692223621
2.9059732045705586 0.9327109994448441
2.9845130209103035 0.9838260369779422
3.0630528372500483 0.9524570637048847
3.141592653589793 0.9735446656240039
3.220132469929538 0.9351014346678826
3.2986722862692828 0.9425932247459299
3.3772121026090276 1.0178484018442104
3.4557519189487724 0.9822179106914631
3.5342917352885173 0.968238208171144
3.612831551628262 0.9613988479663192
3.691371367968007 1.0203440934797685
3.7699111843077517 0.9970688842384443
3.8484510006474966 0.9596682311996725
3.9269908169872414 0.9335518202987295
4.005530633326986 0.9758273410883136
4.084070449666731 0.9461574491419106
4.162610266006476 1.0206275374371583
4.241150082346221 0.967656779111352
4.319689898685965 1.006427732525828
4.39822971502571 0.9819654821262847
4.476769531365456 1.0120557156778442
4.5553093477052 0.9547323820558806
4.633849164044944 0.9617460915859332
4.71238898038469 0.9170146052877206
4.790928796724435 0.9612769093950801
4.869468613064179 0.967869166064408
4.948008429403924 0.928505362974037
5.026548245743669 0.9708401857656291
5.105088062083414 0.9737215425937457
5.183627878423159 0.9989482914523534
5.262167694762903 0.9513409296024614
5.340707511102648 0.9914202315018514
5.419247327442394 0.9864602794005537
5.497787143782138 0.9579595320004741
5.576326960121882 1.0188378648996683
5.654866776461628 0.9994237342577712
5.733406592801373 1.0025436735450717
5.811946409141117 0.9713820100752671
