# block  <P>
1 0.0
2 0.013933333333333285
3 -0.0257333333333333
4 -0.024599999999999952
5 -0.05413333333333324
6 0.0038666666666666645
7 0.00019999999999998591
8 0.0025999999999999925
9 -0.005466666666666653
10 0.042442442442442614
11 0.03196529863196529
12 -0.029666666666666595
13 0.00526666666666672
14 -0.01766666666666659
15 -0.01174507841174507
16 0.0019333333333333607
17 -0.013333333333333414
18 -0.02453333333333326
19 0.004000000000000006
20 0.002933333333333298
21 -0.023333333333333317
22 -0.03246666666666672
23 -0.0014000000000000097
24 0.012066666666666727
25 -0.028066666666666643
26 0.014533333333333303
27 0.007333333333333323
28 -0.050466666666666694
29 0.0088
30 0.03380000000000006
31 0.03206666666666663
32 0.003399999999999966
33 0.006999999999999997
34 -0.0035333333333333983
35 0.023666666666666624
36 0.011266666666666581
37 -0.017466666666666648
38 0.009333333333333374
39 0.004066666666666624
40 0.009933333333333344
41 -0.005533333333333329
42 0.017133333333333313
43 0.0057333333333333325
44 0.005666666666666654
45 -0.00806666666666668
46 0.030266666666666754
47 0.029933333333333298
48 -0.00359999999999998
49 -0.01733333333333328
50 -0.024866666666666766
51 -0.010066666666666656
52 0.005599999999999989
53 0.0004666666666666809
54 -0.004733333333333316
55 -0.0017333333333333233
56 0.010600000000000023
57 -0.014851814851814811
58 0.031097764431097748
59 -0.004799999999999976
60 0.009133333333333311
61 0.04880000000000006
62 -0.011333333333333336
63 0.0014666666666666593
64 -0.040666666666666504
65 -0.020533333333333324
66 0.03113333333333335
67 0.00040000000000002474
68 -0.012412412412412394
69 -0.003870537203870536
70 0.0009333333333333273
71 0.0165333333333333
72 0.011800000000000015
73 0.008866666666666672
74 -0.003266666666666658
75 -0.034199999999999994
76 -0.046866666666666695
77 -0.04013333333333333
78 -0.07153333333333331
79 0.001333333333333334
80 0.01153333333333335
81 0.006419257773319989
82 -0.007933333333333363
83 -0.021645021645021627
84 -0.05433333333333344
85 -0.004000000000000027
86 -0.024733333333333277
87 -0.05546666666666701
88 -0.017333333333333284
89 0.0018666666666666768
90 -0.01400000000000004
91 -0.013266666666666638
92 -0.03286666666666658
93 -0.010466666666666683
94 -0.002866666666666671
95 0.0011333333333333473
96 0.0018666666666666762
97 -0.0025358692025358575
98 -0.003600000000000006
99 -0.016066666666666753
100 -0.014133333333333362
101 -0.0036666666666666553
102 -0.006733333333333343
103 -0.011599999999999963
104 0.002066666666666662
105 0.008866666666666662
106 -0.006466666666666692
107 -0.01826666666666665
108 -0.03553333333333335
109 -0.0003996003996004212
110 0.002400000000000015
111 -0.0005999999999999998
112 -0.008350033400133614
113 -0.008333333333333314
114 0.006866666666666603
115 0.02903762903762909
116 0.013600000000000006
117 0.05860000000000008
118 0.014066666666666724
119 0.01493333333333334
120 -0.05186666666666664
121 -0.033933333333333246
122 -0.019666666666666655
123 -0.008933333333333335
124 -0.008325008325008288
125 -0.017599999999999973
126 -0.003666666666666669
127 0.02959999999999991
128 -0.0059333333333333235
129 -0.00019999999999999467
130 0.03086666666666667
131 0.021533333333333314
132 0.017799999999999972
133 0.019333333333333348
134 0.04933333333333321
135 -0.003866666666666668
136 -0.04059999999999983
137 -0.052533333333333175
138 -0.06186666666666684
139 -0.014199999999999975
140 0.049066666666666606
141 0.04560000000000001
142 0.02553333333333331
143 0.006733333333333337
144 0.033400000000000034
145 0.015133333333333325
146 0.02713333333333333
147 0.027266666666666595
148 0.01713333333333331
149 -0.00433767100433768
150 -0.04126666666666674
151 -0.05066666666666669
152 -0.046199999999999956
153 -0.06133333333333357
154 0.024775224775224754
155 0.005466666666666625
156 -0.049666666666666755
157 0.054066666666666645
158 0.045399999999999996
159 0.007000000000000026
160 -0.007474140807474149
161 -0.0022
162 -0.024175824175824152
163 0.006133333333333313
164 0.004399999999999998
165 0.04866666666666673
166 -0.0018666666666666374
167 -0.04373333333333334
168 -0.014999999999999993
169 -0.021200000000000004
170 -0.021733333333333292
171 -0.02199999999999994
172 -0.004400000000000019
173 -0.001533333333333327
174 0.026600000000000016
175 0.008600000000000012
176 0.004733333333333355
177 -0.00960000000000004
178 -0.018599999999999985
179 0.016416416416416432
180 0.03760000000000001
181 0.041399999999999895
182 -0.004141616566466248
183 -0.021623419827012613
184 -0.03619999999999994
185 -0.008933333333333321
186 0.03953333333333355
187 -0.018066666666666634
188 0.030897564230897456
189 0.015533333333333265
190 0.005400000000000004
191 -0.024866666666666648
192 0.004199999999999965
193 -0.03476810143476807
194 0.02746666666666677
195 0.012600000000000259
196 -0.005399999999999999
197 0.00019999999999999884
198 0.005933333333333353
199 0.004799999999999956
200 -0.006333333333333315
201 -0.02019999999999999
202 0.017399999999999992
203 0.009542876209542878
204 0.02159999999999996
205 -0.0021999999999999915
206 0.004938271604938238
207 -0.02943722943722943
208 0.035933333333333324
