# r  Cs(r) [pure estimator]
0.075 0.0003528510766330281
0.22499999999999998 0.0003166566519998829
0.375 0.0003408784952892284
0.525 0.00033260142288720607
0.6749999999999999 0.00035083481617291924
0.825 0.0003228872618700535
0.975 0.000343558744922911
1.125 0.0003390395332288791
1.275 0.00033149955938607795
1.425 0.00033712975936873193
1.575 0.00032631676678284967
1.7249999999999999 0.0003460528502138225
1.875 0.0003337706720142587
2.025 0.0003430649346193289
2.175 0.0003302840345806749
2.3249999999999997 0.0003342463951336853
2.475 0.0003325455987110657
2.625 0.00032691461085837135
2.775 0.0003208793941164083
2.925 0.0003283238644338182
3.0749999999999997 0.00032846300903761433
3.225 0.0003161701737087025
3.375 0.0003001172985947527
3.525 0.0003228842187730922
3.675 0.0003366155932573879
3.8249999999999997 0.00032662156200833503
3.9749999999999996 0.0003238799247721747
4.125 0.0003158316866708645
4.2749999999999995 0.00032984466940225
4.425 0.00031960715494441306
4.575 0.0003288652826220515
4.725 0.00033845154992489715
4.875 0.00033106757873408447
5.0249999999999995 0.00034626162829358025
5.175 0.00032797590545483843
5.325 0.00032658320371273627
5.475 0.00032287697531613486
5.625 0.0003188869657713215
5.7749999999999995 0.00031690829806982985
5.925 0.0003321469365370245
6.075 0.00031210383552438063
6.225 0.00032224213956966353
6.375 0.00033356732133593106
6.5249999999999995 0.00030082943674538266
6.675 0.00034642389922177365
6.825 0.00032841506088050954
6.975 0.000320675773771847
7.125 0.0003245981617299712
7.2749999999999995 0.000327864030011321
7.425 0.00032509087462154006
7.574999999999999 0.00030890280603590345
7.725 0.00031435031806338474
7.875 0.0003219569054567963
8.025 0.00031457801679126633
8.174999999999999 0.000313054017389311
8.325 0.00032500714617829515
8.475 0.00032098425846106225
8.625 0.00033004086277876724
8.775 0.00030911712196455545
8.924999999999999 0.000328464004169996
9.075 0.00032894473212717064
9.225 0.00033936145962817026
9.375 0.00032883606722129845
9.525 0.00033783065735394825
9.674999999999999 0.0003271469731686255
9.825 0.0003263035771144233
9.975 0.00032396240631490865
10.125 0.00031884291509848387
10.275 0.0003213771306674992
10.424999999999999 0.000325246111228874
10.575 0.0003348036985212371
10.725 0.00030290426401614494
10.875 0.0003194813056084474
11.025 0.00031716990669193227
11.174999999999999 0.00031564814655127716
11.325 0.0003205080795564221
11.475 0.0003212857149217548
11.625 0.0003302974196419045
11.775 0.0003125739889029996
11.924999999999999 0.0003061993629402993
12.075 0.00031811676711173895
12.225 0.0003165395205182598
12.375 0.00031447509517496084
12.525 0.00031734420679904295
12.674999999999999 0.00031732403226012725
12.825 0.000323960549123396
12.975 0.00031868377438573435
13.125 0.00033372182227332575
13.275 0.00032338786722250313
13.424999999999999 0.0003260915976006304
13.575 0.00029344825774057695
13.725 0.0003263740754391269
13.875 0.0003232152682217356
14.025 0.00031603376744859953
14.174999999999999 0.0003076370667921499
14.325 0.0003221896532405927
14.475 0.0003248627460389613
14.625 0.0003199597566231995
14.774999999999999 0.0002894380032451909
14.924999999999999 0.000309021443423928
