# k values and corresponding S(k) [pure estimator]
0.0 11.439994501719996
0.3141592653589793 0.9212099490976158
0.6283185307179586 0.9554844878017438
0.9424777960769379 0.9812859446468348
1.2566370614359172 1.0286566986044179
1.5707963267948966 0.999445101359118
1.8849555921538759 1.0089730541663429
2.199114857512855 0.9976551291065701
2.5132741228718345 0.9922789837520272
2.827433388230814 1.0060844063113523
3.141592653589793 0.9688838443092416
3.4557519189487724 0.959434330240774
3.7699111843077517 0.9865827924495748
4.084070449666731 0.9852442838070097
4.39822971502571 1.0089302152903517
4.71238898038469 0.9534499997002719
5.026548245743669 0.9934634991578994
5.340707511102648 1.0205857230895705
5.654866776461628 1.0207956042929474
5.969026041820607 1.0100807619437095
6.283185307179586 0.9879857535214643
6.5973445725385655 0.9958025978626628
6.911503837897545 0.9817786090642836
7.225663103256524 1.0281152441689658
7.5398223686155035 1.0123453876249777
7.853981633974483 0.9682689480597496
8.168140899333462 0.9983859198372902
8.482300164692441 1.0077755202159038
8.79645943005142 0.9667611966666442
9.1106186954104 0.9762109406353723
9.42477796076938 0.9941211544218896
9.738937226128359 0.9710189175228788
10.053096491487338 1.030387850945708
10.367255756846317 0.9935481811355633
10.681415022205297 1.0100966143625025
10.995574287564276 0.9956918106259743
11.309733552923255 0.9861462274867625
11.623892818282235 0.9872200720677494
11.938052083641214 1.0126712181406687
12.252211349000193 0.9951947738042212
12.566370614359172 0.9862849524492984
12.880529879718152 0.9918871227134083
13.194689145077131 0.9767268908129709
13.50884841043611 0.9741324273477783
13.82300767579509 0.9909584491847148
14.137166941154069 1.0018422172588481
14.451326206513048 0.976758809074996
14.765485471872028 1.00520265043482
15.079644737231007 1.0161384854252429
15.393804002589986 1.0108433229472014
15.707963267948966 0.9972843163710736
16.022122533307943 1.0020013623691222
16.336281798666924 0.9749194169513166
16.650441064025905 0.9923430521803237
16.964600329384883 0.9771163701581382
17.27875959474386 0.9856802899741229
17.59291886010284 0.978744564433162
17.907078125461823 0.9935273370002105
18.2212373908208 0.9831558767990767
18.535396656179778 1.0142630800753938
18.84955592153876 0.9443496092240768
19.16371518689774 1.0027099516875713
19.477874452256717 1.010713655029545
19.792033717615695 1.0243793385792492
20.106192982974676 1.0131671348645515
20.420352248333657 0.9858487088492338
20.734511513692635 0.9735307192251764
21.048670779051612 0.976045868052009
21.362830044410593 0.984719679205675
21.676989309769574 0.9800561350542017
21.991148575128552 0.9715435010567646
22.30530784048753 1.0121365928573902
22.61946710584651 1.0087738240167015
22.93362637120549 0.9812427497713243
23.24778563656447 0.9782685363734468
