# k  S_n(k)
0.0 30.0
0.20943951023931953 0.3658221950973083
0.41887902047863906 0.4291115003478637
0.6283185307179586 1.7899053595780772
0.8377580409572781 1.1993286765961404
1.0471975511965976 0.8668665731669934
1.2566370614359172 1.2551511523274828
1.4660765716752366 1.1108136519053788
1.6755160819145563 0.9337708408892708
1.8849555921538759 0.9004272178978113
2.0943951023931953 0.873726699444669
2.3038346126325147 0.9246469357798993
2.5132741228718345 1.0887463832553421
2.722713633111154 0.8856642806095792
2.9321531433504733 0.8295672999466085
3.141592653589793 0.980702732407643
3.3510321638291125 1.033976816411698
3.560471674068432 1.2885335231161448
3.7699111843077517 1.0517893508287364
3.979350694547071 0.9224037221543103
4.1887902047863905 0.8997590657021776
4.39822971502571 1.0718412481625852
4.607669225265029 1.03747181666515
4.817108735504349 0.937786591030745
5.026548245743669 1.1153262932564385
5.235987755982988 1.1385307194134038
5.445427266222308 1.0127429041243061
5.654866776461628 1.0045833623795655
5.864306286700947 0.9962433939749701
6.073745796940266 0.9327926389680482
6.283185307179586 0.9467221747504894
6.492624817418905 1.0006494345545638
6.702064327658225 0.9615131651652772
6.911503837897545 1.0043198788686416
7.120943348136864 1.067494420394397
7.330382858376184 1.0348197171311226
7.5398223686155035 1.0277336260070173
7.749261878854822 1.0212738345439316
7.958701389094142 1.068092634652618
8.168140899333462 0.939867672278739
8.377580409572781 1.0304008939376148
8.5870199198121 1.021410862460948
8.79645943005142 1.056772069778641
9.00589894029074 0.9606473046624268
9.215338450530059 0.9124871873073501
9.42477796076938 1.0238776992118095
9.634217471008698 1.0993272272282533
9.843656981248017 1.0405941302350465
10.053096491487338 1.0033452770903177
10.262536001726657 1.000354816440067
10.471975511965976 0.9723711239172188
10.681415022205297 1.0079359588430328
10.890854532444616 1.012872397245762
11.100294042683934 1.0438737743447228
11.309733552923255 1.044101259898606
11.519173063162574 1.014985318235871
11.728612573401893 0.9540107429807442
11.938052083641214 0.940451778205412
12.147491593880533 1.0536651465469316
12.356931104119852 1.0015619170834427
12.566370614359172 0.9511570757018117
12.775810124598491 0.9613214063753871
12.98524963483781 0.9351298075860911
13.194689145077131 0.983599666676405
13.40412865531645 1.0202200732519864
13.613568165555769 1.0589863116875873
13.82300767579509 0.9619070944532688
14.032447186034409 0.9847547884857392
14.241886696273728 0.9839096483677288
14.451326206513048 0.988430964499583
14.660765716752367 0.9800482327263079
14.870205226991686 0.9935321730671041
15.079644737231007 1.0182540795303654
15.289084247470326 1.0084398711969271
15.498523757709645 0.9625557027594366
15.707963267948966 0.9673036753419795
15.917402778188285 1.0058314521732903
16.126842288427603 1.0315306891481415
16.336281798666924 1.0225308651948266
16.54572130890624 0.9799830508352675
16.755160819145562 1.0209541080716087
16.964600329384883 0.9724409425270442
17.1740398396242 1.021165045334907
17.38347934986352 0.9981361055867103
17.59291886010284 1.081223506519965
17.80235837034216 1.0511274235052057
18.01179788058148 0.9940046334376829
18.2212373908208 0.9878804701454517
18.430676901060117 1.017074353512431
18.640116411299438 1.000731997327877
18.84955592153876 1.0415020848810916
19.058995431778076 0.9816162061547258
19.268434942017397 1.0361224618601041
19.477874452256717 1.0205379494489688
19.687313962496034 0.959405891080207
19.896753472735355 0.9885965170201874
20.106192982974676 0.9682382113460143
20.315632493213993 1.032088097464717
20.525072003453314 0.9751155667449053
20.734511513692635 1.0267210323187594
