block_size         error    difference      rel_diff
-------------------------------------------------------
       2  4.277898e-07  1.771711e-07  4.141546e-01
       4  6.049609e-07  2.505226e-07  4.141137e-01
       8  8.554835e-07  3.541931e-07  4.140268e-01
      16  1.209677e-06  5.006366e-07  4.138599e-01
      32  1.710313e-06  7.072952e-07  4.135472e-01
      64  2.417608e-06  9.983264e-07  4.129397e-01
     128  3.415935e-06  1.407092e-06  4.119201e-01
     256  4.823027e-06  1.977669e-06  4.100472e-01
     512  6.800696e-06  2.766826e-06  4.068445e-01
    1024  9.567522e-06  3.851116e-06  4.025197e-01
    2048  1.341864e-05  5.310731e-06  3.957728e-01
    4096  1.872937e-05  7.369124e-06  3.934528e-01
    8192  2.609849e-05  1.007416e-05  3.860053e-01
   16384  3.617265e-05  1.375961e-05  3.803872e-01
   32768  4.993226e-05  1.418809e-05  2.841468e-01
   65536  6.412036e-05  2.858549e-06  4.458100e-02
  131072  6.697891e-05           ---           ---
