# k  S_n(k)
0.0 80.0
0.07853981633974483 0.6512366913780705
0.15707963267948966 0.610579758254602
0.23561944901923448 0.3387743813396706
0.3141592653589793 0.3536581138900739
0.39269908169872414 0.18418373119585948
0.47123889803846897 0.43829836308575854
0.5497787143782138 0.4342533613675205
0.6283185307179586 0.21106283201994167
0.7068583470577035 0.6481240081010963
0.7853981633974483 0.3062036373201617
0.8639379797371931 1.7956153074973134
0.9424777960769379 1.8498351301237668
1.0210176124166828 0.8238086252531135
1.0995574287564276 1.4605022868793796
1.1780972450961724 1.8013706042894064
1.2566370614359172 2.1001120011816377
1.335176877775662 0.6858549490064946
1.413716694115407 0.880661411608255
1.4922565104551517 1.8437602588079818
1.5707963267948966 0.5376647024750291
1.6493361431346414 0.8259378355681021
1.7278759594743862 1.0892301267291018
1.806415775814131 0.8099666291987702
1.8849555921538759 0.6252235458127295
1.9634954084936207 1.322622756086512
2.0420352248333655 0.6743091390992028
2.1205750411731104 0.7707321535701607
2.199114857512855 1.0878319833966195
2.2776546738526 0.5843457522173664
2.356194490192345 0.7785935367934862
2.4347343065320897 0.7962798752181373
2.5132741228718345 0.8745508801959242
2.5918139392115793 0.6304268982035293
2.670353755551324 1.166570238712046
2.748893571891069 0.7931246991666225
2.827433388230814 0.8905673301223467
2.9059732045705586 1.063562716492811
2.9845130209103035 1.0911478043894367
3.0630528372500483 1.0060042471322583
3.141592653589793 0.9662257488099812
3.220132469929538 0.6072844148312989
3.2986722862692828 1.5377531365608539
3.3772121026090276 0.8630313776515643
3.4557519189487724 0.9950672790063451
3.5342917352885173 0.8575776743619742
3.612831551628262 0.8400682084718851
3.691371367968007 0.8555108606410529
3.7699111843077517 1.0386779124887826
3.8484510006474966 1.0293493463365522
3.9269908169872414 1.2083262306061842
4.005530633326986 0.9722618454496041
4.084070449666731 0.8803604673690806
4.162610266006476 1.1581082175297108
4.241150082346221 1.0876482411061574
4.319689898685965 1.0624051393810419
4.39822971502571 0.8735523877995468
4.476769531365456 1.0563923748065749
4.5553093477052 1.019311920237858
4.633849164044944 0.8731436329826755
4.71238898038469 1.096487389854502
4.790928796724435 0.9392215481023131
4.869468613064179 1.0070728680971557
4.948008429403924 1.1534105895605402
5.026548245743669 0.991373964087462
5.105088062083414 0.9173268783827532
5.183627878423159 0.8402562615942215
5.262167694762903 1.0218708192679409
5.340707511102648 1.1217754509814442
5.419247327442394 0.8505291550489996
5.497787143782138 0.8453130431620206
5.576326960121882 0.9269881392320747
5.654866776461628 0.785713381454404
5.733406592801373 0.9840565815198113
5.811946409141117 1.126023050501825
5.890486225480862 0.9317016094909504
5.969026041820607 1.0752006153641491
6.047565858160352 1.0215596233963378
6.126105674500097 1.1038485195429726
6.204645490839841 1.2058739970679757
6.283185307179586 1.090834342526206
6.3617251235193315 0.853999200315279
6.440264939859076 0.9989739262163775
6.51880475619882 1.1729926046180896
6.5973445725385655 1.097617627619817
6.675884388878311 1.030097123423489
6.754424205218055 0.9312419615382242
6.8329640215578 0.9579267631632912
6.911503837897545 0.9926303213828539
6.99004365423729 0.9490654182191517
7.0685834705770345 1.2423338046555723
7.147123286916779 1.1148269118288605
7.225663103256524 0.8741767986777039
7.304202919596269 1.0231751629725705
7.382742735936014 0.9312838148902827
7.461282552275758 0.9295602899584263
7.5398223686155035 1.1358162940614973
7.618362184955249 0.9825047801234118
7.696902001294993 1.0312268116139915
7.7754418176347375 1.1839957673605188
