# r  Cs(r) [pure estimator]
0.05 0.0001844681803790495
0.15000000000000002 0.00019751474939013147
0.25 0.0001767327186374925
0.35000000000000003 0.00018951704079261443
0.45 0.00018507760801311538
0.55 0.00019874377522351573
0.65 0.00018080376873451826
0.75 0.0001858218132403261
0.8500000000000001 0.00018075646320181633
0.9500000000000001 0.00018750321021951543
1.05 0.00019173358491890512
1.1500000000000001 0.0001858812681044048
1.25 0.00018409093092786887
1.35 0.00018677523425730184
1.4500000000000002 0.00018662713690658468
1.55 0.0001894881180245049
1.6500000000000001 0.00019073582776839269
1.75 0.0001779156338490775
1.85 0.00018412631596314405
1.9500000000000002 0.0001870432605446375
2.0500000000000003 0.00019743909112224724
2.15 0.0001725126381854818
2.25 0.0001810979350181342
2.35 0.00017028063032473216
2.45 0.00018770076220421653
2.5500000000000003 0.00018403390700980245
2.6500000000000004 0.00019154323993823605
2.75 0.00017870062141661235
2.85 0.00019753403736529177
2.95 0.00018849501116627974
3.0500000000000003 0.00018654452057770325
3.1500000000000004 0.00016568609011342685
3.25 0.00017705130758707385
3.35 0.00018128340946947096
3.45 0.00016396926346736457
3.5500000000000003 0.00017279405811310774
3.6500000000000004 0.00019072302473192724
3.75 0.00016804971031004988
3.85 0.00017465614437958284
3.95 0.00017439704920101118
4.05 0.0001667180119112399
4.15 0.0001964581765038503
4.25 0.0001869256657728844
4.3500000000000005 0.00018378273309468493
4.45 0.00018491124558687539
4.55 0.00017611946848575735
4.65 0.00018008561203553797
4.75 0.0001722864832996904
4.8500000000000005 0.0001638201221767862
4.95 0.0001812727441688239
5.050000000000001 0.00018549271027759414
5.15 0.0001750104799523047
5.25 0.00017688574956735385
5.3500000000000005 0.00017384529728979242
5.45 0.00017477290545358924
5.550000000000001 0.0001713929059847067
5.65 0.0001854672945318109
5.75 0.00017601006818500375
5.8500000000000005 0.0001665770011525222
5.95 0.00018104746178674775
6.050000000000001 0.00017531253802950317
6.15 0.00017658060816380251
6.25 0.0001968349130423525
6.3500000000000005 0.0001805725869757246
6.45 0.00018326690750180929
6.550000000000001 0.00017202780490917894
6.65 0.00019249490704633336
6.75 0.00017980409723689452
6.8500000000000005 0.00017500632240543914
6.95 0.00018206786884445263
7.050000000000001 0.00019017041553223495
7.15 0.00018491753473603818
7.25 0.00017889881979084047
7.3500000000000005 0.0001714734190359452
7.45 0.00017173209438517816
7.550000000000001 0.00016696027048626692
7.65 0.00017659045036430386
7.75 0.00018139272763355863
7.8500000000000005 0.0001685692108447702
7.95 0.0001640632120810821
8.05 0.0001788279878938704
8.15 0.00018187346084415785
8.25 0.0001785903690595046
8.35 0.00016516982330381182
8.450000000000001 0.0001704774027293071
8.55 0.00017947147114294072
8.65 0.00017934046752054894
8.75 0.00018261270907479318
8.85 0.00016489814398001288
8.950000000000001 0.00018067406314338814
9.05 0.0001715558953999518
9.15 0.00017494004810129056
9.25 0.00017545292124478628
9.35 0.0001800561118688534
9.450000000000001 0.000172860092706425
9.55 0.00018542004156626464
9.65 0.00017388405489340595
9.75 0.00016997180468983033
9.850000000000001 0.0001792391849375178
9.950000000000001 0.0001814195023919305
