block_size         error    difference      rel_diff
-------------------------------------------------------
       2  1.448845e-07  5.999948e-08  4.141192e-01
       4  2.048840e-07  8.483376e-08  4.140574e-01
       8  2.897178e-07  1.199235e-07  4.139321e-01
      16  4.096413e-07  1.694664e-07  4.136946e-01
      32  5.791077e-07  2.393226e-07  4.132611e-01
      64  8.184303e-07  3.376219e-07  4.125237e-01
     128  1.156052e-06  4.754216e-07  4.112458e-01
     256  1.631474e-06  6.677108e-07  4.092685e-01
     512  2.299185e-06  9.346868e-07  4.065297e-01
    1024  3.233871e-06  1.300868e-06  4.022632e-01
    2048  4.534739e-06  1.775002e-06  3.914231e-01
    4096  6.309741e-06  2.353733e-06  3.730316e-01
    8192  8.663474e-06  2.830684e-06  3.267378e-01
   16384  1.149416e-05  3.029477e-06  2.635666e-01
   32768  1.452363e-05  3.184867e-06  2.192885e-01
   65536  1.770850e-05  6.254362e-07  3.531842e-02
  131072  1.833394e-05           ---           ---
