# k  S_s(k)
0.0 0.0
0.07853981633974483 1.0854547799575172
0.15707963267948966 0.26662416748617485
0.23561944901923448 0.73484334024242
0.3141592653589793 1.101819356935194
0.39269908169872414 0.2514398586769776
0.47123889803846897 0.825246592221113
0.5497787143782138 1.6269396940645147
0.6283185307179586 0.6098143994878974
0.7068583470577035 0.473245340719039
0.7853981633974483 2.3972950239496456
0.8639379797371931 0.4067717782609365
0.9424777960769379 0.2644531315714921
1.0210176124166828 0.2742288574864243
1.0995574287564276 0.6372655897257792
1.1780972450961724 1.2309001308969343
1.2566370614359172 0.671709500677272
1.335176877775662 0.6966591053081158
1.413716694115407 1.3168992069284036
1.4922565104551517 1.096783220185503
1.5707963267948966 1.414334404731191
1.6493361431346414 0.6530581494088649
1.7278759594743862 0.6588800998779822
1.806415775814131 1.706980573674401
1.8849555921538759 0.5740122981551906
1.9634954084936207 0.7280070309172129
2.0420352248333655 0.5819865296996758
2.1205750411731104 1.5451833395538723
2.199114857512855 0.9957676001340269
2.2776546738526 0.9038711788999143
2.356194490192345 0.657971718018812
2.4347343065320897 1.1014082126149656
2.5132741228718345 0.8957559697555939
2.5918139392115793 0.8706510310351953
2.670353755551324 0.931577923774018
2.748893571891069 1.3828504429541157
2.827433388230814 0.6709128512787688
2.9059732045705586 0.9835577619962182
2.9845130209103035 1.2296138403757004
3.0630528372500483 0.9626973084286834
3.141592653589793 0.8483988413724584
3.220132469929538 1.173325528295903
3.2986722862692828 0.7481955117524045
3.3772121026090276 1.272885938778496
3.4557519189487724 1.1062006474678847
3.5342917352885173 1.2214225688140905
3.612831551628262 0.8117360422282852
3.691371367968007 0.7501023914662798
3.7699111843077517 0.8163850787933564
3.8484510006474966 1.0432055155964484
3.9269908169872414 0.9822489211785495
4.005530633326986 1.1087604064454994
4.084070449666731 1.2750892490289452
4.162610266006476 0.9909288015477156
4.241150082346221 0.8176439722075033
4.319689898685965 0.842731825252899
4.39822971502571 0.9938076973161778
4.476769531365456 0.8625128139929806
4.5553093477052 0.9946810102052047
4.633849164044944 0.9811375489938213
4.71238898038469 1.0003711051778978
4.790928796724435 1.1260029568718835
4.869468613064179 1.1210706180960144
4.948008429403924 1.2301640543885186
5.026548245743669 0.9428410674274599
5.105088062083414 0.9102870932138748
5.183627878423159 0.9139722434772697
5.262167694762903 1.0388432689167184
5.340707511102648 1.056827155237518
5.419247327442394 1.0018415205462727
5.497787143782138 1.0006462182007916
5.576326960121882 1.1411348381386393
5.654866776461628 0.8411671527185689
5.733406592801373 0.8789280992224655
5.811946409141117 0.9066771778812494
5.890486225480862 1.0166245005792247
5.969026041820607 0.700607904045577
6.047565858160352 1.049170765526831
6.126105674500097 0.965969981125889
6.204645490839841 0.9007745560395829
6.283185307179586 1.0419754629600695
6.3617251235193315 1.0128438490518812
6.440264939859076 1.0195876057308872
6.51880475619882 1.259285206509609
6.5973445725385655 0.9929653748062388
6.675884388878311 0.8912928931315608
6.754424205218055 1.0067035172069663
6.8329640215578 0.908921528957262
6.911503837897545 0.9136745315189592
6.99004365423729 0.897433311762233
7.0685834705770345 0.9310337463181814
7.147123286916779 0.9620794416374305
7.225663103256524 0.938688548584625
7.304202919596269 0.8657739299828907
7.382742735936014 0.9396575197007183
7.461282552275758 1.0637462841299994
7.5398223686155035 1.084411200042148
7.618362184955249 1.105758953433307
7.696902001294993 0.9316175054826523
7.7754418176347375 1.0969100371816034
