# r  Cs(r) [pure estimator]
0.2 -1.2980997697587963e-6
0.6000000000000001 1.1393183518066587e-6
1.0 -1.5371091740005817e-7
1.4000000000000001 -5.702718935771839e-7
1.8 -8.898227441878868e-7
2.2 -1.299280715595072e-6
2.6 3.220173333915272e-7
3.0 -1.1205382363942732e-6
3.4000000000000004 -1.120070115190504e-6
3.8000000000000003 -7.026142517930098e-8
4.2 -1.7658224722600568e-6
4.6000000000000005 1.2493547343183812e-6
5.0 8.399051843209325e-7
5.4 1.8174344281871116e-7
5.800000000000001 -7.482653721350603e-7
6.2 -8.166179485505693e-7
6.6000000000000005 1.192220568273328e-7
7.0 -1.1740534683509246e-6
7.4 -1.1463302860654698e-6
7.800000000000001 5.779892389198812e-7
8.200000000000001 4.37942138246984e-7
8.6 8.593802678952921e-7
9.0 -3.682154429595506e-7
9.4 -1.2128318376487762e-6
9.8 -4.460494534162291e-7
10.200000000000001 -1.7680746775210809e-7
10.600000000000001 -1.5249064360500186e-6
11.0 -1.2428975102258544e-6
11.4 -1.7164133771591856e-6
11.8 -8.329519867254518e-7
12.200000000000001 -9.415302255675396e-7
12.600000000000001 -7.340584338588391e-7
13.0 9.649640955744687e-7
13.4 5.915306211660703e-7
13.8 -1.0482642433667458e-6
14.200000000000001 -2.173495806820257e-7
14.600000000000001 -3.3325955085310127e-7
15.0 -2.1201579260237036e-7
15.4 -5.761184531049253e-7
15.8 -9.903142760523193e-7
16.2 -2.3302973126437043e-6
16.6 4.0941072131545506e-8
17.0 1.1114980625101866e-6
17.400000000000002 -1.5963397435679779e-6
17.8 9.790468818367093e-7
18.2 -6.861946756927675e-7
18.6 -1.2228188790016796e-6
19.0 -1.5496806220773533e-6
19.400000000000002 -9.567065770044987e-7
19.8 1.0296822891413123e-6
20.200000000000003 -3.8064015691632494e-7
20.6 -6.109892411396405e-7
21.0 1.272741948540689e-6
21.400000000000002 8.269533565796824e-8
21.8 -2.113293707367552e-6
22.200000000000003 -1.9206041630494352e-7
22.6 -5.667149065945758e-7
23.0 -1.1813378733174166e-6
23.400000000000002 -2.1960896227385376e-6
23.8 5.647771502843682e-7
24.200000000000003 -1.1007465277065888e-6
24.6 6.759889930728447e-8
25.0 1.3185141631035538e-6
25.400000000000002 2.1923889182916711e-7
25.8 1.452167785458478e-7
26.200000000000003 -3.5351061028700794e-7
26.6 7.488855551397281e-7
27.0 -4.764713458183014e-7
27.400000000000002 -6.219994813881478e-7
27.8 -1.0552574085262471e-6
28.200000000000003 -6.982986552552013e-7
28.6 -8.685879853753804e-7
29.0 -1.2355139123360912e-6
29.400000000000002 -7.061979789480347e-7
29.8 -1.2183275968825984e-6
30.200000000000003 -1.3913814287428251e-6
30.6 4.906119234988296e-7
31.0 -4.854148673450921e-7
31.400000000000002 2.0882408051858784e-7
31.8 3.400331201338376e-7
32.2 -1.8855350629091393e-7
32.6 -1.3547228560835014e-6
33.0 8.00492639242995e-7
33.4 -4.5384290542635985e-7
33.800000000000004 -4.8168960421924e-7
34.2 2.95138100389282e-7
34.6 -5.114713171033493e-7
35.0 -1.701616707297965e-7
35.4 6.267492852317851e-7
35.800000000000004 -4.0307686776499076e-7
36.2 1.050556775279465e-6
36.6 2.7899592610832137e-7
37.0 1.9874730190000118e-7
37.4 -5.970953869224502e-7
37.800000000000004 -1.2872126036933983e-6
38.2 1.0647426190963633e-7
38.6 -3.447713951527358e-7
39.0 7.60931853916578e-7
39.400000000000006 -1.567338193455323e-6
39.800000000000004 7.301270154575613e-7
