0.1 0.927440170940171
0.30000000000000004 0.9207863247863248
0.5 0.9255769230769231
0.7000000000000001 0.9107264957264958
0.9 0.9074145299145299
1.1 0.8940811965811966
1.3 0.8719529914529914
1.5 0.9182435897435898
1.7000000000000002 0.9228760683760684
1.9000000000000001 0.8995854700854701
2.1 0.9333547008547008
2.3000000000000003 0.9300683760683761
2.5 0.8984786324786325
2.7 0.8857008547008547
2.9000000000000004 0.8898076923076923
3.1 0.9154401709401709
3.3000000000000003 0.8952136752136752
3.5 0.9247179487179488
3.7 0.9528589743589744
3.9000000000000004 0.9570897435897436
4.1000000000000005 0.9470982905982906
4.3 0.9286367521367521
4.5 0.912923076923077
4.7 0.957068376068376
4.9 0.9517692307692308
5.1000000000000005 0.938974358974359
5.300000000000001 0.9843547008547009
5.5 1.0411452991452992
5.7 1.0243418803418805
5.9 1.0072649572649572
6.1000000000000005 1.0107649572649573
6.300000000000001 1.0176752136752136
6.5 1.0287051282051283
6.7 1.0105897435897435
6.9 1.0262991452991452
7.1000000000000005 1.039863247863248
7.300000000000001 1.0525940170940171
7.5 1.056188034188034
7.7 1.0572777777777778
7.9 1.0576153846153846
8.1 1.066017094017094
8.3 1.0486709401709402
8.5 1.037051282051282
8.700000000000001 1.0277692307692308
8.9 1.041119658119658
9.1 1.07408547008547
9.3 1.0808803418803419
9.5 1.0597179487179487
9.700000000000001 0.988508547008547
9.9 1.0006068376068376
10.100000000000001 1.0107905982905983
10.3 1.0427905982905983
10.5 1.0742136752136753
10.700000000000001 1.046294871794872
10.9 1.0427435897435897
11.100000000000001 1.0508931623931623
11.3 1.0782820512820512
11.5 1.0736452991452992
11.700000000000001 1.0288034188034187
11.9 1.025136752136752
12.100000000000001 1.0205299145299145
12.3 1.0213717948717949
12.5 0.9805769230769231
12.700000000000001 0.9938931623931624
12.9 0.9620641025641026
13.100000000000001 0.9829871794871795
13.3 1.0397735042735043
13.5 1.0476581196581196
13.700000000000001 1.0618547008547008
13.9 1.041008547008547
14.100000000000001 1.0176837606837608
14.3 1.0016965811965812
14.5 1.0091581196581196
14.700000000000001 0.9452521367521367
14.9 1.0092350427350427
15.100000000000001 1.0501538461538462
15.3 1.0599700854700855
15.5 1.0507393162393162
15.700000000000001 1.055923076923077
15.9 1.0271923076923077
16.1 0.9748547008547008
16.3 0.9812606837606838
16.5 0.9895470085470085
16.7 0.9144358974358975
16.900000000000002 0.8995427350427351
17.1 0.9436111111111111
17.3 0.9837948717948718
17.5 1.017025641025641
17.7 0.9908803418803419
17.900000000000002 1.0145726495726495
18.1 1.0460299145299146
18.3 1.0583162393162393
18.5 1.052128205128205
18.7 1.082128205128205
18.900000000000002 1.158820512820513
19.1 1.0853931623931623
19.3 1.045423076923077
19.5 0.999423076923077
19.700000000000003 1.0433803418803418
19.900000000000002 1.1101239316239315
