# k  S_n(k)
0.0 80.0
0.07853981633974483 0.6378024919718851
0.15707963267948966 0.6033774079207652
0.23561944901923448 0.3179099625377537
0.3141592653589793 0.358994452818865
0.39269908169872414 0.19383708713770478
0.47123889803846897 0.42314570996121154
0.5497787143782138 0.4464222324240653
0.6283185307179586 0.22313051592594715
0.7068583470577035 0.6017354540653345
0.7853981633974483 0.3018253043849173
0.8639379797371931 1.93330527568665
0.9424777960769379 1.998921071691327
1.0210176124166828 0.8971252728738548
1.0995574287564276 1.4950765187631332
1.1780972450961724 1.8404517736100274
1.2566370614359172 2.042450378174051
1.335176877775662 0.6602826459442472
1.413716694115407 0.8515819415251876
1.4922565104551517 1.9971916258421776
1.5707963267948966 0.5239141348042429
1.6493361431346414 0.7619386236369311
1.7278759594743862 1.1242311224861543
1.806415775814131 0.8762415989087984
1.8849555921538759 0.639458817708192
1.9634954084936207 1.30346180930114
2.0420352248333655 0.693297462243059
2.1205750411731104 0.8171569314645027
2.199114857512855 1.0746783815315322
2.2776546738526 0.6558588258571774
2.356194490192345 0.8006614275452861
2.4347343065320897 0.7477576927062883
2.5132741228718345 0.9236192559209754
2.5918139392115793 0.7069729842590229
2.670353755551324 1.163793853238999
2.748893571891069 0.8901291432356526
2.827433388230814 0.8020162893449357
2.9059732045705586 1.0580866143577996
2.9845130209103035 1.117813522096013
3.0630528372500483 1.0645880985705913
3.141592653589793 1.0010169118305077
3.220132469929538 0.5923716893678543
3.2986722862692828 1.504657644252173
3.3772121026090276 0.7966962374836614
3.4557519189487724 1.0391466680234211
3.5342917352885173 0.8170491345572211
3.612831551628262 0.8337432256380347
3.691371367968007 0.8198269202651791
3.7699111843077517 1.0436992746327187
3.8484510006474966 1.005739862470921
3.9269908169872414 1.24994950095493
4.005530633326986 0.887182802389404
4.084070449666731 0.9029067669871724
4.162610266006476 1.1691653756122278
4.241150082346221 1.0614769072695054
4.319689898685965 1.0848802602547016
4.39822971502571 0.8791272029831181
4.476769531365456 1.1250570076738948
4.5553093477052 0.8548135220385727
4.633849164044944 0.9455910045153285
4.71238898038469 1.069912327173974
4.790928796724435 0.8799609010148268
4.869468613064179 1.0687595396849365
4.948008429403924 1.2320762224191855
5.026548245743669 0.9543598531879021
5.105088062083414 0.9877956485239601
5.183627878423159 0.9465906173498062
5.262167694762903 1.0011362558607413
5.340707511102648 1.166587029316453
5.419247327442394 0.8040872647195119
5.497787143782138 0.9153098855939975
5.576326960121882 1.0356254125919848
5.654866776461628 0.8791613069295802
5.733406592801373 0.870299033230636
5.811946409141117 0.9627820473938276
5.890486225480862 0.8527832011347022
5.969026041820607 1.0979679400940345
6.047565858160352 0.9978450020603028
6.126105674500097 0.9756308682419349
6.204645490839841 1.1892938595021096
6.283185307179586 1.0604026903633268
6.3617251235193315 0.9470466977294246
6.440264939859076 1.03670615671478
6.51880475619882 1.1353518171318793
6.5973445725385655 1.0104283195297112
6.675884388878311 0.9331665322688829
6.754424205218055 0.9010955067798984
6.8329640215578 0.9657843449779439
6.911503837897545 0.9517849699749867
6.99004365423729 0.9278629722399141
7.0685834705770345 1.074412804048531
7.147123286916779 1.1157461907178623
7.225663103256524 0.9654306060912021
7.304202919596269 1.033244794257838
7.382742735936014 0.9308260554389417
7.461282552275758 1.0548293354061176
7.5398223686155035 1.0994406955207556
7.618362184955249 1.0754215562080751
7.696902001294993 1.0229928862317093
7.7754418176347375 1.0688155126039633
