block_size         error    difference      rel_diff
-------------------------------------------------------
       2  7.674663e-07  3.178812e-07  4.141957e-01
       4  1.085348e-06  4.495328e-07  4.141832e-01
       8  1.534880e-06  6.356822e-07  4.141575e-01
      16  2.170562e-06  8.988524e-07  4.141104e-01
      32  3.069415e-06  1.270773e-06  4.140115e-01
      64  4.340188e-06  1.796111e-06  4.138325e-01
     128  6.136299e-06  2.537418e-06  4.135095e-01
     256  8.673717e-06  3.581341e-06  4.128958e-01
     512  1.225506e-05  5.048776e-06  4.119749e-01
    1024  1.730383e-05  7.101672e-06  4.104103e-01
    2048  2.440551e-05  9.929587e-06  4.068585e-01
    4096  3.433509e-05  1.374941e-05  4.004478e-01
    8192  4.808450e-05  1.882604e-05  3.915199e-01
   16384  6.691054e-05  1.541137e-05  2.303280e-01
   32768  8.232192e-05  4.786598e-07  5.814488e-03
   65536  8.280058e-05  8.074990e-07  9.752335e-03
  131072  8.360807e-05           ---           ---
