# k  S_s(k)
0.0 0.0
0.6283185307179586 0.8178431564887831
1.2566370614359172 0.9736930245179425
1.8849555921538759 1.0266628309697337
2.5132741228718345 1.0451860049801072
3.141592653589793 1.0193575424889945
3.7699111843077517 1.0542110791698653
4.39822971502571 1.0744541875888154
5.026548245743669 1.0287515043570148
5.654866776461628 0.9865951928556388
6.283185307179586 0.9796913340545552
6.911503837897545 1.0164032127920493
7.5398223686155035 0.9724625006011122
8.168140899333462 0.978294336534174
8.79645943005142 1.006193223741108
9.42477796076938 0.9856162278173389
10.053096491487338 0.989962877393828
10.681415022205297 0.9947328629918476
11.309733552923255 0.9460449156449505
11.938052083641214 0.9729975275066498
12.566370614359172 0.9876556547213842
13.194689145077131 0.978207821349121
13.82300767579509 0.9996032241886988
14.451326206513048 1.0196823531819303
15.079644737231007 0.985970880593547
15.707963267948966 1.0041341337229335
16.336281798666924 1.0067735274024323
16.964600329384883 1.0097069347051304
17.59291886010284 1.0258748408585507
18.2212373908208 1.0090982360248115
18.84955592153876 0.9844646268310513
19.477874452256717 0.9815420694549738
20.106192982974676 0.9973735340880776
20.734511513692635 1.0237994536025448
21.362830044410593 1.0127394171903983
21.991148575128552 0.9833733467843254
22.61946710584651 0.9956585797650126
23.24778563656447 0.9749695987451856
23.876104167282428 0.9978686086508711
24.504422698000386 0.9962580739547493
25.132741228718345 0.9988006879340148
25.761059759436304 1.0155119811363573
26.389378290154262 0.987454826308527
27.01769682087222 0.9750128719395179
27.64601535159018 1.0330366247134506
28.274333882308138 1.0001407736139123
28.902652413026097 1.0104083611868981
29.530970943744055 1.0129889134160943
30.159289474462014 0.9993044371697776
30.787608005179973 1.0094837267616648
31.41592653589793 0.9770785979962783
32.044245066615886 1.0213785170948013
32.67256359733385 1.0036101987466772
33.30088212805181 1.0036541658139786
33.929200658769766 0.9781600945464496
34.55751918948772 0.9928760931862922
35.18583772020568 0.9953687713480003
35.814156250923645 1.0051621772115897
36.4424747816416 1.0048997840609477
37.070793312359555 1.0081899378849049
37.69911184307752 0.9995626170837468
38.32743037379548 0.9971801141838639
38.955748904513435 0.9931081248085893
39.58406743523139 0.9708895959190713
40.21238596594935 0.977604103873059
40.840704496667314 0.9559012963485647
41.46902302738527 1.0084144166974929
42.097341558103224 1.0015501335503942
42.725660088821186 1.0228052950984643
43.35397861953915 0.9828235036936259
43.982297150257104 0.9901242396106692
44.61061568097506 0.9969215706217648
45.23893421169302 0.9719562547564179
45.86725274241098 1.0265976080146193
46.49557127312894 1.0102716580767601
47.12388980384689 0.9921565545106045
47.752208334564855 0.9867615256735782
48.38052686528282 1.003237616432892
49.00884539600077 0.992995816271988
49.63716392671873 0.977756489643275
50.26548245743669 0.9738300547952858
50.89380098815465 0.9704553682583503
51.52211951887261 0.9938086527553304
52.15043804959056 0.9997528011244573
52.778756580308524 1.0410807082671332
53.40707511102649 0.9999382763951122
54.03539364174444 1.010698119101802
54.6637121724624 0.9743711971052611
55.29203070318036 1.0138966769641906
55.92034923389832 0.9792294888392904
56.548667764616276 1.0148646199523685
57.17698629533423 1.005867696776814
57.80530482605219 0.9954310322183014
58.433623356770156 0.994696911926288
59.06194188748811 0.9751974922411658
59.690260418206066 0.9838426652342483
60.31857894892403 0.9992648660965575
60.94689747964199 1.002840803405118
61.575216010359945 0.9918170500034654
62.2035345410779 0.9733052399102586
