# P_value  count
-1.0 0.0
-0.96 0.0
-0.92 0.0
-0.88 0.0
-0.84 0.0
-0.8 0.0
-0.76 0.0
-0.72 0.0
-0.68 5.0
-0.64 3.0
-0.6 4.0
-0.56 15.0
-0.52 16.0
-0.48 0.0
-0.44 71.0
-0.4 14.0
-0.36 74.0
-0.32 30.0
-0.28 110.0
-0.24 111.0
-0.2 76.0
-0.16 82.0
-0.12 128.0
-0.08 92.0
-0.04 80.0
0.0 1125.0
0.04 65.0
0.08 91.0
0.12 76.0
0.16 116.0
0.2 114.0
0.24 88.0
0.28 171.0
0.32 233.0
0.36 190.0
0.4 343.0
0.44 514.0
0.48 969.0
0.52 1893.0
0.56 3580.0
0.6 6166.0
0.64 9416.0
0.68 14927.0
0.72 22246.0
0.76 27417.0
0.8 31859.0
0.84 25578.0
0.88 18973.0
0.92 11611.0
0.96 2756.0
1.0 310.0
