# r  Cs(r) [pure estimator]
0.05 0.0002706542311099151
0.15000000000000002 0.00027011860166626956
0.25 0.0002807325852515711
0.35000000000000003 0.00026121403178998114
0.45 0.00027259361123981496
0.55 0.00026941184160880505
0.65 0.00026428459075254095
0.75 0.0002653724431876267
0.8500000000000001 0.00027275862621096373
0.9500000000000001 0.0002615278144218646
1.05 0.00026276383747690684
1.1500000000000001 0.0002715035132869885
1.25 0.0002641172896080711
1.35 0.0002606333238106134
1.4500000000000002 0.00026522346822951026
1.55 0.00025781447121966695
1.6500000000000001 0.00027249568329692917
1.75 0.0002538560523266717
1.85 0.0002545633953650856
1.9500000000000002 0.00026158713558115294
2.0500000000000003 0.00025316060917337596
2.15 0.00026381459796694556
2.25 0.0002578761201021081
2.35 0.0002528853551626126
2.45 0.00024749217821246863
2.5500000000000003 0.0002641106425767263
2.6500000000000004 0.0002599870717585894
2.75 0.0002692454982744199
2.85 0.0002652548686145022
2.95 0.0002631954318702215
3.0500000000000003 0.00025635497022293176
3.1500000000000004 0.00025175363460886965
3.25 0.00026586247765979665
3.35 0.0002548505924571618
3.45 0.0002592459449791661
3.5500000000000003 0.00026357501982690384
3.6500000000000004 0.0002620719362168371
3.75 0.00026542077845714764
3.85 0.00026296379047756894
3.95 0.0002697228568736668
4.05 0.00027072051333864585
4.15 0.0002677537740984127
4.25 0.00026613557711465514
4.3500000000000005 0.0002705080044217998
4.45 0.0002560254589675872
4.55 0.0002490485665464746
4.65 0.0002626003956647552
4.75 0.0002537942169667461
4.8500000000000005 0.00025919338297603154
4.95 0.00026429235647775265
5.050000000000001 0.00025087935870644125
5.15 0.00026395578201336787
5.25 0.0002641900611636338
5.3500000000000005 0.000268145200973947
5.45 0.00026260129812699515
5.550000000000001 0.00026385667811514246
5.65 0.0002622288084000187
5.75 0.0002647608739640078
5.8500000000000005 0.0002698024362403208
5.95 0.00026061805710093195
6.050000000000001 0.00025153016761358645
6.15 0.0002534836719142116
6.25 0.0002615051155551759
6.3500000000000005 0.0002506786418256928
6.45 0.00025353710036598947
6.550000000000001 0.00026682533297912555
6.65 0.0002638985007535721
6.75 0.00025335248847073005
6.8500000000000005 0.00025944789259866853
6.95 0.0002550572400090139
7.050000000000001 0.0002550168933087335
7.15 0.0002606104097969728
7.25 0.00026237406923427283
7.3500000000000005 0.00026534388477022136
7.45 0.0002713581441448379
7.550000000000001 0.0002676897444015834
7.65 0.00026361240602567075
7.75 0.0002633702312956276
7.8500000000000005 0.00025804069999134117
7.95 0.0002502525571612299
8.05 0.0002620388052494542
8.15 0.00027118841526953014
8.25 0.0002539708327081108
8.35 0.00026293317341724283
8.450000000000001 0.00026206000313807904
8.55 0.0002554716031168322
8.65 0.0002533681800733662
8.75 0.00025900557507640433
8.85 0.00025655149799552133
8.950000000000001 0.00026077530176165894
9.05 0.00025800171482176954
9.15 0.0002615419654889797
9.25 0.0002592269304136687
9.35 0.0002594083298075862
9.450000000000001 0.0002612873026097475
9.55 0.00025257487948355834
9.65 0.00027107461665408386
9.75 0.00024923094825638734
9.850000000000001 0.00024934086310330077
9.950000000000001 0.00025740123253235853
