# k values and corresponding S(k) [pure estimator]
0.0 5.788080227231542
0.3141592653589793 0.9495388196510616
0.6283185307179586 0.9576265221111074
0.9424777960769379 0.9839066216016479
1.2566370614359172 0.9803214990665042
1.5707963267948966 0.990088837795813
1.8849555921538759 0.9741327639114121
2.199114857512855 0.9733703586817062
2.5132741228718345 0.9687349079867974
2.827433388230814 0.9588128297841547
3.141592653589793 0.9753446600094146
3.4557519189487724 0.9816668163469491
3.7699111843077517 0.9534447515584625
4.084070449666731 0.968277444790779
4.39822971502571 0.9835067303009085
4.71238898038469 0.9886749886888817
5.026548245743669 0.9687820051999204
5.340707511102648 0.9659727681845637
5.654866776461628 0.9631338262253138
5.969026041820607 0.9804385821271903
6.283185307179586 0.9621628882658648
6.5973445725385655 0.9843372689539494
6.911503837897545 0.9720537752595921
7.225663103256524 0.9625374421077725
7.5398223686155035 0.9818356742047963
7.853981633974483 0.967256493873394
8.168140899333462 0.957119334452157
8.482300164692441 0.9808596946190041
8.79645943005142 0.972877823311292
9.1106186954104 0.9773400143481553
9.42477796076938 0.9694457955671745
9.738937226128359 0.9682774748587951
10.053096491487338 0.9584845834672696
10.367255756846317 0.9707182291449541
10.681415022205297 0.9790556341595654
10.995574287564276 0.9666438763231073
11.309733552923255 0.9752747341232091
11.623892818282235 0.9780691141039066
11.938052083641214 0.9769812437238798
12.252211349000193 0.9689700040207915
12.566370614359172 0.9517232812010721
12.880529879718152 0.9628603592668559
13.194689145077131 0.9653176465643523
13.50884841043611 0.9628625028014498
13.82300767579509 0.9608005459031715
14.137166941154069 0.9774689062618426
14.451326206513048 0.9701261204747955
14.765485471872028 0.9626537690115424
15.079644737231007 0.9752806815056773
15.393804002589986 0.9697378812427632
15.707963267948966 0.9725234914779176
16.022122533307943 0.9752599897766628
16.336281798666924 0.9844176810146449
16.650441064025905 0.9578542738426943
16.964600329384883 0.9721945500835285
17.27875959474386 0.9660378208789381
17.59291886010284 0.9663359062041349
17.907078125461823 0.9639620612880256
18.2212373908208 0.9650656698081561
18.535396656179778 0.9637341910755948
18.84955592153876 0.9732961198509174
19.16371518689774 0.970741291422953
19.477874452256717 0.968455416469863
19.792033717615695 0.958518118044852
20.106192982974676 0.9868381341694771
20.420352248333657 0.9589968652632592
20.734511513692635 0.9699987962372018
21.048670779051612 0.9701133416514295
21.362830044410593 0.9708312471772889
21.676989309769574 0.9783073587476616
21.991148575128552 0.9809910529011285
22.30530784048753 0.967987492614018
22.61946710584651 0.9727299314669176
22.93362637120549 0.9884643623752394
23.24778563656447 0.9804324839625154
