# r  Cs(r) [pure estimator]
0.125 2.837845546853549e-5
0.375 3.0660796456593766e-5
0.625 2.9874547474592986e-5
0.875 3.041398493785847e-5
1.125 3.315310819486886e-5
1.375 2.9219906937937432e-5
1.625 3.096769196246356e-5
1.875 3.0475799705172836e-5
2.125 3.297186708265914e-5
2.375 3.250183344763936e-5
2.625 3.363380184029725e-5
2.875 2.8778917608377013e-5
3.125 2.734871212699538e-5
3.375 2.6687975252285935e-5
3.625 2.4836726615793512e-5
3.875 3.0395650565834344e-5
4.125 3.277507164135337e-5
4.375 2.946439782361414e-5
4.625 3.12822332957031e-5
4.875 3.0029439818937963e-5
5.125 2.77884575217179e-5
5.375 2.926571389809923e-5
5.625 3.140846801194384e-5
5.875 2.8015863414486126e-5
6.125 2.858417233726929e-5
6.375 2.8146793294383354e-5
6.625 3.3357015131816115e-5
6.875 2.9739320005010352e-5
7.125 2.7803341669314245e-5
7.375 2.502855973177297e-5
7.625 2.5707278755035347e-5
7.875 2.6990210464884874e-5
8.125 2.714893865610722e-5
8.375 2.79625404043712e-5
8.625 2.6141578767179825e-5
8.875 2.5890374647198408e-5
9.125 2.679333394091845e-5
9.375 2.518661844707792e-5
9.625 2.7145782501962385e-5
9.875 2.559873794555667e-5
10.125 2.6348737953732226e-5
10.375 2.398942532033309e-5
10.625 2.784163452486075e-5
10.875 2.7390966065745928e-5
11.125 2.491437107636354e-5
11.375 2.386055117699592e-5
11.625 2.7661772817483163e-5
11.875 2.6046292413310414e-5
12.125 2.6719584003232048e-5
12.375 2.532270918033613e-5
12.625 2.348259097144953e-5
12.875 2.7769020507936493e-5
13.125 2.4352080587036854e-5
13.375 2.726875923271718e-5
13.625 2.2334473043132978e-5
13.875 2.5387909386663482e-5
14.125 2.939106537563384e-5
14.375 2.8360961229064348e-5
14.625 2.679894728954839e-5
14.875 2.58005837147496e-5
15.125 2.665443979276927e-5
15.375 2.669536052221843e-5
15.625 2.259336788805449e-5
15.875 2.5766116047640268e-5
16.125 2.7722883298072404e-5
16.375 2.493184020108798e-5
16.625 2.288844364756619e-5
16.875 2.5362678984257252e-5
17.125 2.553085461287432e-5
17.375 2.5172197452907956e-5
17.625 2.4788883847264823e-5
17.875 2.408365351822513e-5
18.125 2.611260209555208e-5
18.375 2.6560440072530777e-5
18.625 2.5996519865734137e-5
18.875 2.3843943789389938e-5
19.125 2.6706923233158917e-5
19.375 2.5916767863618664e-5
19.625 2.679998238476801e-5
19.875 2.4152233773856845e-5
20.125 2.4342133042269924e-5
20.375 2.5129258151083405e-5
20.625 2.828315184349067e-5
20.875 2.11212042683368e-5
21.125 2.4331748381812624e-5
21.375 2.4898039846758767e-5
21.625 2.4542953888414132e-5
21.875 2.6788707659977887e-5
22.125 2.4744934790412085e-5
22.375 2.731706978990098e-5
22.625 2.408113031432141e-5
22.875 2.1986323765093192e-5
23.125 2.4236579917446766e-5
23.375 2.6837897121054182e-5
23.625 2.5189105347045258e-5
23.875 2.507979013535195e-5
24.125 2.13896493841145e-5
24.375 2.251032671297997e-5
24.625 2.4934423390906836e-5
24.875 2.538420274770435e-5
