block_size         error    difference      rel_diff
-------------------------------------------------------
       2  3.083073e-07  1.276960e-07  4.141842e-01
       4  4.360033e-07  1.805778e-07  4.141661e-01
       8  6.165811e-07  2.553421e-07  4.141256e-01
      16  8.719232e-07  3.610197e-07  4.140499e-01
      32  1.232943e-06  5.103331e-07  4.139146e-01
      64  1.743276e-06  7.211330e-07  4.136654e-01
     128  2.464409e-06  1.018367e-06  4.132297e-01
     256  3.482776e-06  1.436397e-06  4.124289e-01
     512  4.919173e-06  2.022628e-06  4.111723e-01
    1024  6.941801e-06  2.834373e-06  4.083051e-01
    2048  9.776174e-06  3.920975e-06  4.010746e-01
    4096  1.369715e-05  5.287211e-06  3.860081e-01
    8192  1.898436e-05  6.479482e-06  3.413063e-01
   16384  2.546384e-05  6.523077e-06  2.561702e-01
   32768  3.198692e-05  5.467439e-06  1.709273e-01
   65536  3.745436e-05  3.603825e-06  9.621912e-02
  131072  4.105818e-05           ---           ---
