block_size         error    difference      rel_diff
-------------------------------------------------------
       2  5.140372e-07  2.129144e-07  4.142005e-01
       4  7.269516e-07  3.010967e-07  4.141909e-01
       8  1.028048e-06  4.257876e-07  4.141708e-01
      16  1.453836e-06  6.020844e-07  4.141350e-01
      32  2.055920e-06  8.512642e-07  4.140551e-01
      64  2.907185e-06  1.203304e-06  4.139071e-01
     128  4.110489e-06  1.700191e-06  4.136226e-01
     256  5.810680e-06  2.400267e-06  4.130784e-01
     512  8.210947e-06  3.383333e-06  4.120516e-01
    1024  1.159428e-05  4.750365e-06  4.097163e-01
    2048  1.634465e-05  6.583370e-06  4.027845e-01
    4096  2.292802e-05  8.867803e-06  3.867671e-01
    8192  3.179582e-05  1.086397e-05  3.416792e-01
   16384  4.265979e-05  1.201558e-05  2.816606e-01
   32768  5.467537e-05  3.949152e-06  7.222909e-02
   65536  5.862452e-05  2.710863e-07  4.624111e-03
  131072  5.889561e-05           ---           ---
