# P_value  count
-1.0 70.0
-0.9777777777777777 316.0
-0.9555555555555556 843.0
-0.9333333333333333 2831.0
-0.9111111111111111 6051.0
-0.8888888888888888 10033.0
-0.8666666666666667 12917.0
-0.8444444444444444 15587.0
-0.8222222222222222 18699.0
-0.8 16765.0
-0.7777777777777778 14892.0
-0.7555555555555555 11437.0
-0.7333333333333333 9496.0
-0.7111111111111111 6225.0
-0.6888888888888889 4843.0
-0.6666666666666666 2937.0
-0.6444444444444445 1643.0
-0.6222222222222222 1006.0
-0.6 521.0
-0.5777777777777777 259.0
-0.5555555555555556 119.0
-0.5333333333333333 53.0
-0.5111111111111111 54.0
-0.4888888888888889 12.0
-0.4666666666666667 0.0
-0.4444444444444444 6.0
-0.4222222222222222 0.0
-0.4 0.0
-0.37777777777777777 0.0
-0.35555555555555557 0.0
-0.3333333333333333 0.0
-0.3111111111111111 0.0
-0.28888888888888886 0.0
-0.26666666666666666 0.0
-0.24444444444444444 0.0
-0.2222222222222222 0.0
-0.2 0.0
-0.17777777777777778 0.0
-0.15555555555555556 0.0
-0.13333333333333333 0.0
-0.1111111111111111 0.0
-0.08888888888888889 0.0
-0.06666666666666667 0.0
-0.044444444444444446 0.0
-0.022222222222222223 0.0
0.0 983.0
0.022222222222222223 0.0
0.044444444444444446 0.0
0.06666666666666667 0.0
0.08888888888888889 0.0
0.1111111111111111 0.0
0.13333333333333333 0.0
0.15555555555555556 0.0
0.17777777777777778 0.0
0.2 0.0
0.2222222222222222 0.0
0.24444444444444444 0.0
0.26666666666666666 0.0
0.28888888888888886 0.0
0.3111111111111111 0.0
0.3333333333333333 0.0
0.35555555555555557 0.0
0.37777777777777777 0.0
0.4 0.0
0.4222222222222222 0.0
0.4444444444444444 1.0
0.4666666666666667 0.0
0.4888888888888889 20.0
0.5111111111111111 15.0
0.5333333333333333 17.0
0.5555555555555556 170.0
0.5777777777777777 99.0
0.6 122.0
0.6222222222222222 533.0
0.6444444444444445 595.0
0.6666666666666666 1280.0
0.6888888888888889 2197.0
0.7111111111111111 2892.0
0.7333333333333333 4730.0
0.7555555555555555 6187.0
0.7777777777777778 7031.0
0.8 8421.0
0.8222222222222222 8850.0
0.8444444444444444 7395.0
0.8666666666666667 6719.0
0.8888888888888888 4352.0
0.9111111111111111 2410.0
0.9333333333333333 1593.0
0.9555555555555556 406.0
0.9777777777777777 159.0
1.0 26.0
