# k values and corresponding S(k) [pure estimator]
0.0 1.6360422486604338
0.6283185307179586 0.9919023226262988
1.2566370614359172 0.9984518581076254
1.8849555921538759 1.0063211608158031
2.5132741228718345 0.9989989034251847
3.141592653589793 0.9974506194898254
3.7699111843077517 1.000586501388781
4.39822971502571 0.997060326688648
5.026548245743669 0.9986380557308838
5.654866776461628 0.9993483680337581
6.283185307179586 0.9984299057886176
6.911503837897545 0.9959692374151826
7.5398223686155035 1.0031716453249397
8.168140899333462 0.9973335177993392
8.79645943005142 0.9988171102665688
9.42477796076938 0.9976608858067286
10.053096491487338 1.0024355635779838
10.681415022205297 0.9949239123191681
11.309733552923255 0.9982445992420286
11.938052083641214 0.9966138052753333
12.566370614359172 1.0033691856631681
13.194689145077131 1.0004391360184237
13.82300767579509 0.9945796262153911
14.451326206513048 1.0042061351703384
15.079644737231007 0.9983358271002043
15.707963267948966 0.9905754145898136
16.336281798666924 0.9983578274585603
16.964600329384883 0.9991217913614299
17.59291886010284 1.0008480584868427
18.2212373908208 0.9998678227504704
18.84955592153876 0.9987016933733921
19.477874452256717 0.9974102940271171
20.106192982974676 1.0019585737980108
20.734511513692635 1.005790341583875
21.362830044410593 0.9976490913409538
21.991148575128552 0.997986420129575
22.61946710584651 1.0016820517492684
23.24778563656447 0.9976926214001189
23.876104167282428 0.9944418695809654
24.504422698000386 0.996569369563213
25.132741228718345 0.9969620380821848
25.761059759436304 0.9980125282147486
26.389378290154262 1.0034650616615277
27.01769682087222 0.9995175127396057
27.64601535159018 1.0005296000798325
28.274333882308138 0.9997559551215774
28.902652413026097 0.9998884575925622
29.530970943744055 1.0033828585132394
30.159289474462014 0.997963704632943
30.787608005179973 0.9990446184898664
31.41592653589793 0.9981853025450067
32.044245066615886 0.9990313441813397
32.67256359733385 1.0039531925798135
33.30088212805181 0.9960243144576245
33.929200658769766 0.9995357024917958
34.55751918948772 1.0014366602644857
35.18583772020568 1.0074400563332353
35.814156250923645 1.002207153574317
36.4424747816416 1.0022213600097096
37.070793312359555 1.0011843821255753
37.69911184307752 0.9986452488543873
38.32743037379548 1.0033706977287418
38.955748904513435 1.0045883424822843
39.58406743523139 1.005525080181682
40.21238596594935 0.9970569379093169
40.840704496667314 1.0028103839861424
41.46902302738527 1.0003683661148788
42.097341558103224 1.000500216688587
42.725660088821186 0.9956741663242297
43.35397861953915 0.999029513662822
43.982297150257104 1.0021416048939535
44.61061568097506 1.0028432112854206
45.23893421169302 1.0034761733063626
45.86725274241098 0.9986743129228278
46.49557127312894 0.9998070915451525
