# r  Cs(r) [pure estimator]
0.2 1.3985739059643087e-5
0.6000000000000001 1.164713352916901e-5
1.0 1.1019504057054389e-5
1.4000000000000001 1.0260598598775547e-5
1.8 9.893063934054817e-6
2.2 1.1080440475210983e-5
2.6 1.0836270957815456e-5
3.0 1.191043888343322e-5
3.4000000000000004 1.378380938397157e-5
3.8000000000000003 9.488418889230367e-6
4.2 1.2034165951442243e-5
4.6000000000000005 1.1823811707886376e-5
5.0 1.0347744201582198e-5
5.4 1.124952156144111e-5
5.800000000000001 1.0699748400287428e-5
6.2 1.1452275158796496e-5
6.6000000000000005 1.1100672560405768e-5
7.0 5.460866466352983e-6
7.4 8.976879443764472e-6
7.800000000000001 1.1102627586509684e-5
8.200000000000001 1.091757250375072e-5
8.6 7.5829477779550905e-6
9.0 1.1036815861474154e-5
9.4 8.688739938615813e-6
9.8 1.2345041916944746e-5
10.200000000000001 1.0836661176157097e-5
10.600000000000001 8.944430619807725e-6
11.0 1.1522198144839213e-5
11.4 7.10540838728491e-6
11.8 8.851881417300921e-6
12.200000000000001 8.72167865989538e-6
12.600000000000001 1.060475612230323e-5
13.0 6.7395540375560575e-6
13.4 9.016818069782839e-6
13.8 1.0799625016000995e-5
14.200000000000001 1.0498269784401567e-5
14.600000000000001 7.737602150795367e-6
15.0 4.186367906020916e-6
15.4 9.303133841765111e-6
15.8 1.0329695366415584e-5
16.2 8.308755526961766e-6
16.6 7.885101455919483e-6
17.0 1.1489063780106811e-5
17.400000000000002 9.422559307524727e-6
17.8 5.721255294488568e-6
18.2 7.294195342190575e-6
18.6 6.3871456115648445e-6
19.0 9.37921553375718e-6
19.400000000000002 7.829672889051376e-6
19.8 8.241206181184144e-6
20.200000000000003 1.0881699333714612e-5
20.6 6.663014891568717e-6
21.0 5.5715192266218696e-6
21.400000000000002 8.594174036006243e-6
21.8 7.750654701063976e-6
22.200000000000003 7.07539308051301e-6
22.6 8.205153998014e-6
23.0 8.869525913729538e-6
23.400000000000002 6.928268704934111e-6
23.8 4.775061363755625e-6
24.200000000000003 7.434304041776168e-6
24.6 5.68901305210082e-6
25.0 5.070649246717422e-6
25.400000000000002 6.108934247304064e-6
25.8 5.288650769129223e-6
26.200000000000003 7.733516560929296e-6
26.6 4.583863424155613e-6
27.0 4.668865662513311e-6
27.400000000000002 4.92245027004304e-6
27.8 6.159441674180606e-6
28.200000000000003 5.761941619298084e-6
28.6 5.2234494626217695e-6
29.0 3.3542594419073815e-6
29.400000000000002 8.123849809705868e-6
29.8 4.8868726763437016e-6
30.200000000000003 6.290661714405813e-6
30.6 4.3877458910763575e-6
31.0 9.844288437334214e-6
31.400000000000002 8.01201273914135e-6
31.8 4.3343765976019855e-6
32.2 4.741247999704197e-6
32.6 6.6595499040696915e-6
33.0 8.767052615846971e-6
33.4 4.353741165221149e-6
33.800000000000004 5.533431959516698e-6
34.2 5.625511147444563e-6
34.6 5.047077052525244e-6
35.0 4.600194789820756e-6
35.4 6.691112186348927e-6
35.800000000000004 6.923050110873722e-6
36.2 5.426152228653548e-6
36.6 3.189321113937686e-6
37.0 7.000656511568923e-6
37.4 5.704697993607957e-6
37.800000000000004 4.740328501086095e-6
38.2 4.676512875461822e-6
38.6 6.316341317166113e-6
39.0 6.880020579968957e-6
39.400000000000006 5.774117355725322e-6
39.800000000000004 6.324705328750602e-6
