# r  Cs(r) [pure estimator]
0.2 -3.4760113279770944e-6
0.6000000000000001 -2.3436077113241955e-6
1.0 2.291839029371646e-6
1.4000000000000001 2.123730272962092e-6
1.8 1.7091522018542734e-8
2.2 -7.237426872057222e-7
2.6 -9.630639722474364e-7
3.0 -6.001981556913339e-7
3.4000000000000004 -3.1153123398819973e-7
3.8000000000000003 -1.2451937685832246e-7
4.2 -2.798947401000303e-6
4.6000000000000005 3.967499095604113e-6
5.0 1.010752382650428e-6
5.4 -3.728763370630553e-7
5.800000000000001 -6.370035210307295e-7
6.2 5.914041257559383e-7
6.6000000000000005 -8.868854084150562e-7
7.0 4.107260318636318e-7
7.4 -2.669059044582132e-6
7.800000000000001 -9.593753119236503e-8
8.200000000000001 2.6835929166671026e-6
8.6 -1.3659691366196423e-6
9.0 -9.173891866842926e-7
9.4 -2.702080465489062e-6
9.8 1.6143252578880105e-6
10.200000000000001 -5.283685641808287e-7
10.600000000000001 1.207811980683075e-6
11.0 4.418838947200836e-7
11.4 -2.4093923784653476e-7
11.8 -5.7186660164682864e-8
12.200000000000001 -2.9497572660287784e-7
12.600000000000001 2.048917033664238e-7
13.0 5.642580770534104e-7
13.4 2.364356531228934e-6
13.8 2.1319934861681402e-6
14.200000000000001 9.265673012012198e-7
14.600000000000001 -1.5940606238143878e-6
15.0 -2.0528061969632815e-6
15.4 1.1938728862276554e-6
15.8 1.1802900992207344e-6
16.2 -2.6020526830462747e-7
16.6 -6.754305836874405e-7
17.0 -1.709842795062777e-6
17.400000000000002 -1.6769293158855656e-7
17.8 7.507641515658613e-7
18.2 5.232600069825533e-7
18.6 -9.415829237192537e-7
19.0 -1.143466795662173e-6
19.400000000000002 4.006518677733591e-7
19.8 1.488440271681186e-6
20.200000000000003 1.2066602247124087e-6
20.6 -1.1955624933113867e-6
21.0 -1.3705621050903461e-8
21.400000000000002 1.4740872822083127e-6
21.8 -2.198970936282064e-6
22.200000000000003 6.098878302640863e-7
22.6 -2.337393691132726e-6
23.0 1.0329084784059545e-6
23.400000000000002 -1.5040507445278766e-6
23.8 2.7145557938785433e-6
24.200000000000003 9.045835343426411e-7
24.6 7.948410611541595e-7
25.0 -1.3810773758516484e-6
25.400000000000002 1.1495168294931823e-6
25.8 2.490554481749304e-7
26.200000000000003 -3.88097121961413e-7
26.6 2.9826442012902928e-6
27.0 -8.741014984144043e-7
27.400000000000002 -5.706121799298657e-7
27.8 2.6105803464959274e-7
28.200000000000003 5.755791406527603e-7
28.6 6.088622394695456e-7
29.0 -5.830402005624958e-7
29.400000000000002 2.4470677995343494e-7
29.8 1.52867691303212e-6
30.200000000000003 -1.4605070344875993e-6
30.6 -2.667295363116871e-7
31.0 -5.018306134223058e-7
31.400000000000002 1.5445392491934824e-6
31.8 1.3373171524139012e-7
32.2 8.981036093631717e-7
32.6 8.355565213906847e-7
33.0 -5.794678321824134e-7
33.4 -1.4444279878978387e-6
33.800000000000004 3.7561398229642014e-7
34.2 -4.0566513435494443e-7
34.6 -9.245379145305497e-7
35.0 1.0779133041814568e-6
35.4 -8.906674432883412e-7
35.800000000000004 2.6392088772742803e-6
36.2 1.0815149357269912e-6
36.6 -6.034962555265059e-7
37.0 -2.4240760293932835e-7
37.4 4.876587580541036e-7
37.800000000000004 2.0220653036042323e-6
38.2 -1.215037585048026e-6
38.6 -1.134729775725521e-6
39.0 -8.402644448562769e-7
39.400000000000006 9.050218985721648e-8
39.800000000000004 -1.6563944361120714e-6
