# k values and corresponding S(k) [pure estimator]
0.0 0.9740000234705547
0.07853981633974483 0.9683426971637199
0.15707963267948966 0.9665432225310063
0.23561944901923448 0.9729957155966587
0.3141592653589793 0.9657033265726483
0.39269908169872414 0.972654165169017
0.47123889803846897 0.9759963673233324
0.5497787143782138 0.9760012646312111
0.6283185307179586 0.9641352638672195
0.7068583470577035 0.9692113529783214
0.7853981633974483 0.961801080516439
0.8639379797371931 0.9722421702513537
0.9424777960769379 0.97297539466118
1.0210176124166828 0.9802993016132187
1.0995574287564276 0.9629343078180057
1.1780972450961724 0.973370740224419
1.2566370614359172 0.9715487669403532
1.335176877775662 0.9775721890388338
1.413716694115407 0.9730868646466286
1.4922565104551517 0.9676050724052588
1.5707963267948966 0.9717440626676213
1.6493361431346414 0.9627131783992063
1.7278759594743862 0.9662349976564124
1.806415775814131 0.9679427742981063
1.8849555921538759 0.9670571222166684
1.9634954084936207 0.9640753894492209
2.0420352248333655 0.9518548216224835
2.1205750411731104 0.9670871103757889
2.199114857512855 0.9623720083458864
2.2776546738526 0.9675985490700206
2.356194490192345 0.9817888827892132
2.4347343065320897 0.9747997050058244
2.5132741228718345 0.9640246379604197
2.5918139392115793 0.9643229372447435
2.670353755551324 0.9634226553190409
2.748893571891069 0.9637159229277644
2.827433388230814 0.9819309559061042
2.9059732045705586 0.9678745106199026
2.9845130209103035 0.9666189580101
3.0630528372500483 0.9628578604268102
3.141592653589793 0.983117917059554
3.220132469929538 0.9681464250783617
3.2986722862692828 0.9608846563639225
3.3772121026090276 0.9564358836470189
3.4557519189487724 0.9604533131141721
3.5342917352885173 0.9771020691385972
3.612831551628262 0.9683546353136051
3.691371367968007 0.9741749256905384
3.7699111843077517 0.976965353266031
3.8484510006474966 0.9842791366138394
3.9269908169872414 0.9724655124773669
4.005530633326986 0.9833709009528038
4.084070449666731 0.9786612124159098
4.162610266006476 0.9765120583437664
4.241150082346221 0.9740401470105626
4.319689898685965 0.96362193000768
4.39822971502571 0.9732772292232018
4.476769531365456 0.9798395095089579
4.5553093477052 0.9660377737038099
4.633849164044944 0.9728568670595507
4.71238898038469 0.9724597190089087
4.790928796724435 0.963230020364734
4.869468613064179 0.9715806603772938
4.948008429403924 0.9752748836848946
5.026548245743669 0.9735925851766432
5.105088062083414 0.9631119839353124
5.183627878423159 0.9800366859905965
5.262167694762903 0.9856226429925472
5.340707511102648 0.9694370080556586
5.419247327442394 0.9829586768493928
5.497787143782138 0.9728566818120692
5.576326960121882 0.9768636556289318
5.654866776461628 0.9748387749263
5.733406592801373 0.9758583677757218
5.811946409141117 0.962111024354271
