# k values and corresponding S(k) [pure estimator]
0.0 2.8392886564310067
0.15707963267948966 1.0427979157700522
0.3141592653589793 0.9923043672938008
0.47123889803846897 0.9749209802757035
0.6283185307179586 0.9654639992967821
0.7853981633974483 0.9760813783622495
0.9424777960769379 0.9765613915181797
1.0995574287564276 0.9599549914856417
1.2566370614359172 0.9750339496534173
1.413716694115407 0.9725993755475046
1.5707963267948966 0.967147736362021
1.7278759594743862 0.9739594601348227
1.8849555921538759 0.9604520450240065
2.0420352248333655 0.9748854777188283
2.199114857512855 0.9647990993102022
2.356194490192345 0.9647883166142711
2.5132741228718345 0.9605973448818884
2.670353755551324 0.9668343904265011
2.827433388230814 0.975520646950592
2.9845130209103035 0.9719935828666073
3.141592653589793 0.9725196718253764
3.2986722862692828 0.9687654406721772
3.4557519189487724 0.9729837065015146
3.612831551628262 0.9745705070777073
3.7699111843077517 0.9669186942179757
3.9269908169872414 0.9751770318590396
4.084070449666731 0.9756325915207172
4.241150082346221 0.9639700211309715
4.39822971502571 0.9736085910754231
4.5553093477052 0.9643155020071832
4.71238898038469 0.9682119952504765
4.869468613064179 0.9780907900017726
5.026548245743669 0.9741562388476852
5.183627878423159 0.9654372848124335
5.340707511102648 0.9725395438647401
5.497787143782138 0.9656781943526
5.654866776461628 0.9703663537365959
5.811946409141117 0.9692459756483089
5.969026041820607 0.9729513802157821
6.126105674500097 0.9664702596520128
6.283185307179586 0.9697903038530958
6.440264939859076 0.9655140359607971
6.5973445725385655 0.9761503153500091
6.754424205218055 0.9778282549431535
6.911503837897545 0.9671659547377597
7.0685834705770345 0.9730810043442211
7.225663103256524 0.9676175997822145
7.382742735936014 0.9554182391788795
7.5398223686155035 0.9706523683990604
7.696902001294993 0.9635952520843586
7.853981633974483 0.9525095373804298
8.011061266653972 0.9743907488374277
8.168140899333462 0.963329448104657
8.325220532012953 0.9693455427236238
8.482300164692441 0.9624872210861202
8.63937979737193 0.9658721699883824
8.79645943005142 0.9591314835732416
8.953539062730911 0.9747621676439747
9.1106186954104 0.9714213905642279
9.267698328089889 0.9772311465976748
9.42477796076938 0.9678547005919946
9.58185759344887 0.9648544543541318
9.738937226128359 0.9781245940683176
9.896016858807847 0.9567024328137832
10.053096491487338 0.9678067741294648
10.210176124166829 0.9669020039811487
10.367255756846317 0.9874717123469465
10.524335389525806 0.9640351671408065
10.681415022205297 0.9653685070357957
10.838494654884787 0.9659582825027205
10.995574287564276 0.9684322000073274
11.152653920243765 0.9765225980239574
11.309733552923255 0.9753279493589619
11.466813185602746 0.9645511419307184
11.623892818282235 0.9639624263092899
