# P_value  count
-1.0 0.0
-0.9333333333333333 0.0
-0.8666666666666667 28.0
-0.8 58.0
-0.7333333333333333 223.0
-0.6666666666666666 426.0
-0.6 932.0
-0.5333333333333333 1668.0
-0.4666666666666667 3164.0
-0.4 5306.0
-0.3333333333333333 7479.0
-0.26666666666666666 10190.0
-0.2 13361.0
-0.13333333333333333 15989.0
-0.06666666666666667 18133.0
0.0 19902.0
0.06666666666666667 18113.0
0.13333333333333333 16292.0
0.2 14278.0
0.26666666666666666 11524.0
0.3333333333333333 8284.0
0.4 5624.0
0.4666666666666667 3642.0
0.5333333333333333 2026.0
0.6 995.0
0.6666666666666666 624.0
0.7333333333333333 230.0
0.8 35.0
0.8666666666666667 6.0
0.9333333333333333 0.0
1.0 0.0
