# k  S_s(k)
0.0 0.0
0.07853981633974483 1.0860167545675827
0.15707963267948966 0.2672420999923352
0.23561944901923448 0.7379403393054599
0.3141592653589793 1.105667905687568
0.39269908169872414 0.24961563048589416
0.47123889803846897 0.8244542978527827
0.5497787143782138 1.62394444992229
0.6283185307179586 0.6092422610151416
0.7068583470577035 0.4736917570635531
0.7853981633974483 2.3980391414956954
0.8639379797371931 0.4011761188151479
0.9424777960769379 0.2638757070918823
1.0210176124166828 0.27364482026177717
1.0995574287564276 0.6283086219079876
1.1780972450961724 1.2161186291460524
1.2566370614359172 0.6782562947556837
1.335176877775662 0.6880802027502887
1.413716694115407 1.3116535421148636
1.4922565104551517 1.1048963758533883
1.5707963267948966 1.4292406534407154
1.6493361431346414 0.6475833517616674
1.7278759594743862 0.6664874471673258
1.806415775814131 1.7126686789254022
1.8849555921538759 0.572059750493611
1.9634954084936207 0.7283201572790042
2.0420352248333655 0.5857306882043893
2.1205750411731104 1.5497030891935206
2.199114857512855 1.0024428412500521
2.2776546738526 0.9046942865574831
2.356194490192345 0.6692525923475707
2.4347343065320897 1.090310325260951
2.5132741228718345 0.8888262610613462
2.5918139392115793 0.8740797869143874
2.670353755551324 0.9334950573413695
2.748893571891069 1.3777748317024956
2.827433388230814 0.6698837504216677
2.9059732045705586 0.9949007639940546
2.9845130209103035 1.2181021097948526
3.0630528372500483 0.9688414460057622
3.141592653589793 0.8491207598687412
3.220132469929538 1.192208646869923
3.2986722862692828 0.7360083884565443
3.3772121026090276 1.266942890165565
3.4557519189487724 1.094101084187597
3.5342917352885173 1.205776882206929
3.612831551628262 0.8078783923748394
3.691371367968007 0.7498123069604082
3.7699111843077517 0.8214065689002534
3.8484510006474966 1.053588600253346
3.9269908169872414 0.9753523016861726
4.005530633326986 1.0972109901766454
4.084070449666731 1.2692449496871328
4.162610266006476 0.9927466975483271
4.241150082346221 0.808091353904474
4.319689898685965 0.8427275699617996
4.39822971502571 0.9934807007426928
4.476769531365456 0.8688274172467167
4.5553093477052 0.9842695095625092
4.633849164044944 0.9721457846340998
4.71238898038469 1.0166742332253929
4.790928796724435 1.1153423033842012
4.869468613064179 1.1228084283634867
4.948008429403924 1.227546539552797
5.026548245743669 0.9479742846566358
5.105088062083414 0.9026260775280686
5.183627878423159 0.9267538339895179
5.262167694762903 1.0335250654621841
5.340707511102648 1.0382738637268156
5.419247327442394 1.0015035057013866
5.497787143782138 0.9989131912647867
5.576326960121882 1.122297570317251
5.654866776461628 0.851350303364212
5.733406592801373 0.8860204570035812
5.811946409141117 0.9127422115326389
5.890486225480862 1.0209461737918852
5.969026041820607 0.7176337527941143
6.047565858160352 1.0624124365934418
6.126105674500097 0.971317914148131
6.204645490839841 0.889496344471818
6.283185307179586 1.0313434951336853
6.3617251235193315 1.0035194390949358
6.440264939859076 1.0200584168717033
6.51880475619882 1.2653548056829476
6.5973445725385655 0.9854769613744642
6.675884388878311 0.8998443061340444
6.754424205218055 1.011931727634948
6.8329640215578 0.9029796852183087
6.911503837897545 0.9164769567383825
6.99004365423729 0.8925967411267172
7.0685834705770345 0.9358231827294068
7.147123286916779 0.9586458859233443
7.225663103256524 0.9220924623880249
7.304202919596269 0.8794109837957905
7.382742735936014 0.9327190735151974
7.461282552275758 1.0769463567638042
7.5398223686155035 1.0842247155438431
7.618362184955249 1.100159561789621
7.696902001294993 0.9263633623407371
7.7754418176347375 1.116783245176747
