block_size         error    difference      rel_diff
-------------------------------------------------------
       2  7.702511e-07  3.190403e-07  4.142029e-01
       4  1.089291e-06  4.511806e-07  4.141964e-01
       8  1.540472e-06  6.380357e-07  4.141820e-01
      16  2.178508e-06  9.022376e-07  4.141540e-01
      32  3.080745e-06  1.275735e-06  4.140996e-01
      64  4.356481e-06  1.803502e-06  4.139814e-01
     128  6.159983e-06  2.548896e-06  4.137830e-01
     256  8.708879e-06  3.600592e-06  4.134392e-01
     512  1.230947e-05  5.079334e-06  4.126363e-01
    1024  1.738881e-05  7.152196e-06  4.113104e-01
    2048  2.454100e-05  9.986017e-06  4.069115e-01
    4096  3.452702e-05  1.369490e-05  3.966430e-01
    8192  4.822192e-05  1.744805e-05  3.618282e-01
   16384  6.566997e-05  1.995129e-05  3.038115e-01
   32768  8.562125e-05  1.498651e-05  1.750326e-01
   65536  1.006078e-04  -6.375626e-06  6.337112e-02
  131072  9.423214e-05           ---           ---
