block_size         error    difference      rel_diff
-------------------------------------------------------
       2  1.155375e-07  4.780145e-08  4.137310e-01
       4  1.633390e-07  6.752138e-08  4.133820e-01
       8  2.308603e-07  9.526650e-08  4.126585e-01
      16  3.261268e-07  1.341208e-07  4.112535e-01
      32  4.602477e-07  1.880352e-07  4.085522e-01
      64  6.482829e-07  2.615883e-07  4.035096e-01
     128  9.098712e-07  3.588175e-07  3.943608e-01
     256  1.268689e-06  4.803624e-07  3.786290e-01
     512  1.749051e-06  6.141062e-07  3.511082e-01
    1024  2.363157e-06  7.338287e-07  3.105289e-01
    2048  3.096986e-06  8.317964e-07  2.685825e-01
    4096  3.928782e-06  9.491731e-07  2.415947e-01
    8192  4.877956e-06  1.142820e-06  2.342826e-01
   16384  6.020776e-06  1.311951e-06  2.179040e-01
   32768  7.332727e-06  1.514747e-06  2.065735e-01
   65536  8.847474e-06  1.636981e-06  1.850224e-01
  131072  1.048446e-05           ---           ---
