block_size         error    difference      rel_diff
-------------------------------------------------------
       2  9.265062e-08  3.837044e-08  4.141412e-01
       4  1.310211e-07  5.425480e-08  4.140922e-01
       8  1.852759e-07  7.670226e-08  4.139895e-01
      16  2.619781e-07  1.084050e-07  4.137943e-01
      32  3.703832e-07  1.531338e-07  4.134469e-01
      64  5.235169e-07  2.161132e-07  4.128104e-01
     128  7.396302e-07  3.045219e-07  4.117219e-01
     256  1.044152e-06  4.277105e-07  4.096247e-01
     512  1.471863e-06  5.969917e-07  4.056029e-01
    1024  2.068854e-06  8.201864e-07  3.964447e-01
    2048  2.889041e-06  1.098475e-06  3.802213e-01
    4096  3.987516e-06  1.369736e-06  3.435061e-01
    8192  5.357251e-06  1.434586e-06  2.677839e-01
   16384  6.791837e-06  1.150156e-06  1.693439e-01
   32768  7.941993e-06  7.622751e-07  9.598033e-02
   65536  8.704268e-06  1.204060e-06  1.383298e-01
  131072  9.908328e-06           ---           ---
