block_size         error    difference      rel_diff
-------------------------------------------------------
       2  6.416061e-08  2.656581e-08  4.140518e-01
       4  9.072643e-08  3.755434e-08  4.139295e-01
       8  1.282808e-07  5.306654e-08  4.136750e-01
      16  1.813473e-07  7.492754e-08  4.131715e-01
      32  2.562748e-07  1.056377e-07  4.122046e-01
      64  3.619125e-07  1.485128e-07  4.103555e-01
     128  5.104253e-07  2.077612e-07  4.070355e-01
     256  7.181865e-07  2.879682e-07  4.009657e-01
     512  1.006155e-06  3.928655e-07  3.904623e-01
    1024  1.399020e-06  5.232943e-07  3.740435e-01
    2048  1.922315e-06  6.734421e-07  3.503288e-01
    4096  2.595757e-06  8.522718e-07  3.283327e-01
    8192  3.448028e-06  1.098458e-06  3.185756e-01
   16384  4.546486e-06  1.489240e-06  3.275585e-01
   32768  6.035726e-06  1.897750e-06  3.144195e-01
   65536  7.933476e-06  2.565387e-06  3.233622e-01
  131072  1.049886e-05           ---           ---
