# k values and corresponding S(k) [pure estimator]
0.0 3.5716472257840817
0.07853981633974483 1.0970399929409793
0.15707963267948966 1.0017234785065439
0.23561944901923448 0.9849874492191831
0.3141592653589793 0.9737021065650557
0.39269908169872414 0.9795197903081764
0.47123889803846897 0.9718565622847645
0.5497787143782138 0.9761717102227471
0.6283185307179586 0.9691226670190959
0.7068583470577035 0.9732995135348312
0.7853981633974483 0.9644897524420015
0.8639379797371931 0.9746748878253735
0.9424777960769379 0.9734957860637183
1.0210176124166828 0.9681360784796651
1.0995574287564276 0.9656963821416821
1.1780972450961724 0.9729125784318194
1.2566370614359172 0.9704164100901722
1.335176877775662 0.9762843233609714
1.413716694115407 0.9810276215858432
1.4922565104551517 0.9713547476692073
1.5707963267948966 0.9715632121072056
1.6493361431346414 0.9694285879585327
1.7278759594743862 0.9623992560694037
1.806415775814131 0.9723231138154291
1.8849555921538759 0.9690415245776153
1.9634954084936207 0.9683279521630399
2.0420352248333655 0.9635948571095493
2.1205750411731104 0.979170488464405
2.199114857512855 0.9661469324247819
2.2776546738526 0.9696101659953711
2.356194490192345 0.9701794649153196
2.4347343065320897 0.9723797930780294
2.5132741228718345 0.9697416598075196
2.5918139392115793 0.9699800612281989
2.670353755551324 0.9740820978648591
2.748893571891069 0.9741613342837417
2.827433388230814 0.9667423231061342
2.9059732045705586 0.9678912521039024
2.9845130209103035 0.9716718511309933
3.0630528372500483 0.9748463119332832
3.141592653589793 0.9597873158579687
3.220132469929538 0.9704985502324464
3.2986722862692828 0.9751846310458295
3.3772121026090276 0.967496249229823
3.4557519189487724 0.951505435911666
3.5342917352885173 0.9683692187941595
3.612831551628262 0.9705938594375292
3.691371367968007 0.9680561012760869
3.7699111843077517 0.9625701796819238
3.8484510006474966 0.9760915518828653
3.9269908169872414 0.9578547332495245
4.005530633326986 0.9781637319023353
4.084070449666731 0.9743148469455698
4.162610266006476 0.9796315313194939
4.241150082346221 0.9689806774270665
4.319689898685965 0.9758059519879203
4.39822971502571 0.9708917337475503
4.476769531365456 0.9746712656009175
4.5553093477052 0.9696941520346003
4.633849164044944 0.9615218407608472
4.71238898038469 0.9709207288082384
4.790928796724435 0.9720159926237657
4.869468613064179 0.9711568469337233
4.948008429403924 0.9762124200897629
5.026548245743669 0.9743513370573779
5.105088062083414 0.9689599329439629
5.183627878423159 0.9682025964673477
5.262167694762903 0.9688179756540102
5.340707511102648 0.9669049929334882
5.419247327442394 0.9685745387300102
5.497787143782138 0.9788088553859806
5.576326960121882 0.9624737941112217
5.654866776461628 0.9679492833961079
5.733406592801373 0.9660155783597724
5.811946409141117 0.9805546508281943
