0.075 0.008571338701560141
0.22499999999999998 0.02068747934256783
0.375 0.021916322162605917
0.525 0.004505340349887552
0.6749999999999999 -0.005199358472268845
0.825 -0.009168252144882795
0.975 -0.030936560377148373
1.125 -0.0528415056996306
1.275 -0.022286446384411407
1.425 -0.052891744933267426
1.575 -0.062408569858433245
1.7249999999999999 -0.048787464149601494
1.875 -0.028220700557316493
2.025 -0.07903935621777945
2.175 -0.08943574046477909
2.3249999999999997 -0.07175538796503739
2.475 -0.08647890328244087
2.625 -0.0948460817189263
2.775 -0.06630244220654788
2.925 -0.09356599680564495
3.0749999999999997 -0.12014099835935088
3.225 -0.11826637080402247
3.375 -0.09434458714992847
3.525 -0.0825746993561646
3.675 -0.08890106312872671
3.8249999999999997 -0.09066982279863933
3.9749999999999996 -0.12248608112714464
4.125 -0.15182462545430625
4.2749999999999995 -0.1494458674226411
4.425 -0.11997067179910183
4.575 -0.11187697935542873
4.725 -0.06928436757111239
4.875 -0.049309952914434164
5.0249999999999995 -0.05328236501612291
5.175 -0.023296972037197928
5.325 0.00236184833148171
5.475 -0.010901593434691907
5.625 -0.01185140286794379
5.7749999999999995 -0.016162266580811335
5.925 0.024712662390518673
6.075 0.04596287838866444
6.225 0.041301606402532
6.375 0.012794194872774145
6.5249999999999995 0.0330682425423569
6.675 0.0011699280414122473
6.825 -0.011800582324268647
6.975 -0.03000537434370995
7.125 0.0022724383422323925
7.2749999999999995 -0.0014168102623013594
7.425 -0.026566157678843717
7.574999999999999 -0.0467135471402676
7.725 -0.03726028176222226
7.875 -0.04776216277232193
8.025 -0.08150147476209027
8.174999999999999 -0.10945062176947229
8.325 -0.11783705859552969
8.475 -0.12536245170140092
8.625 -0.08553080641341747
8.775 -0.10156985307324784
8.924999999999999 -0.11780514331824721
9.075 -0.14197379398341267
9.225 -0.1472951333286918
9.375 -0.16917491279276714
9.525 -0.1752338605999048
9.674999999999999 -0.14892985544785534
9.825 -0.10471249459576308
9.975 -0.07994578109115553
10.125 -0.11474795687585852
10.275 -0.09986089449057876
10.424999999999999 -0.12048201261407279
10.575 -0.118161350577774
10.725 -0.07150982792137663
10.875 -0.061528068820999225
11.025 -0.024249486709949503
11.174999999999999 0.005517442709093563
11.325 0.05651399713927081
11.475 0.035522822517534684
11.625 0.008986114934739487
11.775 0.009537317104939432
11.924999999999999 -7.709505820676895e-5
12.075 -0.022879575531735443
12.225 -0.014682715690622945
12.375 0.015511188778745187
12.525 0.025090838054307483
12.674999999999999 0.014285494373547205
12.825 0.05670289309690821
12.975 0.09794914625092799
13.125 0.13053767291240143
13.275 0.11545800789548906
13.424999999999999 0.10201144830673788
13.575 0.08530881343486103
13.725 0.08060867605445697
13.875 0.07355798497319024
14.025 0.058257820365934104
14.174999999999999 0.12197426885071955
14.325 0.10974665068454055
14.475 0.09230346481476856
14.625 0.06265974615082653
14.774999999999999 0.050055694792536895
14.924999999999999 0.058260581842245925
