# k  S_n(k)
0.0 20.0
0.3141592653589793 0.34041838146338566
0.6283185307179586 0.935936892728516
0.9424777960769379 0.7963618987439599
1.2566370614359172 0.7584691825600816
1.5707963267948966 1.0490167157696904
1.8849555921538759 0.8218655065782564
2.199114857512855 0.92544858312978
2.5132741228718345 0.9429306936449853
2.827433388230814 0.9674782463854064
3.141592653589793 0.8402241787042364
3.4557519189487724 0.860923912650014
3.7699111843077517 1.036120115994275
4.084070449666731 1.066108809949649
4.39822971502571 1.034827466241602
4.71238898038469 0.972342169147215
5.026548245743669 1.0254907302021237
5.340707511102648 1.1351147281447647
5.654866776461628 0.9265559106111275
5.969026041820607 1.0403104351322012
6.283185307179586 1.1145393638683716
6.5973445725385655 0.9999593261024633
6.911503837897545 0.950709995814422
7.225663103256524 0.9539441972249646
7.5398223686155035 1.0599604271544045
7.853981633974483 1.0149869721452116
8.168140899333462 0.9289419530986398
8.482300164692441 1.0407547781122357
8.79645943005142 1.002875571761663
9.1106186954104 0.9975893549927585
9.42477796076938 0.9786501976098547
9.738937226128359 0.9859712144539579
10.053096491487338 1.0461143740860575
10.367255756846317 0.9623868161357791
10.681415022205297 0.9597434675940882
10.995574287564276 0.9506394746774185
11.309733552923255 0.9666037920521146
11.623892818282235 0.9881957656282103
11.938052083641214 0.9818933108202205
12.252211349000193 0.9835771987862386
12.566370614359172 1.0168634382964234
12.880529879718152 1.0051145338148755
13.194689145077131 1.008759399418627
13.50884841043611 0.9995916109726006
13.82300767579509 1.0191309021749824
14.137166941154069 0.9835749045629263
14.451326206513048 0.9677289779750665
14.765485471872028 1.0010018883987855
15.079644737231007 1.0088361035660411
15.393804002589986 0.980826312408568
15.707963267948966 0.9947720738570116
16.022122533307943 0.9828020563128795
16.336281798666924 0.9934785078852778
16.650441064025905 1.0023073348502598
16.964600329384883 0.9808211354814289
17.27875959474386 1.0056070981572471
17.59291886010284 0.9913220911417994
17.907078125461823 1.011955425620101
18.2212373908208 1.0063038776899051
18.535396656179778 0.9877280813498808
18.84955592153876 0.976788671829881
19.16371518689774 1.014168145126076
19.477874452256717 1.0053284447613582
19.792033717615695 1.0182160104064657
20.106192982974676 1.0102481107747596
20.420352248333657 0.9819579203535052
20.734511513692635 1.002328199711687
21.048670779051612 1.0450852680900888
21.362830044410593 0.9995459647987306
21.676989309769574 0.9884106961133173
21.991148575128552 0.9904719182567241
22.30530784048753 0.9914305529090631
22.61946710584651 1.0178230409216475
22.93362637120549 0.9731896146301339
23.24778563656447 1.0407278048735442
23.561944901923447 0.9953021012463247
23.876104167282428 0.9897993517425194
24.19026343264141 0.9726920454904361
24.504422698000386 1.0339997168492334
24.818581963359364 1.0348498297671351
25.132741228718345 1.0170462015824944
25.446900494077326 0.9889268346938892
25.761059759436304 1.0063105164936557
26.07521902479528 0.9758289176978734
26.389378290154262 1.0426716628518433
26.703537555513243 0.9634571939483284
27.01769682087222 1.0225740676190074
27.3318560862312 1.032638187996329
27.64601535159018 0.9721855085745456
27.96017461694916 0.9858829191844967
28.274333882308138 1.0329248541352865
28.588493147667116 0.9987683642923632
28.902652413026097 0.982197003539903
29.216811678385078 1.003651291733784
29.530970943744055 1.0190169893949619
29.845130209103033 1.074801716008576
30.159289474462014 0.9447666255644522
30.473448739820995 1.0138967189705033
30.787608005179973 0.9674960624979364
31.10176727053895 0.9869186241801062
