0.15 0.856954802259887
0.44999999999999996 0.8672372881355932
0.75 0.8263935969868174
1.05 0.8632956685499058
1.3499999999999999 0.8757269303201507
1.65 0.9078568738229755
1.95 0.9387608286252354
2.25 0.9779679849340867
2.55 0.9207306967984934
2.85 0.9498003766478342
3.15 0.921939736346516
3.4499999999999997 0.9441996233521657
3.75 0.9930790960451977
4.05 1.0011242937853106
4.35 1.0224632768361581
4.6499999999999995 1.083039548022599
4.95 1.090975517890772
5.25 1.0933295668549905
5.55 1.0678022598870056
5.85 1.0704538606403013
6.1499999999999995 1.0605555555555555
6.45 1.0203898305084746
6.75 0.984587570621469
7.05 0.9786346516007532
7.35 0.9782580037664783
7.6499999999999995 0.9680790960451977
7.949999999999999 0.965286252354049
8.25 1.0311789077212805
8.549999999999999 1.0432354048964219
8.85 1.0591092278719398
9.15 1.094009416195857
9.45 1.0952335216572504
9.75 1.0445819209039549
10.049999999999999 1.003879472693032
10.35 1.0092165725047082
10.65 1.0072410546139359
10.95 1.0096459510357816
11.25 1.0106704331450094
11.549999999999999 0.9999811676082863
11.85 0.9843992467043314
12.15 0.963578154425612
12.45 0.9510772128060264
12.75 0.995225988700565
13.049999999999999 1.0551845574387948
13.35 1.0674425612052731
13.65 1.030482109227872
13.95 1.0507514124293786
14.25 1.0342071563088513
14.549999999999999 0.9977043314500942
14.85 1.0194237288135592
15.149999999999999 1.006774011299435
15.45 1.0042335216572504
15.75 0.9906610169491525
16.05 0.9328060263653484
16.349999999999998 0.941879472693032
16.65 1.0148832391713747
16.95 1.0234990583804142
17.25 1.0339284369114878
17.55 1.0244952919020716
17.849999999999998 1.0478022598870056
18.15 1.0051638418079096
18.45 1.0389209039548022
18.75 1.0377796610169492
19.05 1.0123201506591337
19.349999999999998 0.996171374764595
19.65 1.0004952919020715
19.95 0.9922730696798493
20.25 0.9965894538606404
20.55 1.0233258003766479
20.849999999999998 1.0269077212806026
21.15 0.9929774011299435
21.45 0.9371186440677967
21.75 0.9474199623352165
22.05 0.9756139359698681
22.349999999999998 1.035512241054614
22.65 0.9987306967984934
22.95 0.9995461393596987
23.25 0.9806892655367232
23.55 1.0098323917137477
23.849999999999998 1.028114877589454
24.15 1.0077721280602636
24.45 1.0034915254237289
24.75 1.0502448210922788
25.05 1.0392919020715632
25.349999999999998 1.0499887005649717
25.65 1.055195856873823
25.95 1.0947062146892654
26.25 1.0089924670433146
26.55 1.0029943502824858
26.849999999999998 0.9929943502824858
27.15 0.9847062146892656
27.45 0.9396873822975518
27.75 0.9297664783427495
28.05 0.9907815442561205
28.349999999999998 0.9942128060263653
28.65 0.9806610169491525
28.95 1.0069472693032016
29.25 1.0165235404896422
29.549999999999997 1.0119077212806027
29.849999999999998 0.996286252354049
