# k values and corresponding S(k) [pure estimator]
0.0 6.944858761209413
0.10471975511965977 1.1764613059275941
0.20943951023931953 1.0299482201478631
0.3141592653589793 1.00416312239558
0.41887902047863906 1.0001538957618146
0.5235987755982988 1.0001516912204103
0.6283185307179586 0.9770801993221394
0.7330382858376183 0.9718635655002661
0.8377580409572781 0.9871891830294336
0.9424777960769379 0.9781132459835195
1.0471975511965976 0.9821296273098715
1.1519173063162573 0.9832433161640702
1.2566370614359172 0.9874460952655613
1.361356816555577 0.9936736791902974
1.4660765716752366 0.9828397295165344
1.5707963267948966 0.9787752766544249
1.6755160819145563 0.9753325320903177
1.780235837034216 0.992571704470319
1.8849555921538759 0.989876918610544
1.9896753472735356 0.9921492743939155
2.0943951023931953 0.9755053801515849
2.199114857512855 0.9714872933799847
2.3038346126325147 0.9744467072458931
2.4085543677521746 0.9967630255207877
2.5132741228718345 0.9827327282242931
2.617993877991494 0.9880764337562657
2.722713633111154 0.9609528091935006
2.827433388230814 1.0005689307765375
2.9321531433504733 0.9798415252469685
3.036872898470133 0.9961265466578678
3.141592653589793 0.9771373579191428
3.2463124087094526 0.98321454305802
3.3510321638291125 0.9684022805979364
3.4557519189487724 0.9882430790761505
3.560471674068432 0.9823283349698972
3.665191429188092 0.994596890807186
3.7699111843077517 0.9981757889118807
3.874630939427411 0.996424584606338
3.979350694547071 0.9928912512097491
4.084070449666731 0.9984222808648263
4.1887902047863905 0.9652794619032933
4.29350995990605 0.9903053820940196
4.39822971502571 0.9893286480297487
4.50294947014537 0.9651448458744027
4.607669225265029 0.9639461087327785
4.71238898038469 0.9756889406619992
4.817108735504349 0.9898499702542142
4.921828490624009 1.0061388142332446
5.026548245743669 0.9950088964974514
5.1312680008633285 1.0012714955358328
5.235987755982988 0.978085440164191
5.340707511102648 0.9901222477137619
5.445427266222308 0.9857466683784557
5.550147021341967 0.9971947690235707
5.654866776461628 0.982865999878042
5.759586531581287 0.9679157867001075
5.864306286700947 0.9876569392635682
5.969026041820607 0.9890839522072911
6.073745796940266 0.9813011399831618
6.178465552059926 0.9806078856377104
6.283185307179586 0.9941582578298955
6.387905062299246 0.9912362158599872
6.492624817418905 1.0015541116526883
6.5973445725385655 0.9869280716362998
6.702064327658225 0.9778900962365614
6.8067840827778845 0.9837921442891615
6.911503837897545 0.985023330835464
7.016223593017204 0.9949267857833252
7.120943348136864 0.9806340656399618
7.225663103256524 0.9858034338512355
7.330382858376184 0.9747653128640889
7.435102613495843 0.9834685033707806
7.5398223686155035 0.9996282628014702
7.644542123735163 0.9809251340054969
7.749261878854822 0.9773843781838677
