# r  Cs(r) [pure estimator]
0.2 0.0007188896408395028
0.6000000000000001 0.0007194052109691636
1.0 0.0007176991412890585
1.4000000000000001 0.0007216017038654872
1.8 0.0007188012029308723
2.2 0.000718162257571416
2.6 0.0007173977468267405
3.0 0.0007163845290900483
3.4000000000000004 0.0007189557576009611
3.8000000000000003 0.0007163797812573981
4.2 0.000716168279207263
4.6000000000000005 0.0007154478382306272
5.0 0.0007159036228375597
5.4 0.0007150320583823079
5.800000000000001 0.0007169169683779618
6.2 0.0007139645876643065
6.6000000000000005 0.0007156102757502712
7.0 0.0007138211012544449
7.4 0.0007139960171256773
7.800000000000001 0.0007144954962600383
8.200000000000001 0.0007172081856813557
8.6 0.0007141897825711324
9.0 0.0007144888634484707
9.4 0.0007143016863319902
9.8 0.0007135614470229624
10.200000000000001 0.0007135655848726508
10.600000000000001 0.0007141361885846607
11.0 0.0007130384977056747
11.4 0.0007157063411097025
11.8 0.0007138311078263556
12.200000000000001 0.0007139863901606151
12.600000000000001 0.0007143202705623723
13.0 0.000713768636582407
13.4 0.0007147568365512487
13.8 0.0007135221180064919
14.200000000000001 0.0007140927970856361
14.600000000000001 0.0007143846378183809
15.0 0.0007133205689788072
15.4 0.0007124577533070406
15.8 0.0007138716061915242
16.2 0.0007133335420243507
16.6 0.0007132373362809482
17.0 0.0007148235119314768
17.400000000000002 0.0007112364957107343
17.8 0.0007138976869651706
18.2 0.0007155259350068649
18.6 0.0007135704718540662
19.0 0.0007133465920708294
19.400000000000002 0.0007095130598843656
19.8 0.00071063597752015
20.200000000000003 0.0007112598070246855
20.6 0.0007140969036382802
21.0 0.0007125873514424551
21.400000000000002 0.0007126299501434676
21.8 0.0007116266541273003
22.200000000000003 0.0007132738451223096
22.6 0.000711939047954267
23.0 0.0007147212986173207
23.400000000000002 0.0007135251823340972
23.8 0.0007149429311115693
24.200000000000003 0.000714028521914984
24.6 0.0007110440115350068
25.0 0.0007147613786548987
25.400000000000002 0.0007116427025541482
25.8 0.0007136988258498819
26.200000000000003 0.0007129826059870526
26.6 0.00071314378871314
27.0 0.0007117201480989256
27.400000000000002 0.0007110079627970726
27.8 0.0007115672882546545
28.200000000000003 0.0007147610151539166
28.6 0.000712561671594692
29.0 0.0007107770218551334
29.400000000000002 0.0007105428447641031
29.8 0.000713552478056008
30.200000000000003 0.0007133075139038693
30.6 0.0007131065148028316
31.0 0.0007122910422467009
31.400000000000002 0.0007136302957568563
31.8 0.0007127013917820241
32.2 0.0007112007009851932
32.6 0.0007111320832101929
33.0 0.0007134091457053764
33.4 0.0007127785243466556
33.800000000000004 0.0007127773610352859
34.2 0.0007135313201784922
34.6 0.0007103368706139018
35.0 0.0007119717699050347
35.4 0.0007117708339536963
35.800000000000004 0.0007129817037095385
36.2 0.0007115584301273511
36.6 0.0007130674985312083
37.0 0.0007124119493797209
37.4 0.00071162095870106
37.800000000000004 0.0007141935058788732
38.2 0.0007116308288086247
38.6 0.0007157130507141781
39.0 0.0007126510062617416
39.400000000000006 0.0007118151434513428
39.800000000000004 0.0007132976689590688
