# P_value  count
-1.0 951.0
-0.975 3961.0
-0.95 11853.0
-0.925 20340.0
-0.9 25572.0
-0.875 28465.0
-0.85 24994.0
-0.825 19114.0
-0.8 13949.0
-0.775 9661.0
-0.75 5398.0
-0.725 2780.0
-0.7 1651.0
-0.675 698.0
-0.65 349.0
-0.625 161.0
-0.6 73.0
-0.575 0.0
-0.55 23.0
-0.525 0.0
-0.5 0.0
-0.475 0.0
-0.45 0.0
-0.425 0.0
-0.4 0.0
-0.375 0.0
-0.35 0.0
-0.325 0.0
-0.3 0.0
-0.275 0.0
-0.25 0.0
-0.225 0.0
-0.2 0.0
-0.175 0.0
-0.15 0.0
-0.125 0.0
-0.1 0.0
-0.075 0.0
-0.05 0.0
-0.025 0.0
0.0 984.0
0.025 0.0
0.05 0.0
0.075 0.0
0.1 0.0
0.125 0.0
0.15 0.0
0.175 0.0
0.2 0.0
0.225 0.0
0.25 0.0
0.275 0.0
0.3 0.0
0.325 0.0
0.35 0.0
0.375 0.0
0.4 0.0
0.425 0.0
0.45 0.0
0.475 0.0
0.5 0.0
0.525 0.0
0.55 2.0
0.575 0.0
0.6 25.0
0.625 64.0
0.65 62.0
0.675 131.0
0.7 133.0
0.725 328.0
0.75 819.0
0.775 1624.0
0.8 2292.0
0.825 2763.0
0.85 3951.0
0.875 4367.0
0.9 4225.0
0.925 3349.0
0.95 1900.0
0.975 684.0
1.0 131.0
