# r  Cs(r) [pure estimator]
0.2 1.8766921468153056e-5
0.6000000000000001 2.2252993289947817e-5
1.0 2.4985342771906493e-5
1.4000000000000001 2.0322713518503826e-5
1.8 1.7849735234095917e-5
2.2 1.0460797291636613e-5
2.6 1.3038719218554675e-5
3.0 1.993762447865301e-5
3.4000000000000004 1.628763249697463e-5
3.8000000000000003 1.2166041302518187e-5
4.2 1.4569755768591651e-5
4.6000000000000005 1.2669247903400851e-5
5.0 9.535094853496508e-6
5.4 1.4490709342148047e-5
5.800000000000001 1.0515277381454784e-5
6.2 2.0328838947279423e-5
6.6000000000000005 5.294523958789337e-6
7.0 9.976962279769632e-6
7.4 2.563754538127693e-6
7.800000000000001 1.3584489573314969e-5
8.200000000000001 1.122841606096605e-5
8.6 4.383669759175285e-6
9.0 1.8262557498595966e-5
9.4 6.09316879923547e-6
9.8 6.918935017065177e-6
10.200000000000001 1.2895658628253422e-5
10.600000000000001 1.2161660018624093e-5
11.0 1.3207950114511791e-5
11.4 1.0002667158008907e-5
11.8 5.646128351337597e-6
12.200000000000001 6.495065288461398e-6
12.600000000000001 2.2188464975788732e-5
13.0 2.209044302613664e-6
13.4 4.978587943770099e-6
13.8 1.3110662185985603e-5
14.200000000000001 -1.7677326288679835e-7
14.600000000000001 5.734492978526935e-6
15.0 -3.226650968459357e-7
15.4 -2.7745208180489003e-6
15.8 1.0618668319967583e-6
16.2 4.8587979236272755e-6
16.6 6.988857146208859e-6
17.0 1.6444790479314036e-6
17.400000000000002 8.268079326453329e-6
17.8 9.123275865183172e-6
18.2 1.05688641786953e-5
18.6 6.19307079746368e-6
19.0 1.2309111724838035e-5
19.400000000000002 3.7947005869269192e-6
19.8 5.4041732507408735e-6
20.200000000000003 6.073781929866457e-6
20.6 -2.2551768622381155e-6
21.0 7.359085544997985e-6
21.400000000000002 2.67017658310013e-6
21.8 -3.82599234460177e-6
22.200000000000003 2.5719583810385783e-6
22.6 1.265527017744043e-5
23.0 3.852281500446424e-6
23.400000000000002 6.126406309755863e-6
23.8 -1.0430503098124184e-5
24.200000000000003 9.695107734128962e-6
24.6 -6.152661371881978e-6
25.0 6.7356200704384265e-6
25.400000000000002 2.968546883771408e-6
25.8 5.765827099483077e-7
26.200000000000003 3.7154257264493078e-6
26.6 6.00638870528529e-6
27.0 1.7202440963785479e-6
27.400000000000002 -6.922957503531467e-6
27.8 5.9330987484284506e-6
28.200000000000003 -1.8388337190363283e-7
28.6 5.986796034070712e-6
29.0 2.726760894949884e-6
29.400000000000002 1.3407454237067097e-6
29.8 1.0481595011389933e-5
30.200000000000003 2.2396869895482963e-6
30.6 7.713231992409067e-6
31.0 2.309520136931467e-6
31.400000000000002 2.537912297990352e-6
31.8 7.807830231344812e-7
32.2 1.9126582890121474e-6
32.6 -1.5525085395453476e-7
33.0 1.7658998010540554e-6
33.4 5.432406976573487e-6
33.800000000000004 1.1482282134659259e-7
34.2 6.031601256093183e-6
34.6 6.642956381107279e-6
35.0 9.5754995519573e-6
35.4 1.2414463934332982e-5
35.800000000000004 -3.805654617675297e-6
36.2 -2.812697585693267e-6
36.6 1.2907417483442756e-5
37.0 4.5360668905231805e-6
37.4 -5.245012281599131e-7
37.800000000000004 -1.2378887652872162e-6
38.2 -1.5300836802122718e-6
38.6 -3.2220342819485176e-6
39.0 -1.7724273324900208e-6
39.400000000000006 2.5310742797491077e-6
39.800000000000004 -6.3245100693801985e-6
