block_size         error    difference      rel_diff
-------------------------------------------------------
       2  3.931952e-08  1.627551e-08  4.139296e-01
       4  5.559503e-08  2.299971e-08  4.137008e-01
       8  7.859474e-08  3.247739e-08  4.132261e-01
      16  1.110721e-07  4.579351e-08  4.122863e-01
      32  1.568656e-07  6.438996e-08  4.104784e-01
      64  2.212556e-07  9.004317e-08  4.069644e-01
     128  3.112988e-07  1.246780e-07  4.005091e-01
     256  4.359768e-07  1.693808e-07  3.885088e-01
     512  6.053576e-07  2.217272e-07  3.662748e-01
    1024  8.270848e-07  2.705905e-07  3.271617e-01
    2048  1.097675e-06  2.933457e-07  2.672427e-01
    4096  1.391021e-06  2.609322e-07  1.875833e-01
    8192  1.651953e-06  1.726410e-07  1.045072e-01
   16384  1.824594e-06  5.878309e-08  3.221707e-02
   32768  1.883377e-06  5.194808e-08  2.758241e-02
   65536  1.935325e-06  2.450470e-07  1.266180e-01
  131072  2.180372e-06           ---           ---
