# k  S_s(k)
0.0 0.0
0.3141592653589793 1.3786228952269481
0.6283185307179586 0.8452421639679548
0.9424777960769379 2.0342399581217725
1.2566370614359172 0.6064013255786119
1.5707963267948966 1.2084806840994713
1.8849555921538759 0.8990703651696997
2.199114857512855 1.055360690976151
2.5132741228718345 0.9501219793183605
2.827433388230814 1.0030473443802095
3.141592653589793 0.8662825595948532
3.4557519189487724 1.0803862298503468
3.7699111843077517 0.959911994700756
4.084070449666731 1.016831158909876
4.39822971502571 1.0885886523640027
4.71238898038469 0.9860131367112434
5.026548245743669 0.9671757523336146
5.340707511102648 0.9537644707822177
5.654866776461628 0.9782047671288556
5.969026041820607 0.9819636637528338
6.283185307179586 1.0070568864658525
6.5973445725385655 1.094157278467981
6.911503837897545 0.9569061781047967
7.225663103256524 1.0455433865088886
7.5398223686155035 0.9773559130067797
7.853981633974483 0.9870395537311532
8.168140899333462 1.001212128347285
8.482300164692441 1.0236168179593668
8.79645943005142 1.0195442248681594
9.1106186954104 1.017464849685107
9.42477796076938 0.9804202187615677
9.738937226128359 0.9386803192432212
10.053096491487338 0.9910996416855283
10.367255756846317 1.013501743103617
10.681415022205297 1.0292069827899069
10.995574287564276 0.9701545847373613
11.309733552923255 1.0107339083327844
11.623892818282235 1.0066764745218966
11.938052083641214 0.9935246614658014
12.252211349000193 0.982070242749847
12.566370614359172 1.0242667439873667
12.880529879718152 1.0011108807363343
13.194689145077131 0.9639475109066997
13.50884841043611 0.9726266767849144
13.82300767579509 1.0352249174962669
14.137166941154069 1.0320324162212227
14.451326206513048 1.0089561294807512
14.765485471872028 1.0011914426262547
15.079644737231007 1.004387857808577
15.393804002589986 1.0136026764192239
15.707963267948966 1.007895762297576
16.022122533307943 0.9756566964367067
16.336281798666924 0.980648694049015
16.650441064025905 0.9865926405531243
16.964600329384883 1.005436887508129
17.27875959474386 0.9927114179993897
17.59291886010284 0.9937356994988539
17.907078125461823 0.9435727267246331
18.2212373908208 1.0004687024845904
18.535396656179778 0.9712180532363974
18.84955592153876 1.0398123980046008
19.16371518689774 0.9680887462528756
19.477874452256717 0.9641609852856644
19.792033717615695 0.988825159112082
20.106192982974676 1.0227014220201927
20.420352248333657 0.9982959757263952
20.734511513692635 0.9841113947995933
21.048670779051612 1.0114557769407686
21.362830044410593 1.008265818475235
21.676989309769574 1.0054937159229596
21.991148575128552 0.990806262719201
22.30530784048753 1.0424306348102355
22.61946710584651 1.038480135663025
22.93362637120549 1.0076771067250203
23.24778563656447 0.9814906402436602
23.561944901923447 1.0291921417355716
23.876104167282428 0.976504010631543
24.19026343264141 1.0447917949368977
24.504422698000386 0.9768581227994223
24.818581963359364 1.0232055467150194
25.132741228718345 0.9719596494081101
25.446900494077326 1.0211108395300843
25.761059759436304 1.0114790763366268
26.07521902479528 1.0389363080614444
26.389378290154262 1.0095850121431467
26.703537555513243 0.9676504397228538
27.01769682087222 0.977041193101081
27.3318560862312 0.9818184043193646
27.64601535159018 0.9959404835494854
27.96017461694916 0.9718042373193893
28.274333882308138 1.0018412000819978
28.588493147667116 0.9922060463881569
28.902652413026097 1.0336126304033448
29.216811678385078 1.0005759990822265
29.530970943744055 1.022536193214905
29.845130209103033 1.0005196275024226
30.159289474462014 1.027466715005213
30.473448739820995 0.991738835581418
30.787608005179973 1.0000510848669977
31.10176727053895 0.9631080890026981
