block_size         error    difference      rel_diff
-------------------------------------------------------
       2  3.856963e-08  1.593126e-08  4.130520e-01
       4  5.450089e-08  2.246316e-08  4.121614e-01
       8  7.696405e-08  3.158293e-08  4.103595e-01
      16  1.085470e-07  4.416671e-08  4.068903e-01
      32  1.527137e-07  6.114637e-08  4.003988e-01
      64  2.138601e-07  8.307750e-08  3.884666e-01
     128  2.969376e-07  1.093191e-07  3.681551e-01
     256  4.062566e-07  1.362816e-07  3.354569e-01
     512  5.425382e-07  1.506580e-07  2.776911e-01
    1024  6.931963e-07  1.492366e-07  2.152877e-01
    2048  8.424329e-07  1.362479e-07  1.617314e-01
    4096  9.786808e-07  1.320546e-07  1.349312e-01
    8192  1.110735e-06  1.415646e-07  1.274512e-01
   16384  1.252300e-06  7.255750e-08  5.793940e-02
   32768  1.324857e-06  6.826256e-09  5.152446e-03
   65536  1.331684e-06  2.054148e-07  1.542520e-01
  131072  1.537099e-06           ---           ---
