# P_value  count
-1.0 0.0
-0.9333333333333333 0.0
-0.8666666666666667 0.0
-0.8 0.0
-0.7333333333333333 19.0
-0.6666666666666666 116.0
-0.6 369.0
-0.5333333333333333 811.0
-0.4666666666666667 2073.0
-0.4 4234.0
-0.3333333333333333 7641.0
-0.26666666666666666 11765.0
-0.2 16615.0
-0.13333333333333333 21199.0
-0.06666666666666667 24139.0
0.0 27061.0
0.06666666666666667 25374.0
0.13333333333333333 20860.0
0.2 16619.0
0.26666666666666666 11400.0
0.3333333333333333 7428.0
0.4 4275.0
0.4666666666666667 1982.0
0.5333333333333333 837.0
0.6 316.0
0.6666666666666666 47.0
0.7333333333333333 28.0
0.8 1.0
0.8666666666666667 0.0
0.9333333333333333 0.0
1.0 0.0
