block_size         error    difference      rel_diff
-------------------------------------------------------
       2  3.367092e-08  1.390758e-08  4.130443e-01
       4  4.757850e-08  1.960876e-08  4.121349e-01
       8  6.718726e-08  2.756625e-08  4.102898e-01
      16  9.475351e-08  3.853486e-08  4.066853e-01
      32  1.332884e-07  5.331053e-08  3.999638e-01
      64  1.865989e-07  7.235335e-08  3.877480e-01
     128  2.589522e-07  9.484049e-08  3.662470e-01
     256  3.537927e-07  1.172652e-07  3.314516e-01
     512  4.710579e-07  1.286248e-07  2.730551e-01
    1024  5.996827e-07  1.217753e-07  2.030663e-01
    2048  7.214580e-07  1.021355e-07  1.415682e-01
    4096  8.235935e-07  6.477155e-08  7.864505e-02
    8192  8.883650e-07  7.632963e-08  8.592147e-02
   16384  9.646947e-07  7.316174e-08  7.583927e-02
   32768  1.037856e-06  5.828863e-08  5.616252e-02
   65536  1.096145e-06  -8.320124e-09  7.590349e-03
  131072  1.087825e-06           ---           ---
