# P_value  count
-1.0 0.0
-0.9666666666666667 0.0
-0.9333333333333333 0.0
-0.9 0.0
-0.8666666666666667 0.0
-0.8333333333333334 0.0
-0.8 66.0
-0.7666666666666667 57.0
-0.7333333333333333 142.0
-0.7 110.0
-0.6666666666666666 243.0
-0.6333333333333333 404.0
-0.6 444.0
-0.5666666666666667 238.0
-0.5333333333333333 315.0
-0.5 253.0
-0.4666666666666667 62.0
-0.43333333333333335 135.0
-0.4 112.0
-0.36666666666666664 19.0
-0.3333333333333333 86.0
-0.3 84.0
-0.26666666666666666 54.0
-0.23333333333333334 74.0
-0.2 73.0
-0.16666666666666666 54.0
-0.13333333333333333 58.0
-0.1 70.0
-0.06666666666666667 77.0
-0.03333333333333333 96.0
0.0 1069.0
0.03333333333333333 130.0
0.06666666666666667 150.0
0.1 220.0
0.13333333333333333 328.0
0.16666666666666666 424.0
0.2 608.0
0.23333333333333334 828.0
0.26666666666666666 1012.0
0.3 1653.0
0.3333333333333333 2385.0
0.36666666666666664 3102.0
0.4 4761.0
0.43333333333333335 6347.0
0.4666666666666667 8335.0
0.5 11081.0
0.5333333333333333 13196.0
0.5666666666666667 17703.0
0.6 18121.0
0.6333333333333333 19481.0
0.6666666666666666 20699.0
0.7 18053.0
0.7333333333333333 16190.0
0.7666666666666667 13184.0
0.8 8916.0
0.8333333333333334 4414.0
0.8666666666666667 3158.0
0.9 157.0
0.9333333333333333 276.0
0.9666666666666667 0.0
1.0 0.0
