0.1 -0.05616145612645309
0.30000000000000004 -0.07847289118304586
0.5 -0.1653848281967576
0.7000000000000001 -0.13676362461305022
0.9 -0.12781234599743002
1.1 -0.13465646784124324
1.3 -0.08827254305977711
1.5 -0.07221613103798526
1.7000000000000002 -0.0896909324065642
1.9000000000000001 -0.044959917656168136
2.1 -0.07876763888698794
2.3000000000000003 -0.10594760605991153
2.5 -0.04975549319041496
2.7 -0.00208572164453849
2.9000000000000004 -0.03344206058211638
3.1 -0.06914932457101132
3.3000000000000003 -0.05499803831663933
3.5 -0.04351858292179639
3.7 0.008047829191921041
3.9000000000000004 0.03688372010566064
4.1000000000000005 0.05445259963368494
4.3 0.010859546819247862
4.5 -0.007889371509617943
4.7 -0.034632889575123206
4.9 -0.07423912012894662
5.1000000000000005 -0.045018152850203504
5.300000000000001 -0.0953211793191853
5.5 -0.08540115629561375
5.7 -0.10421618398496053
5.9 -0.1103023069131745
6.1000000000000005 -0.12329579134558388
6.300000000000001 -0.09510672034211723
6.5 -0.05126321003963012
6.7 -0.011310360993905299
6.9 0.024726412056687172
7.1000000000000005 0.03613892997728687
7.300000000000001 0.05296475033998051
7.5 0.036667130891510656
7.7 0.036846854236732014
7.9 0.03629183291262927
8.1 -0.0007524095018571378
8.3 -0.005779680553268566
8.5 -0.005109018086492146
8.700000000000001 0.012349082535332323
8.9 0.02422365447392651
9.1 0.017798871561851972
9.3 0.02616338542404356
9.5 -0.01974868254488245
9.700000000000001 0.0025091416680225738
9.9 -0.008740476097340478
10.100000000000001 -0.03248516457744327
10.3 0.0036455949061550627
10.5 -0.031234754561032155
10.700000000000001 0.02702464046752267
10.9 -0.009246426246270475
11.100000000000001 -0.024776393948278425
11.3 -0.033237983327596504
11.5 -0.02541227037164801
11.700000000000001 0.03959259849143828
11.9 0.09021027389033619
12.100000000000001 0.11585215010193897
12.3 0.08395392085089912
12.5 -0.003947024483750109
12.700000000000001 -0.03605242894690429
12.9 -0.05497306530022336
13.100000000000001 -0.03954164259327345
13.3 -0.0378857482570394
13.5 -0.03412212000911522
13.700000000000001 -0.05789903003577803
13.9 -0.09250733920469709
14.100000000000001 -0.07611102659025981
14.3 -0.09656224941152125
14.5 -0.06440408851840826
14.700000000000001 -0.06147187678215393
14.9 -0.07466612794381235
15.100000000000001 -0.10570518866953073
15.3 -0.0715408267851042
15.5 -0.048241128220591414
15.700000000000001 -0.01623921598763959
15.9 -0.019539876913498712
16.1 -0.0648432428639099
16.3 -0.07187444574701406
16.5 -0.06086139470948265
16.7 -0.11170059614558601
16.900000000000002 -0.07891134320642548
17.1 -0.07336943023198053
17.3 -0.02681335595473388
17.5 -0.05063785693658802
17.7 -0.07304908562696268
17.900000000000002 -0.006165269541552573
18.1 -0.023230007856732085
18.3 -0.012535919685811673
18.5 0.040172665877602175
18.7 0.08419160876011153
18.900000000000002 0.07135048088997888
19.1 0.08515026287214181
19.3 0.04698014097732799
19.5 0.08920072699606915
19.700000000000003 0.07109039201111722
19.900000000000002 0.09493066076214893
