0.075 0.019827969147518474
0.22499999999999998 0.021907680549125088
0.375 0.0561814022182966
0.525 0.04949533035558907
0.6749999999999999 -0.010276553803339517
0.825 -0.021323962721260668
0.975 -0.06054514633743868
1.125 -0.04956666400296397
1.275 -0.08500697862337471
1.425 -0.05429181942270723
1.575 -0.06837973521198847
1.7249999999999999 -0.0543427775197399
1.875 -0.05165271390952325
2.025 -0.08650047677428144
2.175 -0.07055581221225686
2.3249999999999997 -0.06774838636252785
2.475 -0.08318403281638874
2.625 -0.0795191753683928
2.775 -0.09043013226904492
2.925 -0.08417186753639304
3.0749999999999997 -0.10570076113704555
3.225 -0.07752817362071393
3.375 -0.09742537829764027
3.525 -0.08020860839714813
3.675 -0.07822157240645976
3.8249999999999997 -0.09604673740866278
3.9749999999999996 -0.12773109243697478
4.125 -0.1575070110083295
4.2749999999999995 -0.1671731537532719
4.425 -0.09950308664274418
4.575 -0.13675988914084153
4.725 -0.11668680428802797
4.875 -0.05555134137399176
5.0249999999999995 -0.04850791891164891
5.175 -0.007522145791062503
5.325 0.0009384549982754887
5.475 -0.013458426686582026
5.625 0.017125056744360784
5.7749999999999995 0.03578964258494123
5.925 0.011544714105346549
6.075 0.021902566158781073
6.225 0.026665699057387294
6.375 0.05700137144921942
6.5249999999999995 0.03411462124520794
6.675 -0.005093760545048447
6.825 -0.0022296095366114766
6.975 -0.01120353897196711
7.125 -0.01624750693194532
7.2749999999999995 -0.0738508618536098
7.425 -0.06113779794304159
7.574999999999999 -0.06247055359246172
7.725 -0.04433440975959813
7.875 -0.03751818155890825
8.025 -0.031959426266372375
8.174999999999999 -0.07624519010844119
8.325 -0.11712471235375824
8.475 -0.1391849008494658
8.625 -0.10729703822391391
8.775 -0.09324768339055635
8.924999999999999 -0.13348406874644547
9.075 -0.10905822229105086
9.225 -0.12663868523616145
9.375 -0.14279003253863531
9.525 -0.1438682962474747
9.674999999999999 -0.1904155746911269
9.825 -0.12024493843041095
9.975 -0.10960353264764297
10.125 -0.09809496730167756
10.275 -0.11384231675211307
10.424999999999999 -0.08652117739579822
10.575 -0.0667722244213421
10.725 -0.08022730135625009
10.875 -0.03529611523414009
11.025 -0.0203088051189317
11.174999999999999 0.015257150042613835
11.325 0.00966401352398394
11.475 0.06082313292385801
11.625 -0.0037344458870038366
11.775 0.016426784640622333
11.924999999999999 -0.002718967244353059
12.075 -0.017674544592672852
12.225 -0.02113439574638725
12.375 -0.03010684534588917
12.525 0.03878182250773257
12.674999999999999 0.015804810975085744
12.825 0.057133835952962196
12.975 0.08665600902764717
13.125 0.08791071956667237
13.275 0.09704086134697701
13.424999999999999 0.09670929268704882
13.575 0.09363580747036161
13.725 0.0834788918985056
13.875 0.12437378990597081
14.025 0.11445923647767228
14.174999999999999 0.12780018589738124
14.325 0.10049715606266042
14.475 0.09993209881717816
14.625 0.04702617176354629
14.774999999999999 0.023714848647680458
14.924999999999999 0.03320711495559563
