# P_value  count
-1.0 0.0
-0.9666666666666667 0.0
-0.9333333333333333 0.0
-0.9 0.0
-0.8666666666666667 0.0
-0.8333333333333334 0.0
-0.8 0.0
-0.7666666666666667 0.0
-0.7333333333333333 0.0
-0.7 0.0
-0.6666666666666666 0.0
-0.6333333333333333 0.0
-0.6 0.0
-0.5666666666666667 0.0
-0.5333333333333333 0.0
-0.5 38.0
-0.4666666666666667 112.0
-0.43333333333333335 110.0
-0.4 175.0
-0.36666666666666664 494.0
-0.3333333333333333 749.0
-0.3 1584.0
-0.26666666666666666 2671.0
-0.23333333333333334 4415.0
-0.2 5954.0
-0.16666666666666666 8995.0
-0.13333333333333333 12233.0
-0.1 14824.0
-0.06666666666666667 17420.0
-0.03333333333333333 19422.0
0.0 21428.0
0.03333333333333333 19057.0
0.06666666666666667 16927.0
0.1 15215.0
0.13333333333333333 12184.0
0.16666666666666666 8849.0
0.2 6481.0
0.23333333333333334 4273.0
0.26666666666666666 2611.0
0.3 1797.0
0.3333333333333333 734.0
0.36666666666666664 538.0
0.4 306.0
0.43333333333333335 82.0
0.4666666666666667 27.0
0.5 8.0
0.5333333333333333 0.0
0.5666666666666667 0.0
0.6 0.0
0.6333333333333333 0.0
0.6666666666666666 0.0
0.7 0.0
0.7333333333333333 0.0
0.7666666666666667 0.0
0.8 0.0
0.8333333333333334 0.0
0.8666666666666667 0.0
0.9 0.0
0.9333333333333333 0.0
0.9666666666666667 0.0
1.0 0.0
