block_size         error    difference      rel_diff
-------------------------------------------------------
       2  8.284751e-08  3.427419e-08  4.137022e-01
       4  1.171217e-07  4.840506e-08  4.132886e-01
       8  1.655268e-07  6.827126e-08  4.124485e-01
      16  2.337980e-07  9.604108e-08  4.107865e-01
      32  3.298391e-07  1.344602e-07  4.076540e-01
      64  4.642993e-07  1.864312e-07  4.015323e-01
     128  6.507305e-07  2.542465e-07  3.907094e-01
     256  9.049771e-07  3.363609e-07  3.716789e-01
     512  1.241338e-06  4.212521e-07  3.393533e-01
    1024  1.662590e-06  4.702931e-07  2.828678e-01
    2048  2.132883e-06  4.501411e-07  2.110482e-01
    4096  2.583024e-06  2.966752e-07  1.148557e-01
    8192  2.879699e-06  1.155487e-07  4.012527e-02
   16384  2.995248e-06  -3.502601e-08  1.169386e-02
   32768  2.960222e-06  -2.591337e-08  8.753859e-03
   65536  2.934309e-06  2.058628e-07  7.015716e-02
  131072  3.140172e-06           ---           ---
