# P_value  count
-1.0 0.0
-0.9777777777777777 0.0
-0.9555555555555556 0.0
-0.9333333333333333 0.0
-0.9111111111111111 0.0
-0.8888888888888888 0.0
-0.8666666666666667 0.0
-0.8444444444444444 0.0
-0.8222222222222222 0.0
-0.8 0.0
-0.7777777777777778 0.0
-0.7555555555555555 0.0
-0.7333333333333333 0.0
-0.7111111111111111 0.0
-0.6888888888888889 0.0
-0.6666666666666666 0.0
-0.6444444444444445 0.0
-0.6222222222222222 0.0
-0.6 0.0
-0.5777777777777777 0.0
-0.5555555555555556 0.0
-0.5333333333333333 0.0
-0.5111111111111111 0.0
-0.4888888888888889 0.0
-0.4666666666666667 1.0
-0.4444444444444444 0.0
-0.4222222222222222 50.0
-0.4 31.0
-0.37777777777777777 35.0
-0.35555555555555557 86.0
-0.3333333333333333 230.0
-0.3111111111111111 497.0
-0.28888888888888886 723.0
-0.26666666666666666 1439.0
-0.24444444444444444 1907.0
-0.2222222222222222 2407.0
-0.2 3812.0
-0.17777777777777778 5199.0
-0.15555555555555556 6709.0
-0.13333333333333333 8092.0
-0.1111111111111111 10117.0
-0.08888888888888889 11598.0
-0.06666666666666667 13384.0
-0.044444444444444446 14152.0
-0.022222222222222223 14533.0
0.0 16550.0
0.022222222222222223 15056.0
0.044444444444444446 14401.0
0.06666666666666667 12718.0
0.08888888888888889 11094.0
0.1111111111111111 10848.0
0.13333333333333333 8840.0
0.15555555555555556 7063.0
0.17777777777777778 4877.0
0.2 3826.0
0.2222222222222222 2581.0
0.24444444444444444 1743.0
0.26666666666666666 1093.0
0.28888888888888886 739.0
0.3111111111111111 507.0
0.3333333333333333 303.0
0.35555555555555557 138.0
0.37777777777777777 122.0
0.4 35.0
0.4222222222222222 21.0
0.4444444444444444 28.0
0.4666666666666667 3.0
0.4888888888888889 0.0
0.5111111111111111 0.0
0.5333333333333333 0.0
0.5555555555555556 0.0
0.5777777777777777 0.0
0.6 0.0
0.6222222222222222 0.0
0.6444444444444445 0.0
0.6666666666666666 0.0
0.6888888888888889 0.0
0.7111111111111111 0.0
0.7333333333333333 0.0
0.7555555555555555 0.0
0.7777777777777778 0.0
0.8 0.0
0.8222222222222222 0.0
0.8444444444444444 0.0
0.8666666666666667 0.0
0.8888888888888888 0.0
0.9111111111111111 0.0
0.9333333333333333 0.0
0.9555555555555556 0.0
0.9777777777777777 0.0
1.0 0.0
