# r  Cs(r) [pure estimator]
0.225 1.2275104056892597e-5
0.675 1.3981934169523159e-5
1.125 1.2175718262654473e-5
1.575 1.2843865398191291e-5
2.025 1.2262778883093893e-5
2.475 1.0114473348857804e-5
2.9250000000000003 1.427986678953815e-5
3.375 1.1824145691661887e-5
3.825 1.5119387378179275e-5
4.275 1.170297966974818e-5
4.7250000000000005 1.1443987957353028e-5
5.175 9.067620612273127e-6
5.625 8.3058073322032e-6
6.075 1.042056042361439e-5
6.525 8.057191922513275e-6
6.9750000000000005 8.738025309230311e-6
7.425 1.0498449017358561e-5
7.875 7.99645970613551e-6
8.325000000000001 1.0856203366655266e-5
8.775 5.72533577871021e-6
9.225 8.385839176045912e-6
9.675 1.1101893812345517e-5
10.125 8.255815575089216e-6
10.575000000000001 7.034185683505441e-6
11.025 7.613032412515978e-6
11.475 8.894668157359305e-6
11.925 7.461634000380516e-6
12.375 7.597179244137805e-6
12.825000000000001 9.804081743928622e-6
13.275 6.074495322329323e-6
13.725 6.715706273138266e-6
14.175 7.454214735884959e-6
14.625 5.531151420824042e-6
15.075000000000001 5.180214934508766e-6
15.525 8.165892054167007e-6
15.975 5.630635252992296e-6
16.425 4.459830418272606e-6
16.875 8.734794192843286e-6
17.325 4.223310406697086e-6
17.775000000000002 3.680910054077561e-6
18.225 4.936525396380137e-6
18.675 3.343295028691989e-6
19.125 5.5522237751735015e-6
19.575 3.447792897851413e-6
20.025000000000002 5.487375382930354e-6
20.475 5.386362623798459e-6
20.925 5.428789713032467e-6
21.375 4.9732647011560455e-6
21.825 6.902376134579306e-6
22.275000000000002 2.70273165545015e-6
22.725 2.2148002295821876e-6
23.175 2.4369584870194686e-6
23.625 4.058626365381333e-6
24.075 5.852398027594718e-6
24.525000000000002 6.355926648786857e-6
24.975 3.4104182361604247e-6
25.425 3.207663639616441e-6
25.875 4.352651764335546e-6
26.325 2.728507607221578e-6
26.775000000000002 6.027490252916358e-6
27.225 1.858927855989637e-6
27.675 5.057747502019705e-6
28.125 2.6823677479362902e-6
28.575 4.958056639103786e-6
29.025000000000002 3.5218059201137906e-6
29.475 4.422755422683282e-6
29.925 4.195277479558455e-6
30.375 5.591374933952836e-6
30.825 1.951991776824736e-6
31.275000000000002 3.3402506938210458e-6
31.725 4.7277540054944456e-7
32.175000000000004 5.138036792564173e-6
32.625 5.115577040841595e-6
33.075 4.471852369961417e-6
33.525 4.135655045008394e-6
33.975 4.329110603566844e-6
34.425000000000004 3.2401150179138412e-6
34.875 7.929675338217296e-7
35.325 2.189958578279544e-6
35.775 8.12415733586401e-7
36.225 4.093528490024163e-6
36.675000000000004 -8.524523550393898e-7
37.125 3.553125228271618e-6
37.575 3.188529483969938e-6
38.025 2.2458637247899887e-6
38.475 3.22018157280388e-6
38.925000000000004 3.5243583325105204e-6
39.375 -7.569896363867113e-7
39.825 1.991043109815467e-6
40.275 2.039795457610242e-6
40.725 2.9537056421346182e-6
41.175000000000004 1.7181822537298665e-6
41.625 2.4429630298019557e-6
42.075 1.286948527403694e-6
42.525 2.1134287996826394e-6
42.975 2.5859179932945884e-6
43.425000000000004 -6.240724499402514e-7
43.875 3.013997836980252e-6
44.325 1.7243837936509107e-6
44.775 -1.8223642530603144e-6
