# block  <P^2>
1 0.0
2 0.01810370370370367
3 0.01553333333333346
4 0.019323885990552465
5 0.021193086419752948
6 0.016870536870536718
7 0.01680246913580244
8 0.014290864197530869
9 0.013943093943093876
10 0.016366913580246906
11 0.01188790123456795
12 0.020652839506172516
13 0.020088060088060092
14 0.015775775775775668
15 0.01294726825591029
16 0.013452345679012379
17 0.02057333333333315
18 0.024243950617283634
19 0.0196464197530864
20 0.02115703703703685
21 0.019678024691357945
22 0.0178898765432097
23 0.015007901234567836
24 0.012828641975308693
25 0.013966280632947213
26 0.015221728395061702
27 0.01397530864197526
28 0.017337283950617233
29 0.019025210915658435
30 0.013526226859560108
31 0.016823209876543167
32 0.014927407407407433
33 0.018999012345678946
34 0.014827654320987567
35 0.014814320987654268
36 0.01752543209876541
37 0.014923456790123376
38 0.020637427551007705
39 0.020529382716049066
40 0.014846913580246843
41 0.013476543209876604
42 0.013516049382716064
43 0.015565925925925884
44 0.021614320987654416
45 0.011980246913580253
46 0.02213333333333311
47 0.015242469135802399
48 0.01542222222222211
49 0.015074074074074
50 0.02095654320987642
51 0.01667988976630933
52 0.01627604938271606
53 0.017207901234567786
54 0.014919894919894861
55 0.016185679012345734
56 0.013460120126786696
57 0.016039506172839425
58 0.013935308641975345
59 0.01648197530864196
60 0.013944691358024605
61 0.016415308641975285
62 0.013339259259259276
63 0.014631604938271503
64 0.018335245001911592
65 0.018064691358024625
66 0.01421975308641974
67 0.014476543209876585
68 0.017766419753086404
69 0.020373827160493747
70 0.018929382716049253
71 0.011356543209876585
72 0.016477530864197516
73 0.01453255724860663
74 0.020378009413271995
75 0.02186136754037991
76 0.018700805367471793
77 0.015917530864197393
78 0.027368680702013842
79 0.011595061728394997
80 0.01767358024691349
81 0.016655173692210652
82 0.019972893718735184
83 0.01249975308641972
84 0.014891851851851802
85 0.013729382716049402
86 0.017619259259259175
87 0.017800987654320977
88 0.01941629629629606
89 0.021057777777777554
90 0.01609472413198286
91 0.013697283950617268
92 0.010455802469135779
93 0.016201975308642057
94 0.013523456790123501
95 0.015286913580246848
96 0.017272592592592527
97 0.016161840853198807
98 0.017871111111111056
99 0.013511604938271566
100 0.01730864197530851
101 0.014306666666666664
102 0.013006913580246884
103 0.014746666666666556
104 0.013643456790123354
105 0.01703926148370597
106 0.018658658658658542
107 0.02046469135802472
108 0.013017777777777729
109 0.00917333333333327
110 0.014729961396628029
111 0.013484938271604956
112 0.018815109930647694
113 0.022604555937889202
114 0.014850864197530794
115 0.014593358790889601
116 0.016677150010483352
117 0.012078745412078718
118 0.01581677581677585
119 0.016018271604938284
120 0.013338271604938275
121 0.01477876543209876
122 0.013544197530864168
123 0.01738924109294479
124 0.017674074074074064
125 0.019492345679012237
126 0.01895358024691347
127 0.015607407407407382
128 0.016487104388338933
129 0.01306689405454846
130 0.010794567901234542
131 0.01645530864197519
132 0.018597037037036926
133 0.021287847954514418
134 0.01494913580246912
135 0.01623654320987642
136 0.018538765432098658
137 0.02041086419753076
138 0.013869587202920428
139 0.014996543209876588
140 0.01351111111111099
141 0.01583058916392247
142 0.017453333333333272
143 0.017270109615788513
144 0.015358518518518419
145 0.024340740740740482
146 0.028079506172839195
147 0.012681975308641883
148 0.01740049382716035
149 0.015593580246913536
150 0.017470617283950562
151 0.019799999999999866
152 0.014498271604938192
153 0.012690864197530854
154 0.01774567901234562
155 0.014941234567901203
156 0.019897283950617226
157 0.016565432098765362
158 0.01676049382716039
159 0.015181601354440822
160 0.01644938271604936
161 0.01046923466676552
162 0.01720938271604936
163 0.023096296296296143
164 0.01781432098765422
165 0.018121481481481336
166 0.022754074074073802
167 0.016368395061728234
168 0.016035061728395122
169 0.02070271604938262
170 0.013022533022532926
171 0.01562024691358022
172 0.010457283950617176
173 0.017348641975308606
174 0.02075555555555532
175 0.023073580246913403
176 0.019036049382716018
177 0.011891851851851846
178 0.016220246913580157
179 0.013034567901234561
180 0.014390547723881124
181 0.018396293832088854
182 0.01981432098765418
183 0.018924444444444462
184 0.014957673723105904
185 0.015250864197530817
186 0.020640493827160347
187 0.014185185185185134
188 0.013150617283950493
189 0.016628641975308507
190 0.01927654320987637
191 0.021004938271604885
192 0.019057777777777608
193 0.015157037037036917
194 0.014823703703703632
195 0.018658271604938242
196 0.021239012345678952
197 0.014575547908881171
198 0.013156049382716061
199 0.017424832239647022
200 0.01640790123456781
201 0.021006191376561702
202 0.016199506172839342
203 0.01304839506172827
204 0.015417392701343338
205 0.01695209876543202
206 0.01878567901234549
207 0.01543555555555553
208 0.02230773983860405
