# block  <P>
1 0.0
2 -0.02715555555555559
3 0.009355555555555516
4 -0.0014652014652014426
5 -0.03964444444444459
6 -0.027727827727827645
7 -0.02002222222222218
8 0.021755555555555514
9 0.027328227328227254
10 -0.01042222222222222
11 -0.0035333333333332903
12 0.041955555555555676
13 0.012054612054612097
14 -0.029674118563007362
15 -0.016238460682905107
16 -0.014599999999999957
17 0.021711111111111105
18 -0.011022222222222234
19 0.044977777777777825
20 0.03379999999999995
21 -0.0029777777777778075
22 -0.04148888888888915
23 0.005444444444444497
24 -0.008488888888888909
25 -0.007725607725607736
26 -0.02417777777777776
27 -0.0036888888888888943
28 0.01471111111111113
29 -0.00968603874415498
30 -0.007725607725607736
31 0.011133333333333332
32 0.007600000000000002
33 -0.018555555555555506
34 0.015999999999999966
35 0.013488888888888882
36 0.008555555555555512
37 0.0061777777777777465
38 -0.00883105327549763
39 -0.01617777777777779
40 -0.013355555555555534
41 -0.025466666666666603
42 0.009555555555555555
43 -0.027933333333333265
44 -0.005800000000000016
45 -0.01399999999999998
46 0.044488888888889
47 0.021066666666666657
48 -0.04164444444444447
49 -0.013444444444444457
50 -0.004466666666666706
51 -0.027293960627293893
52 -0.0035333333333333362
53 0.010044444444444455
54 -0.020224220224220168
55 0.006133333333333262
56 -0.005328005328005334
57 -0.019688888888888877
58 0.05259999999999997
59 -0.018488888888888846
60 -0.005777777777777804
61 -0.0014444444444444737
62 -0.017199999999999993
63 0.002955555555555561
64 -0.03520923520923513
65 -0.03615555555555516
66 0.0010444444444444514
67 0.009399999999999978
68 0.02215555555555554
69 0.02691111111111105
70 0.013199999999999996
71 -0.02397777777777774
72 -0.023444444444444407
73 -0.02480258035813585
74 0.011222000443557345
75 -0.05202980758536303
76 -0.013253413253413256
77 -0.004466666666666679
78 0.01112221112221111
79 0.016577777777777733
80 -0.013888888888888935
81 -0.0021577132688243923
82 0.005588822355289455
83 0.007911111111111145
84 0.013911111111111082
85 -0.04111111111111105
86 -0.00828888888888886
87 -0.03984444444444448
88 0.046400000000000226
89 -0.03342222222222232
90 -0.003526280771789771
91 0.0009555555555555505
92 -0.004022222222222216
93 -0.029888888888888968
94 0.004999999999999988
95 0.0230222222222222
96 -0.01153333333333332
97 0.01688355021688351
98 -0.0020666666666666715
99 -0.007933333333333343
100 -0.026711111111111047
101 -0.018066666666666634
102 -0.025888888888888816
103 0.024444444444444414
104 -0.03613333333333334
105 0.004626849071293506
106 -0.04066288510732979
107 -0.03846666666666661
108 -0.007888888888888864
109 -0.005866666666666679
110 -0.028105228105228027
111 -0.0032222222222222205
112 0.00785745905267816
113 -0.006171606171606199
114 -0.010733333333333319
115 0.00960960960960964
116 0.03199023199023192
117 0.016794572350127903
118 -0.027727827727827666
119 -0.017666666666666633
120 -0.014355555555555557
121 0.013444444444444478
122 0.03459999999999994
123 -0.007385162940718489
124 -0.003111111111111097
125 0.04808888888888884
126 -0.010199999999999987
127 -0.005177777777777778
128 0.013457902346791248
129 0.010721832944055128
130 0.010066666666666665
131 -0.015377777777777794
132 -0.020866666666666634
133 0.0009102009102008945
134 0.012266666666666676
135 -0.021311111111111062
136 0.023844444444444383
137 -0.001111111111111117
138 0.020734820734820705
139 -0.004800000000000009
140 0.010844444444444459
141 0.011921411921411877
142 -0.0029111111111111343
143 0.021109998887776642
144 0.006466666666666663
145 0.0483111111111113
146 0.02237777777777775
147 -0.019444444444444407
148 0.012044444444444408
149 0.00646666666666666
150 -0.010977777777777756
151 -0.01922222222222218
152 -0.007088888888888876
153 -0.016555555555555535
154 -0.007844444444444435
155 -0.02142222222222222
156 -0.01208888888888887
157 -0.047133333333332715
158 0.03279999999999993
159 0.023178734289845352
160 0.037155555555555685
161 0.004026248470692913
162 0.05491111111111113
163 0.012888888888888905
164 0.001200000000000011
165 0.020177777777777735
166 0.027311111111111033
167 0.023599999999999947
168 0.004422222222222219
169 0.01922222222222218
170 0.0098790098790099
171 -0.00708888888888889
172 -0.004977777777777787
173 0.042066666666666815
174 0.0384888888888886
175 0.009511111111111081
176 0.01155555555555557
177 -0.010777777777777765
178 -0.010977777777777763
179 -0.007888888888888885
180 0.004750804750804798
181 -0.00800620980261697
182 0.038533333333333135
183 0.027511111111111135
184 0.007140473807140431
185 0.014644444444444389
186 0.01895555555555553
187 0.011355555555555568
188 -0.013466666666666675
189 -0.008155555555555532
190 0.01433333333333329
191 -0.02682222222222251
192 -0.011555555555555536
193 -0.01020000000000001
194 0.025111111111111063
195 0.03113333333333331
196 0.03802222222222227
197 0.022444222444222416
198 0.02477777777777772
199 0.03995106217328418
200 -0.001288888888888883
201 -0.021955288621955265
202 -0.03319999999999997
203 -0.0030000000000000204
204 0.01270159047936827
205 0.025644444444444373
206 0.01224444444444447
207 0.01046666666666665
208 0.017083750417083734
