# r  Cs(r) [pure estimator]
0.075 2.9797786599750084e-5
0.22499999999999998 3.32721930037974e-5
0.375 3.254489234952839e-5
0.525 3.5639638345765646e-5
0.6749999999999999 3.473654730627467e-5
0.825 3.141894455050087e-5
0.975 3.1606159263541484e-5
1.125 3.1634434940552794e-5
1.275 3.160801689834233e-5
1.425 2.545117065321954e-5
1.575 3.358155832823082e-5
1.7249999999999999 2.9775829824009826e-5
1.875 3.008453412422604e-5
2.025 3.0242731347825785e-5
2.175 3.0001553971576463e-5
2.3249999999999997 2.9276037941453533e-5
2.475 2.890505691734867e-5
2.625 2.110151306006982e-5
2.775 2.898567357493182e-5
2.925 3.2854893405257964e-5
3.0749999999999997 2.444445475952801e-5
3.225 3.0695238653276045e-5
3.375 2.793919359671775e-5
3.525 2.632638530672355e-5
3.675 2.8909688551404618e-5
3.8249999999999997 2.852366181509756e-5
3.9749999999999996 2.9552607561532962e-5
4.125 2.3689113315780136e-5
4.2749999999999995 2.5737284585942822e-5
4.425 2.2940811668883686e-5
4.575 2.916604996057503e-5
4.725 3.241920274491786e-5
4.875 2.5500136122116674e-5
5.0249999999999995 2.735969532815595e-5
5.175 2.7170704247433616e-5
5.325 2.6714245138080786e-5
5.475 2.6775838643231378e-5
5.625 2.7325370659710455e-5
5.7749999999999995 3.0885604043485295e-5
5.925 3.100461175604692e-5
6.075 2.4710484407580748e-5
6.225 2.4105780591446774e-5
6.375 2.611262503770825e-5
6.5249999999999995 3.2598466866348426e-5
6.675 2.8886486059696053e-5
6.825 2.372536770409534e-5
6.975 2.897527915025711e-5
7.125 2.7307619446728366e-5
7.2749999999999995 2.7444082313052628e-5
7.425 2.5402171735207244e-5
7.574999999999999 2.245229197618581e-5
7.725 2.2639602022776416e-5
7.875 2.345642186165833e-5
8.025 2.644607622978319e-5
8.174999999999999 2.245301873836918e-5
8.325 2.3945665132425718e-5
8.475 2.5824132072760384e-5
8.625 3.1608180273934045e-5
8.775 2.6294587316114612e-5
8.924999999999999 2.7445657299299346e-5
9.075 2.4121598565190057e-5
9.225 3.025909873333789e-5
9.375 2.7017856551004023e-5
9.525 2.4632906416316232e-5
9.674999999999999 2.476654636382709e-5
9.825 2.7941287319025216e-5
9.975 2.978856605522264e-5
10.125 2.798177060011246e-5
10.275 2.3586750063064882e-5
10.424999999999999 2.44931585188866e-5
10.575 2.669496042040561e-5
10.725 2.1517331152401142e-5
10.875 2.5418468817506463e-5
11.025 2.3376668956520133e-5
11.174999999999999 2.6857597009511526e-5
11.325 2.730854939430077e-5
11.475 2.2336801051207193e-5
11.625 2.4747596768054954e-5
11.775 2.5144897635738846e-5
11.924999999999999 2.3187074468186317e-5
12.075 2.213708106483236e-5
12.225 2.437653213796306e-5
12.375 2.1400146734074786e-5
12.525 2.8004417892513357e-5
12.674999999999999 2.552331899115166e-5
12.825 2.2347341279735464e-5
12.975 2.5495634228653647e-5
13.125 2.841012667297102e-5
13.275 2.380962069596544e-5
13.424999999999999 2.5315314639893743e-5
13.575 2.2040540157023357e-5
13.725 2.314071622782962e-5
13.875 2.4546164631371495e-5
14.025 2.7587533328032367e-5
14.174999999999999 3.062498939273886e-5
14.325 2.5704612450365423e-5
14.475 2.2514453653381904e-5
14.625 2.5137647030393714e-5
14.774999999999999 2.7314514399527185e-5
14.924999999999999 1.5219377742727397e-5
