# P_value  count
-1.0 0.0
-0.9333333333333333 0.0
-0.8666666666666667 0.0
-0.8 43.0
-0.7333333333333333 108.0
-0.6666666666666666 499.0
-0.6 1151.0
-0.5333333333333333 2181.0
-0.4666666666666667 3794.0
-0.4 5742.0
-0.3333333333333333 9221.0
-0.26666666666666666 12921.0
-0.2 16343.0
-0.13333333333333333 18190.0
-0.06666666666666667 21630.0
0.0 22380.0
0.06666666666666667 20894.0
0.13333333333333333 19200.0
0.2 16313.0
0.26666666666666666 12545.0
0.3333333333333333 9108.0
0.4 6428.0
0.4666666666666667 3620.0
0.5333333333333333 2052.0
0.6 1020.0
0.6666666666666666 547.0
0.7333333333333333 100.0
0.8 75.0
0.8666666666666667 42.0
0.9333333333333333 0.0
1.0 0.0
