# block  <P>
1 0.0
2 0.023399999999999917
3 -0.007133333333333303
4 -0.027333333333333286
5 -0.013466666666666708
6 -0.023666666666666628
7 -0.002133333333333336
8 0.01239999999999994
9 0.007607607607607653
10 0.04326666666666677
11 0.03179999999999996
12 0.0486666666666667
13 -0.0013333333333332823
14 0.0035333333333333597
15 0.01486666666666669
16 0.01206666666666669
17 0.02384282384282379
18 0.024466666666666623
19 0.003533333333333316
20 0.011933333333333337
21 -0.0021333333333333213
22 -0.0006666666666666511
23 -0.005333333333333352
24 -0.015999999999999993
25 -0.0073999999999999995
26 -0.008724608724608722
27 -0.019599999999999947
28 0.016533333333333348
29 -0.042776109442776086
30 -0.016733333333333364
31 -0.015999999999999952
32 -0.011745078411745094
33 0.016866666666666648
34 0.007799999999999996
35 0.020399999999999967
36 0.04659999999999993
37 0.06893333333333368
38 0.02193333333333325
39 0.03640000000000019
40 0.004466666666666663
41 -0.03913333333333335
42 -0.004133333333333306
43 0.0028666666666666576
44 0.05186666666666675
45 -0.02573333333333328
46 -0.007466666666666635
47 -0.029570429570429498
48 -0.02226666666666661
49 0.005533333333333357
50 0.030533333333333284
51 0.011999999999999981
52 0.00972360972360971
53 -0.00359999999999998
54 -0.010999999999999994
55 -0.04240000000000027
56 0.016000000000000042
57 -0.013999999999999992
58 -0.017951284617951268
59 -0.006200000000000037
60 -0.024866666666666686
61 -0.0614666666666669
62 -0.026799999999999897
63 -0.009075742409075722
64 -0.0023999999999999794
65 -0.002133333333333329
66 0.014466666666666652
67 -0.0008666666666666394
68 0.024799999999999968
69 0.044200000000000024
70 0.020533333333333435
71 -0.004666666666666667
72 -0.035400000000000015
73 0.009124209124209104
74 0.005271938605271963
75 0.012266666666666664
76 0.006460206460206476
77 -0.00720000000000002
78 -0.007340674007340666
79 -0.021421421421421456
80 0.010666666666666694
81 -0.007466666666666642
82 0.014933333333333297
83 0.017933333333333322
84 -0.032266666666666645
85 -0.058874458874458954
86 -0.021955288621955303
87 -0.028933333333333342
88 0.022956289622956257
89 0.017382617382617333
90 0.0044666666666666795
91 -0.0074666666666666735
92 -0.030533333333333173
93 -0.05533333333333328
94 -0.0003333333333333126
95 0.00326666666666665
96 -0.033799999999999934
97 -0.031799999999999926
98 -0.001866666666666674
99 -0.046800000000000265
100 -0.016599999999999976
101 -0.004542418169672637
102 0.023200000000000005
103 0.027266666666666523
104 0.03459999999999976
105 -0.0031333333333333556
106 -0.03413333333333331
107 0.02993333333333335
108 -0.056066666666666654
109 -0.007607607607607604
110 -0.006133333333333371
111 0.020133333333333347
112 0.08920000000000015
113 0.03526666666666664
114 0.024424424424424378
115 0.01186666666666666
116 -0.007133333333333355
117 -0.0346
118 0.04333333333333322
119 0.041799999999999886
120 -0.0016666666666666657
121 0.02206666666666667
122 -0.010799999999999988
123 -0.0023310023310023488
124 0.024733333333333326
125 0.009799999999999955
126 0.045733333333333286
127 0.033599999999999956
128 -0.030399999999999844
129 -0.00320000000000004
130 -0.049933333333333295
131 -0.08993333333333339
132 -0.03129796463129795
133 0.013733333333333332
134 -0.00579420579420582
135 -0.020600000000000028
136 0.002866666666666809
137 0.03133333333333331
138 -0.00246666666666664
139 -0.01126666666666667
140 -0.06006006006006004
141 -0.03586666666666668
142 -0.05933333333333362
143 -0.03359999999999994
144 0.01960000000000007
145 0.03139999999999993
146 0.009466666666666677
147 -0.001799999999999986
148 -0.024533333333333313
149 -0.010333333333333306
150 0.05801729873586161
151 0.048933333333333336
152 0.0014014014014013814
153 0.0015984015984016175
154 0.031199999999999783
155 -0.004000000000000048
156 0.009733333333333266
157 -0.025133333333333358
158 0.04026666666666666
159 0.009266666666666635
160 -0.0031999999999999785
161 0.01158841158841163
162 0.029933333333333312
163 0.007392607392607312
164 0.006399999999999959
165 0.01826666666666666
166 -0.004133333333333316
167 -0.04211576846307387
168 -0.008733333333333355
169 -0.009933333333333363
170 -0.01613333333333347
171 0.0660666666666668
172 -0.005733333333333293
173 0.03506666666666663
174 0.03113333333333312
175 -0.00046666666666669447
176 0.0404000000000001
177 0.004200000000000006
178 -0.009933333333333303
179 -0.02075408742075413
180 0.00106666666666669
181 -0.03479999999999994
182 0.008533333333333398
183 0.027533333333333278
184 0.006399999999999947
185 -0.009066666666666662
186 -0.009333333333333369
187 0.020133333333333378
188 -0.003333333333333351
189 -0.014133333333333305
190 0.029466666666666717
191 -0.031765098431765046
192 -0.004200000000000006
193 -0.011800000000000074
194 -0.028599999999999987
195 0.0019333333333333186
196 0.026733333333333352
197 -0.00886666666666667
198 -0.01279999999999992
199 -0.0182000000000001
200 0.03699999999999999
201 -0.01165501165501167
202 0.0012666666666666466
203 -0.043466666666666744
204 0.06093333333333318
205 -0.017866666666666642
206 -0.006933333333333355
207 0.0016683350016683427
208 0.012866666666666679
