# block  <P^2>
1 0.0
2 0.5379412345679017
3 0.6779283950617309
4 0.7116720316720345
5 0.683728888888886
6 0.6355195061728378
7 0.6862908641975256
8 0.6711328612563213
9 0.6834108641975399
10 0.6692188484781069
11 0.677316543209884
12 0.7136617283950611
13 0.7010982716049382
14 0.6724523456790126
15 0.6777214814814849
16 0.6675068141734815
17 0.714543703703703
18 0.6580943209876575
19 0.6790553086419782
20 0.6878691036715734
21 0.6936809876543273
22 0.6907491358024699
23 0.6947160493827147
24 0.713102716049376
25 0.6935239506172872
26 0.696199999999996
27 0.6865555555555605
28 0.6873985185185227
29 0.6862740740740728
30 0.682902222222223
31 0.6838534305200997
32 0.6964133333333313
33 0.7056227160493852
34 0.692500401636199
35 0.687153580246912
36 0.6753758024691386
37 0.6758676543209882
38 0.6954099778791097
39 0.6425608958942343
40 0.6848113580246956
41 0.6737195061728387
42 0.7061372839506171
43 0.6851600000000011
44 0.6750597530864224
45 0.6669708641975274
46 0.6612133333333374
47 0.6902227160493881
48 0.6776676543209875
49 0.6787580394765961
50 0.6803590123456802
51 0.6834701368034701
52 0.6961946695280031
53 0.6985123394999945
54 0.6791456790123432
55 0.7097451851851848
56 0.7022098765432028
57 0.6694477193242679
58 0.6958034567901226
59 0.6948765432098734
60 0.7168036901370226
61 0.6862229128895794
62 0.706392592592598
63 0.6646138271604891
64 0.6987842163150828
65 0.6797456790123476
66 0.6969614814814867
67 0.67832049382716
68 0.6975372839506147
69 0.7044809876543184
70 0.69097937443617
71 0.706176790123458
72 0.7179570370370302
73 0.6493084935302689
74 0.6733020066353377
75 0.703799506172844
76 0.6787772839506176
77 0.7224335802469198
78 0.7038543209876507
79 0.6928360493827174
80 0.6811008539403612
81 0.635046419753085
82 0.6744869135802481
83 0.665081975308639
84 0.6851175308641972
85 0.6870034567901242
86 0.6750365432098748
87 0.6448144448144499
88 0.6831851851851837
89 0.6767748148148102
90 0.6764460231126884
91 0.682315555555559
92 0.7055496296296329
93 0.6874602469135779
94 0.6858972839506214
95 0.7102335802469103
96 0.7096488888888832
97 0.6949200000000082
98 0.6958493827160479
99 0.6946022565775624
100 0.7202439506172884
101 0.6799353086419745
102 0.6729303703703711
103 0.7062695329361971
104 0.7018374218374195
105 0.688292345679005
106 0.6830780246913541
107 0.6798932265598915
108 0.6887935802469168
109 0.7024711111111146
110 0.6411456790123462
111 0.6527303703703667
112 0.6841190123456813
113 0.7047506172839497
114 0.7067362962962933
115 0.6864799398132632
116 0.6882602469135835
117 0.6663279012345714
118 0.7096562962962936
119 0.6779920661402217
120 0.7006794448769749
121 0.7168207407407403
122 0.6746049382716034
123 0.7061111111111126
124 0.6851520987654277
125 0.7081234567901195
126 0.6769970370370393
127 0.6985283950617291
128 0.6683970370370443
129 0.6749916049382689
130 0.7168311111111035
131 0.6730198196864824
132 0.6792350617283887
133 0.679690370370369
134 0.6856698673982677
135 0.6383175308642035
136 0.6711679580815381
137 0.6919945679012369
138 0.7047353086419721
139 0.6999195061728413
140 0.679294814814816
141 0.6480153086419774
142 0.6491703703703693
143 0.6616666666666683
144 0.6575871604938273
145 0.6431945679012385
146 0.7001353086419815
147 0.6795392592592538
148 0.6371486419753142
149 0.6601476543209872
150 0.6707437037037036
151 0.6657866666666696
152 0.6583723456790093
153 0.7098108641975319
154 0.6761985185185246
155 0.6926900260233663
156 0.7066207407407398
157 0.6684538271604941
158 0.6590765432098782
159 0.6934385185185172
160 0.6778720987654313
161 0.6995204938271556
162 0.6635066666666624
163 0.686559012345677
164 0.6798088888888884
165 0.671883456790126
166 0.6887229629629688
167 0.6737959870358003
168 0.6645158738985878
169 0.6959069515290413
170 0.6867135802469159
171 0.6913298765432104
172 0.666461728395067
173 0.6669535802469159
174 0.676771851851859
175 0.6729876543209934
176 0.7038549660771874
177 0.6976406309739588
178 0.6801006401006392
179 0.7038999493320465
180 0.7269160493827145
181 0.6869763590751263
182 0.728004938271606
183 0.7210662514366282
184 0.6574962962963001
185 0.6997570370370345
186 0.6816948148148116
187 0.689690370370369
188 0.653155061728392
189 0.6483333333333295
190 0.6823836181860845
191 0.6884523456790133
192 0.713579753086425
193 0.6790069135802487
194 0.697913580246914
195 0.6612074074074141
196 0.6557866666666651
197 0.6775091358024714
198 0.6765609876543172
199 0.6786370370370333
200 0.6503535802469145
201 0.6843081481481493
202 0.6865753086419732
203 0.6456237037037039
204 0.6695876543209878
205 0.6580725925925934
206 0.6807925925925873
207 0.6924384257717574
208 0.6686572839506186
