0.225 0.06572099647418402
0.675 0.07411597782068124
1.125 0.1083122452882932
1.575 0.06587013300006482
2.025 0.006278794980188964
2.475 -0.00799129884024958
2.9250000000000003 -0.035598629853725194
3.375 0.00625764566114518
3.825 0.015035629097845608
4.275 -0.0011156127062415596
4.7250000000000005 -0.04242057273115828
5.175 -0.11201704200433928
5.625 -0.07042329221658929
6.075 -0.060941899668579186
6.525 -0.04078284697444388
6.9750000000000005 -0.01064043297066924
7.425 0.07829668659685024
7.875 0.03398703687331742
8.325000000000001 -0.012725137384647079
8.775 -0.048610434980634706
9.225 -0.09488338152412042
9.675 -0.12707970049015413
10.125 -0.06616067052865705
10.575000000000001 -0.07105207334788691
11.025 -0.052132232695536
11.475 -0.09615315654920221
11.925 -0.08507917893695878
12.375 -0.07853920172936579
12.825000000000001 -0.07359972902097225
13.275 0.011383634946694815
13.725 0.04378483255856306
14.175 0.06968102855212586
14.625 0.13572978561071716
15.075000000000001 0.12918078820615822
15.525 0.11419818239460591
15.975 0.05968608175998512
16.425 0.033728234380737056
16.875 -0.04287322015577758
17.325 -0.10026446104967963
17.775000000000002 -0.08382580178339988
18.225 -0.07454750371854255
18.675 -0.10771736398945189
19.125 -0.11928512382925859
19.575 -0.0993785529321674
20.025000000000002 -0.058766240952654994
20.475 -0.06832446842929431
20.925 -0.017561425740417073
21.375 0.007122108768986201
21.825 0.02662114055900632
22.275000000000002 0.019613452474300536
22.725 0.0021623498860079637
23.175 0.060196185579638815
23.625 0.06532618889537999
24.075 0.046115376547094605
24.525000000000002 -0.013560227623854155
24.975 -0.048810387199177775
25.425 -0.06735609773764396
25.875 -0.0589962940832316
26.325 -0.046095020506596224
26.775000000000002 -0.09254574728425666
27.225 -0.006348758236106311
27.675 0.02121411531762642
28.125 0.07572703425250712
28.575 0.14649058201058202
29.025000000000002 0.12711499949241858
29.475 0.09904737199726658
29.925 0.18480728167502458
30.375 0.2266304461744201
30.825 0.175064463651354
31.275000000000002 0.05219989638228995
31.725 0.07166578943691165
32.175000000000004 0.05819813578732872
32.625 -0.03332858433362401
33.075 -0.05983137913190544
33.525 -0.10888011871919755
33.975 -0.042062807992555025
34.425000000000004 -0.05376433178640365
34.875 -0.07276569184775934
35.325 -0.03180397778292969
35.775 -0.03049821906413502
36.225 -0.02228602635081443
36.675000000000004 -0.0505686321569753
37.125 -0.018643285888911766
37.575 -0.010819023923542288
38.025 -0.022658741844636437
38.475 -0.03956694446607991
38.925000000000004 -0.06583735028241043
39.375 -0.04697693489025452
39.825 -0.08808658596269246
40.275 -0.1340080892186709
40.725 -0.15223467753675934
41.175000000000004 -0.14196376034193395
41.625 -0.10888684125122085
42.075 -0.09166537386000045
42.525 -0.05040420949567863
42.975 -0.04258663029586185
43.425000000000004 0.012416504991088782
43.875 0.07072669366455477
44.325 0.10473183842606001
44.775 0.13352244656712772
