# P_value  count
-1.0 0.0
-0.96 0.0
-0.92 1245.0
-0.88 1894.0
-0.84 5087.0
-0.8 6122.0
-0.76 7030.0
-0.72 9198.0
-0.68 11907.0
-0.64 10964.0
-0.6 11648.0
-0.56 6276.0
-0.52 6399.0
-0.48 5114.0
-0.44 3786.0
-0.4 2687.0
-0.36 2234.0
-0.32 1630.0
-0.28 1046.0
-0.24 439.0
-0.2 279.0
-0.16 400.0
-0.12 243.0
-0.08 217.0
-0.04 186.0
0.0 1089.0
0.04 142.0
0.08 205.0
0.12 192.0
0.16 429.0
0.2 518.0
0.24 618.0
0.28 1067.0
0.32 2140.0
0.36 3440.0
0.4 3046.0
0.44 3891.0
0.48 6769.0
0.52 8030.0
0.56 10192.0
0.6 10705.0
0.64 9438.0
0.68 13139.0
0.72 9959.0
0.76 8170.0
0.8 5788.0
0.84 2948.0
0.88 1655.0
0.92 1182.0
0.96 655.0
1.0 0.0
