block_size         error    difference      rel_diff
-------------------------------------------------------
       2  8.218616e-07  3.398331e-07  4.134919e-01
       4  1.161695e-06  4.797168e-07  4.129456e-01
       8  1.641412e-06  6.759904e-07  4.118348e-01
      16  2.317402e-06  9.495713e-07  4.097569e-01
      32  3.266973e-06  1.325993e-06  4.058780e-01
      64  4.592966e-06  1.833944e-06  3.992941e-01
     128  6.426910e-06  2.493163e-06  3.879256e-01
     256  8.920073e-06  3.301791e-06  3.701530e-01
     512  1.222186e-05  4.249982e-06  3.477360e-01
    1024  1.647185e-05  5.294634e-06  3.214354e-01
    2048  2.176648e-05  6.645398e-06  3.053042e-01
    4096  2.841188e-05  8.940743e-06  3.146833e-01
    8192  3.735262e-05  1.074940e-05  2.877818e-01
   16384  4.810203e-05  1.261404e-05  2.622351e-01
   32768  6.071606e-05  1.001846e-05  1.650051e-01
   65536  7.073452e-05  1.070196e-05  1.512975e-01
  131072  8.143648e-05           ---           ---
