0.2 0.8758143459915612
0.6000000000000001 0.8984018987341772
1.0 0.9173322784810126
1.4000000000000001 0.8985611814345992
1.8 0.8562964135021097
2.2 0.8780833333333333
2.6 0.8934810126582279
3.0 0.869467299578059
3.4000000000000004 0.8941012658227848
3.8000000000000003 1.0035495780590717
4.2 0.996042194092827
4.6000000000000005 1.0309831223628692
5.0 1.0760622362869199
5.4 1.0729831223628692
5.800000000000001 1.1143808016877637
6.2 1.1315084388185654
6.6000000000000005 1.1033765822784811
7.0 1.0697194092827005
7.4 0.9955474683544304
7.800000000000001 0.9980622362869198
8.200000000000001 0.9606529535864979
8.6 0.9736909282700422
9.0 0.9613818565400843
9.4 0.9991286919831224
9.8 0.9832774261603375
10.200000000000001 1.016268987341772
10.600000000000001 1.0068048523206752
11.0 0.9869852320675105
11.4 1.0145010548523208
11.8 1.0588206751054852
12.200000000000001 0.9971244725738396
12.600000000000001 1.0342900843881857
13.0 1.0400221518987343
13.4 0.9819778481012659
13.8 1.0273491561181434
14.200000000000001 1.065710970464135
14.600000000000001 1.0342721518987341
15.0 0.986493670886076
15.4 1.031360759493671
15.8 1.0054177215189875
16.2 1.0366729957805907
16.6 1.035798523206751
17.0 1.0020938818565401
17.400000000000002 0.9711909282700422
17.8 0.9594483122362869
18.2 0.9052426160337552
18.6 0.9385738396624472
19.0 0.9688607594936709
19.400000000000002 1.0090284810126582
19.8 0.9547943037974683
20.200000000000003 1.0069915611814346
20.6 1.0389599156118143
21.0 1.059789029535865
21.400000000000002 1.0806086497890295
21.8 1.0764841772151899
22.200000000000003 1.065782700421941
22.6 1.0438691983122363
23.0 1.0034251054852321
23.400000000000002 0.9578639240506329
23.8 0.9225179324894515
24.200000000000003 0.9483565400843882
24.6 0.9968132911392406
25.0 0.9790126582278481
25.400000000000002 1.0166149789029535
25.8 0.9979852320675106
26.200000000000003 1.0035379746835442
26.6 1.0143597046413502
27.0 0.9921297468354431
27.400000000000002 0.9958839662447257
27.8 0.9843691983122362
28.200000000000003 1.0542415611814346
28.6 1.0692225738396623
29.0 1.0797732067510548
29.400000000000002 1.0818755274261604
29.8 1.0238386075949366
30.200000000000003 0.9921698312236287
30.6 0.9488544303797468
31.0 0.9209472573839662
31.400000000000002 0.9249092827004219
31.8 0.9122436708860759
32.2 0.9397362869198312
32.6 0.9559356540084388
33.0 1.0179789029535864
33.4 1.0148322784810127
33.800000000000004 1.0303702531645569
34.2 1.0665443037974685
34.6 1.0530738396624473
35.0 1.0863681434599155
35.4 1.1072204641350212
35.800000000000004 1.01826582278481
36.2 0.9881898734177215
36.6 0.9872679324894514
37.0 0.9339018987341772
37.4 0.9573607594936708
37.800000000000004 1.0131213080168777
38.2 1.051412447257384
38.6 1.0343723628691983
39.0 0.9849620253164557
39.400000000000006 1.0286424050632912
39.800000000000004 1.0160210970464134
