# P_value  count
-1.0 3086.0
-0.975 12967.0
-0.95 24226.0
-0.925 34964.0
-0.9 34889.0
-0.875 31415.0
-0.85 22657.0
-0.825 15086.0
-0.8 7763.0
-0.775 4073.0
-0.75 2045.0
-0.725 789.0
-0.7 415.0
-0.675 174.0
-0.65 91.0
-0.625 5.0
-0.6 4.0
-0.575 0.0
-0.55 0.0
-0.525 0.0
-0.5 0.0
-0.475 0.0
-0.45 0.0
-0.425 0.0
-0.4 0.0
-0.375 0.0
-0.35 0.0
-0.325 0.0
-0.3 0.0
-0.275 0.0
-0.25 0.0
-0.225 0.0
-0.2 0.0
-0.175 0.0
-0.15 0.0
-0.125 0.0
-0.1 0.0
-0.075 0.0
-0.05 0.0
-0.025 0.0
0.0 984.0
0.025 0.0
0.05 0.0
0.075 0.0
0.1 0.0
0.125 0.0
0.15 0.0
0.175 0.0
0.2 0.0
0.225 0.0
0.25 0.0
0.275 0.0
0.3 0.0
0.325 0.0
0.35 0.0
0.375 0.0
0.4 0.0
0.425 0.0
0.45 0.0
0.475 0.0
0.5 0.0
0.525 0.0
0.55 0.0
0.575 0.0
0.6 0.0
0.625 3.0
0.65 0.0
0.675 13.0
0.7 16.0
0.725 6.0
0.75 30.0
0.775 102.0
0.8 171.0
0.825 368.0
0.85 463.0
0.875 556.0
0.9 698.0
0.925 830.0
0.95 538.0
0.975 238.0
1.0 107.0
