0.2 -0.05089618875561098
0.6000000000000001 -0.06415890396862334
1.0 -0.08275659460212342
1.4000000000000001 -0.05907021143786955
1.8 -0.018349780874609832
2.2 -0.024303610835858476
2.6 0.029656181679217446
3.0 -0.04378677806250463
3.4000000000000004 -0.05674664184192091
3.8000000000000003 -0.03266314904161567
4.2 0.004609513419430327
4.6000000000000005 0.013110693055965838
5.0 -0.04333017121544029
5.4 -0.04445742879829805
5.800000000000001 -0.06660543063613614
6.2 -0.06559972970765358
6.6000000000000005 -0.037247904296027305
7.0 -0.031093008797137136
7.4 0.03948134092346616
7.800000000000001 0.013911999350034766
8.200000000000001 0.05267888020758761
8.6 0.06608661979765451
9.0 0.09990144809155561
9.4 0.07180513211382114
9.8 0.04446751188248241
10.200000000000001 -0.012730845929308402
10.600000000000001 -0.04442075889735837
11.0 -0.04666279683929234
11.4 -0.005542759334784354
11.8 -0.04815998822489246
12.200000000000001 -0.052830504672278844
12.600000000000001 -0.019196160144887654
13.0 -0.026943292287095817
13.4 -0.049351670776294536
13.8 -0.015906206737425013
14.200000000000001 0.015448805598005308
14.600000000000001 0.05668352114374056
15.0 0.06555708898032905
15.4 -0.012739723883983289
15.8 -0.04912370514702426
16.2 0.004226623653196766
16.6 0.0688612513233179
17.0 0.1102137985090806
17.400000000000002 0.031323011042434096
17.8 -0.006693970283557341
18.2 -0.08454385541417238
18.6 -0.0794465163606172
19.0 -0.12054909535431049
19.400000000000002 -0.14751946119772238
19.8 -0.1434432008460386
20.200000000000003 -0.08974905901059589
20.6 0.03342041165042163
21.0 0.057021756440628506
21.400000000000002 0.038448227558133784
21.8 0.030459994977838252
22.200000000000003 0.05166456721252474
22.6 0.10285703312064186
23.0 0.09931953542846801
23.400000000000002 0.1250571498909756
23.8 0.14539794048495175
24.200000000000003 0.06432284274765825
24.6 0.036451000016963817
25.0 -0.004040452391416921
25.400000000000002 -0.016632136219737054
25.8 -0.03708204479830511
26.200000000000003 0.04779002911590653
26.6 0.0055486557987676375
27.0 -0.045921934091114024
27.400000000000002 -0.07973870413634863
27.8 -0.06949443419684241
28.200000000000003 -0.08593677965082483
28.6 -0.12005830019710553
29.0 -0.12969556676358157
29.400000000000002 -0.1433210432617007
29.8 -0.08373611830369987
30.200000000000003 -0.022414061317950214
30.6 -0.0064054332548559275
31.0 0.052062002374027305
31.400000000000002 0.11995992364685767
31.8 0.10832824437211103
32.2 0.10384505303829848
32.6 0.03950509371006673
33.0 -0.027004396064475612
33.4 -0.07292473282832147
33.800000000000004 -0.05357386551269003
34.2 -0.051373586493140215
34.6 -0.02388530160337353
35.0 0.03558331584074229
35.4 -0.013050735711645242
35.800000000000004 -0.023560544266186343
36.2 -0.04370087249914332
36.6 -0.10506485029575495
37.0 -0.10900660879099573
37.4 -0.08463040483168081
37.800000000000004 -0.07388226880238954
38.2 -0.07506750785170598
38.6 0.0023341140846589487
39.0 0.045577126795952154
39.400000000000006 0.016426813345216257
39.800000000000004 0.0032128069275431065
