0.05 0.8237894736842105
0.15000000000000002 0.8510526315789474
0.25 0.8621052631578947
0.35000000000000003 0.8469473684210527
0.45 0.8606315789473684
0.55 0.8369298245614035
0.65 0.8752280701754386
0.75 0.902719298245614
0.8500000000000001 0.9563684210526315
0.9500000000000001 0.9592631578947368
1.05 0.9665964912280701
1.1500000000000001 0.9616491228070175
1.25 0.9712105263157895
1.35 0.9794561403508772
1.4500000000000002 0.9796666666666667
1.55 0.9796140350877193
1.6500000000000001 0.925859649122807
1.75 0.9287894736842105
1.85 0.9634912280701754
1.9500000000000002 0.9616140350877193
2.0500000000000003 0.9413859649122807
2.15 0.9651228070175438
2.25 0.9444210526315789
2.35 0.9753157894736842
2.45 0.9771578947368421
2.5500000000000003 0.9916140350877193
2.6500000000000004 0.9947894736842106
2.75 1.0038245614035088
2.85 0.9893508771929824
2.95 1.013421052631579
3.0500000000000003 1.0136315789473684
3.1500000000000004 1.0034736842105263
3.25 1.0304385964912282
3.35 0.9824561403508771
3.45 0.9501052631578948
3.5500000000000003 0.9987368421052631
3.6500000000000004 0.9354912280701755
3.75 0.9950526315789474
3.85 0.9735087719298245
3.95 0.9670350877192982
4.05 0.9876315789473684
4.15 0.9904035087719298
4.25 1.004842105263158
4.3500000000000005 0.9879649122807017
4.45 0.9882631578947368
4.55 1.0154912280701753
4.65 1.0193333333333334
4.75 1.007
4.8500000000000005 1.0625438596491228
4.95 1.0509298245614036
5.050000000000001 1.0948771929824561
5.15 0.989280701754386
5.25 0.9449298245614035
5.3500000000000005 0.9415964912280702
5.45 0.8999649122807017
5.550000000000001 0.9532280701754386
5.65 0.9582982456140351
5.75 1.001719298245614
5.8500000000000005 0.9920175438596491
5.95 1.0369473684210526
6.050000000000001 0.9841929824561404
6.15 1.0032456140350878
6.25 0.995280701754386
6.3500000000000005 0.994421052631579
6.45 1.0057894736842106
6.550000000000001 1.0097543859649123
6.65 1.0082631578947368
6.75 1.0277719298245613
6.8500000000000005 1.035438596491228
6.95 1.0436666666666667
7.050000000000001 1.0409298245614036
7.15 1.0741052631578947
7.25 1.058421052631579
7.3500000000000005 1.0582456140350878
7.45 1.0605263157894738
7.550000000000001 1.0723508771929824
7.65 1.0572982456140352
7.75 0.9954035087719298
7.8500000000000005 1.0615087719298246
7.95 1.0445263157894737
8.05 1.1302456140350876
8.15 1.1073508771929825
8.25 1.110157894736842
8.35 1.0944561403508772
8.450000000000001 1.1002456140350878
8.55 1.056017543859649
8.65 1.0896842105263158
8.75 1.0427719298245615
8.85 1.0947368421052632
8.950000000000001 1.055719298245614
9.05 1.0804736842105263
9.15 1.049456140350877
9.25 1.0890175438596492
9.35 1.053280701754386
9.450000000000001 1.065719298245614
9.55 1.0620526315789474
9.65 1.0232456140350876
9.75 1.0509649122807017
9.850000000000001 1.0216140350877192
9.950000000000001 1.0250701754385965
