# k  S_s(k)
0.0 0.0
0.20943951023931953 0.4600256645527177
0.41887902047863906 1.7247809111118984
0.6283185307179586 0.40855385855102005
0.8377580409572781 1.4104188389927865
1.0471975511965976 1.7088330420359816
1.2566370614359172 0.7912854575336208
1.4660765716752366 0.8137356427560991
1.6755160819145563 1.045305284614732
1.8849555921538759 1.0816447449705375
2.0943951023931953 0.9690270276952866
2.3038346126325147 1.1883743565742602
2.5132741228718345 0.8346935253456315
2.722713633111154 1.0418785213078123
2.9321531433504733 1.0088110210428218
3.141592653589793 0.8906403964196764
3.3510321638291125 1.1370155951328198
3.560471674068432 0.9824882005022934
3.7699111843077517 1.0597228454295506
3.979350694547071 1.0101727513208354
4.1887902047863905 0.8895979928334941
4.39822971502571 1.08045055957063
4.607669225265029 0.8084642019513375
4.817108735504349 1.0026818865744678
5.026548245743669 1.085138166539101
5.235987755982988 0.9781625774005963
5.445427266222308 0.8618075253061034
5.654866776461628 1.0360015034234555
5.864306286700947 0.9147649860160685
6.073745796940266 0.9661591307351396
6.283185307179586 0.9943196905313947
6.492624817418905 0.9850821625918167
6.702064327658225 0.9717441927117869
6.911503837897545 0.990268746134661
7.120943348136864 1.1110526729343897
7.330382858376184 0.951740088488389
7.5398223686155035 0.9831678917034737
7.749261878854822 0.9175642952479172
7.958701389094142 0.9385668380865925
8.168140899333462 0.9897060204722284
8.377580409572781 1.0074317951789147
8.5870199198121 1.086277380322544
8.79645943005142 1.0634740173851263
9.00589894029074 0.9387809117489841
9.215338450530059 0.9542440693672173
9.42477796076938 1.0053416037300023
9.634217471008698 1.0323980401912027
9.843656981248017 0.8989075895950801
10.053096491487338 1.0440595713291652
10.262536001726657 0.9832770125365048
10.471975511965976 0.9766223064240578
10.681415022205297 1.0284933621623717
10.890854532444616 0.9938125299624034
11.100294042683934 1.0019645240663795
11.309733552923255 0.9782698151066433
11.519173063162574 1.0503786119812624
11.728612573401893 1.0100723404770626
11.938052083641214 0.9419652009322662
12.147491593880533 0.9959075801312273
12.356931104119852 0.9610954328311472
12.566370614359172 0.9605787502858205
12.775810124598491 1.0584276446059337
12.98524963483781 1.0323658523673698
13.194689145077131 1.0281218993111014
13.40412865531645 1.0010959053210418
13.613568165555769 1.0162931845409466
13.82300767579509 0.9700794353407642
14.032447186034409 1.024930574183836
14.241886696273728 0.966356235182745
14.451326206513048 1.0451955859979374
14.660765716752367 0.9785451297111798
14.870205226991686 0.9566210767257685
15.079644737231007 1.0236335856368908
15.289084247470326 0.9819762621668492
15.498523757709645 1.0279524113247365
15.707963267948966 0.9752197309640487
15.917402778188285 0.9965736396473261
16.126842288427603 0.9806628041451354
16.336281798666924 0.9669796296086324
16.54572130890624 1.0142644638092202
16.755160819145562 0.9625344497442062
16.964600329384883 0.9511048832269332
17.1740398396242 1.0086794599809663
17.38347934986352 1.00954233396094
17.59291886010284 0.9824497652360752
17.80235837034216 1.0047834826570519
18.01179788058148 0.9941099956542927
18.2212373908208 1.036772743794858
18.430676901060117 1.0211440599779817
18.640116411299438 1.0283239726101883
18.84955592153876 1.0463284679993754
19.058995431778076 1.011755146969804
19.268434942017397 1.000370514410991
19.477874452256717 1.050439054408736
19.687313962496034 1.0016953505845063
19.896753472735355 1.0006267540616447
20.106192982974676 0.9923307586266619
20.315632493213993 0.9997843034669486
20.525072003453314 1.0358980110775518
20.734511513692635 0.9721353777297055
