# P_value  count
-1.0 5.0
-0.975 6.0
-0.95 0.0
-0.925 3.0
-0.9 27.0
-0.875 3.0
-0.85 2.0
-0.825 1.0
-0.8 17.0
-0.775 4.0
-0.75 0.0
-0.725 0.0
-0.7 2.0
-0.675 0.0
-0.65 0.0
-0.625 0.0
-0.6 0.0
-0.575 0.0
-0.55 0.0
-0.525 0.0
-0.5 0.0
-0.475 0.0
-0.45 0.0
-0.425 0.0
-0.4 0.0
-0.375 0.0
-0.35 0.0
-0.325 0.0
-0.3 0.0
-0.275 0.0
-0.25 0.0
-0.225 0.0
-0.2 0.0
-0.175 0.0
-0.15 0.0
-0.125 0.0
-0.1 0.0
-0.075 0.0
-0.05 0.0
-0.025 0.0
0.0 984.0
0.025 0.0
0.05 0.0
0.075 0.0
0.1 0.0
0.125 0.0
0.15 0.0
0.175 0.0
0.2 0.0
0.225 0.0
0.25 0.0
0.275 0.0
0.3 0.0
0.325 0.0
0.35 0.0
0.375 0.0
0.4 0.0
0.425 0.0
0.45 0.0
0.475 0.0
0.5 0.0
0.525 0.0
0.55 0.0
0.575 0.0
0.6 0.0
0.625 9.0
0.65 18.0
0.675 91.0
0.7 162.0
0.725 407.0
0.75 998.0
0.775 2208.0
0.8 6032.0
0.825 11681.0
0.85 20636.0
0.875 30174.0
0.9 37482.0
0.925 37755.0
0.95 30845.0
0.975 15090.0
1.0 4087.0
