block_size         error    difference      rel_diff
-------------------------------------------------------
       2  9.132371e-07  3.782641e-07  4.142014e-01
       4  1.291501e-06  5.349307e-07  4.141929e-01
       8  1.826432e-06  7.564632e-07  4.141755e-01
      16  2.582895e-06  1.069692e-06  4.141446e-01
      32  3.652587e-06  1.512446e-06  4.140754e-01
      64  5.165034e-06  2.138065e-06  4.139498e-01
     128  7.303098e-06  3.021481e-06  4.137260e-01
     256  1.032458e-05  4.267205e-06  4.133055e-01
     512  1.459179e-05  6.021771e-06  4.126823e-01
    1024  2.061356e-05  8.480907e-06  4.114238e-01
    2048  2.909446e-05  1.188099e-05  4.083592e-01
    4096  4.097546e-05  1.645828e-05  4.016620e-01
    8192  5.743374e-05  2.248157e-05  3.914348e-01
   16384  7.991531e-05  1.139620e-05  1.426035e-01
   32768  9.131151e-05  1.514179e-06  1.658256e-02
   65536  9.282569e-05  9.083670e-07  9.785729e-03
  131072  9.373405e-05           ---           ---
