# P_value  count
-1.0 0.0
-0.975 0.0
-0.95 0.0
-0.925 1.0
-0.9 57.0
-0.875 184.0
-0.85 722.0
-0.825 578.0
-0.8 852.0
-0.775 1178.0
-0.75 1184.0
-0.725 1408.0
-0.7 1420.0
-0.675 1121.0
-0.65 1043.0
-0.625 738.0
-0.6 564.0
-0.575 408.0
-0.55 375.0
-0.525 229.0
-0.5 111.0
-0.475 124.0
-0.45 126.0
-0.425 80.0
-0.4 54.0
-0.375 51.0
-0.35 31.0
-0.325 53.0
-0.3 5.0
-0.275 15.0
-0.25 8.0
-0.225 17.0
-0.2 19.0
-0.175 12.0
-0.15 13.0
-0.125 11.0
-0.1 17.0
-0.075 4.0
-0.05 2.0
-0.025 5.0
0.0 971.0
0.025 6.0
0.05 13.0
0.075 11.0
0.1 3.0
0.125 14.0
0.15 5.0
0.175 12.0
0.2 0.0
0.225 22.0
0.25 6.0
0.275 32.0
0.3 59.0
0.325 179.0
0.35 167.0
0.375 305.0
0.4 418.0
0.425 751.0
0.45 845.0
0.475 1552.0
0.5 2108.0
0.525 3343.0
0.55 4639.0
0.575 6562.0
0.6 8992.0
0.625 11815.0
0.65 13108.0
0.675 16904.0
0.7 18777.0
0.725 19220.0
0.75 21278.0
0.775 16683.0
0.8 14861.0
0.825 10876.0
0.85 6962.0
0.875 4316.0
0.9 1958.0
0.925 818.0
0.95 180.0
0.975 4.0
1.0 0.0
