# block  <P>
1 0.0
2 -0.11086666666666728
3 0.25546666666666706
4 0.3248085248085266
5 0.4437333333333404
6 0.47866666666666946
7 0.7635635635635628
8 0.8566666666666665
9 0.8089333333333214
10 0.7781333333333239
11 0.7223999999999936
12 0.6937728937728878
13 0.6935333333333348
14 0.6432000000000069
15 0.606533333333332
16 0.7073333333333346
17 0.6536536536536577
18 0.765733333333327
19 0.877788877788861
20 0.7390781563126319
21 0.6694638694638732
22 0.6454666666666654
23 0.6742000000000057
24 0.6609333333333367
25 0.6448666666666676
26 0.641666666666672
27 0.6210000000000078
28 0.6350350350350378
29 0.7024000000000052
30 0.6391333333333388
31 0.6038666666666749
32 0.7224666666666697
33 0.7925925925925964
34 0.8377421509685887
35 0.7549999999999968
36 0.6218000000000075
37 0.6213546880213568
38 0.6738666666666695
39 0.8410000000000041
40 0.6068666666666609
41 0.667866666666669
42 0.738727938727938
43 0.7270729270729243
44 0.8058000000000008
45 0.7008666666666652
46 0.685980685980684
47 0.6369333333333349
48 0.6648648648648657
49 0.696866666666662
50 0.6912000000000101
51 0.6464000000000028
52 0.6670666666666667
53 0.6203999999999967
54 0.5998000000000007
55 0.5585081585081569
56 0.6072000000000066
57 0.6854478854478859
58 0.5897333333333369
59 0.6192666666666716
60 0.5921333333333365
61 0.6153333333333371
62 0.6247333333333321
63 0.7217999999999931
64 0.6270666666666664
65 0.5993333333333353
66 0.5624000000000011
67 0.6300666666666723
68 0.8720666666666606
69 0.6421087754421109
70 0.6441999999999962
71 0.7512846179512946
72 0.7273333333333327
73 0.6669999999999965
74 0.6627333333333313
75 0.6100666666666678
76 0.5858000000000002
77 0.7118666666666629
78 0.7888000000000033
79 0.6027333333333317
80 0.7235333333333346
81 0.585199999999999
82 0.6863802863802898
83 0.6103333333333373
84 0.7184666666666746
85 0.7320666666666706
86 0.6902000000000065
87 0.6412000000000002
88 0.5802666666666716
89 0.6514000000000031
90 0.7165333333333352
91 0.8559333333333208
92 0.6953046953046927
93 0.6322989656323056
94 0.6616050616050576
95 0.7866799866799845
96 0.743898361751924
97 0.7196000000000038
98 0.6922255588922303
99 0.8282282282282207
100 0.7567099567099551
101 0.6961999999999955
102 0.7643023643023572
103 0.7002666666666725
104 0.8219333333333336
105 0.7686666666666686
106 0.5923333333333342
107 0.6365333333333334
108 0.7141999999999988
109 0.6555999999999979
110 0.6452666666666631
111 0.643733333333338
112 0.6946666666666612
113 0.6613333333333353
114 0.542600000000004
115 0.7271999999999934
116 0.6791333333333293
117 0.6592000000000023
118 0.641066666666673
119 0.7384666666666695
120 0.6912000000000034
121 0.62346666666667
122 0.7252000000000057
123 0.6816816816816839
124 0.725866666666668
125 0.7971333333333369
126 0.8597999999999923
127 0.7364698031364638
128 0.6899333333333285
129 0.5778000000000029
130 0.682600000000003
131 0.7005333333333288
132 0.7329993319973307
133 0.7097333333333353
134 0.7777333333333273
135 0.7899333333333393
136 0.7812000000000058
137 0.6904666666666655
138 0.6952666666666647
139 0.6661338661338655
140 0.6343029087261831
141 0.7414000000000038
142 0.700566100566101
143 0.7487333333333367
144 0.7291333333333274
145 0.7022355689022394
146 0.6496000000000001
147 0.679799999999995
148 0.6534666666666669
149 0.6343999999999999
150 0.5825333333333342
151 0.6284666666666643
152 0.7170666666666686
153 0.754399999999998
154 0.6613333333333319
155 0.6741333333333328
156 0.6612666666666686
157 0.6664000000000011
158 0.8061999999999949
159 0.7012666666666676
160 0.6707292707292777
161 0.5882000000000099
162 0.7353999999999978
163 0.7273999999999976
164 0.6210666666666728
165 0.2373999999999978
166 0.39520000000000377
167 -0.06273726273726317
168 -0.2636000000000032
169 0.0270666666666716
170 0.3569097569097573
171 -0.017733333333333105
172 -0.311199999999997
173 -0.5174666666666721
174 -0.7338666666666759
175 -0.7238666666666626
176 -0.6514000000000014
177 -0.5416000000000033
178 -0.5590000000000044
179 -0.8237999999999941
180 -0.7168666666666623
181 -0.6551333333333407
182 -0.5469333333333387
183 -0.7042666666666666
184 -0.6388666666666675
185 -0.6891333333333369
186 -0.739399999999999
187 -0.716066666666664
188 -0.5846000000000023
189 -0.7631999999999903
190 -0.6458666666666711
191 -0.5702666666666723
192 -0.5285333333333369
193 -0.785400000000001
194 -0.7716283716283788
195 -0.6805999999999964
196 -0.6678000000000053
197 -0.6367333333333393
198 -0.6255333333333406
199 -0.6084000000000018
200 -0.5734000000000031
201 -0.7666000000000067
202 -0.59540000000001
203 -0.6839333333333398
204 -0.5935333333333416
205 -0.6800000000000042
206 -0.691200000000001
207 -0.6666000000000044
208 -0.5818000000000024
