block_size         error    difference      rel_diff
-------------------------------------------------------
       2  4.861868e-07  2.013773e-07  4.141973e-01
       4  6.875641e-07  2.847797e-07  4.141865e-01
       8  9.723438e-07  4.027081e-07  4.141622e-01
      16  1.375052e-06  5.694320e-07  4.141168e-01
      32  1.944484e-06  8.050900e-07  4.140379e-01
      64  2.749574e-06  1.137965e-06  4.138696e-01
     128  3.887539e-06  1.607952e-06  4.136170e-01
     256  5.495491e-06  2.270274e-06  4.131159e-01
     512  7.765765e-06  3.200876e-06  4.121777e-01
    1024  1.096664e-05  4.505763e-06  4.108608e-01
    2048  1.547240e-05  6.288816e-06  4.064537e-01
    4096  2.176122e-05  8.623464e-06  3.962767e-01
    8192  3.038468e-05  1.115160e-05  3.670138e-01
   16384  4.153628e-05  1.343383e-05  3.234241e-01
   32768  5.497012e-05  1.226041e-05  2.230378e-01
   65536  6.723053e-05  5.136043e-06  7.639450e-02
  131072  7.236657e-05           ---           ---
