# r  Cs(r) [pure estimator]
0.025 0.0006547949286543457
0.07500000000000001 0.0006594788337734525
0.125 0.0006529361599005649
0.17500000000000002 0.0006575779435329175
0.225 0.0006641304432989057
0.275 0.00064319267094408
0.325 0.0006375230369779303
0.375 0.000653386222752702
0.42500000000000004 0.0006490650478938532
0.47500000000000003 0.0006539273994465044
0.525 0.0006500010542341526
0.5750000000000001 0.0006560400499005388
0.625 0.0006514320354945534
0.675 0.0006623551384294077
0.7250000000000001 0.000650821569282923
0.775 0.000670457597537429
0.8250000000000001 0.0006475773698885626
0.875 0.0006551850546587274
0.925 0.0006575988230371918
0.9750000000000001 0.0006305172477067447
1.0250000000000001 0.0006605763427094273
1.075 0.000649055181906398
1.125 0.0006476667338785918
1.175 0.000643309927558918
1.225 0.0006461437587278213
1.2750000000000001 0.0006509435356719213
1.3250000000000002 0.0006558512987130604
1.375 0.0006593360986179425
1.425 0.0006551916094771658
1.475 0.000668885833081033
1.5250000000000001 0.0006487828370733236
1.5750000000000002 0.0006487712484706344
1.625 0.0006556347635000011
1.675 0.000654588252463253
1.725 0.000657041986169212
1.7750000000000001 0.0006429855073934516
1.8250000000000002 0.0006528121700292458
1.875 0.0006515995197307408
1.925 0.000656696813985412
1.975 0.0006627215080441774
2.025 0.0006453401040919918
2.075 0.000649064054033139
2.125 0.0006551840673097452
2.1750000000000003 0.000662678273007221
2.225 0.0006432003358405414
2.275 0.0006573452124748984
2.325 0.0006430222901661641
2.375 0.0006571291565274517
2.4250000000000003 0.0006548045515261549
2.475 0.000640080316716443
2.5250000000000004 0.0006512706567586539
2.575 0.0006580535955738322
2.625 0.0006627791178664243
2.6750000000000003 0.0006511432936269929
2.725 0.0006522467993700366
2.7750000000000004 0.0006552188078645038
2.825 0.0006530809055787928
2.875 0.0006469259635797002
2.9250000000000003 0.0006479486786185709
2.975 0.0006541515866293161
3.0250000000000004 0.0006514387272006279
3.075 0.0006402334975491707
3.125 0.0006375780838676643
3.1750000000000003 0.0006619446222105992
3.225 0.0006468274557476873
3.2750000000000004 0.0006456302028898842
3.325 0.0006451631471717622
3.375 0.0006548994742031856
3.4250000000000003 0.000639645352520851
3.475 0.0006459948198199721
3.5250000000000004 0.0006525124843096517
3.575 0.0006577361009938777
3.625 0.0006575762745069833
3.6750000000000003 0.0006466008567283352
3.725 0.0006558443407193253
3.7750000000000004 0.0006372762240599442
3.825 0.0006558560473336729
3.875 0.0006479825934778431
3.9250000000000003 0.0006524453890088964
3.975 0.0006689073850606012
4.025 0.0006505893725286331
4.075 0.0006507329932177722
4.125 0.0006521895212350315
4.175 0.0006474277539427844
4.2250000000000005 0.0006683111135434176
4.275 0.0006510204915887175
4.325 0.0006624556198531368
4.375 0.000654713404916543
4.425 0.0006504049069002084
4.4750000000000005 0.0006415397776771522
4.525 0.0006619948424984765
4.575 0.0006384870885623695
4.625 0.000651942272555946
4.675 0.0006526910598841707
4.7250000000000005 0.0006465713438083138
4.775 0.0006511799392777493
4.825 0.0006553449356242317
4.875 0.0006551524064368041
4.925000000000001 0.0006528830656899921
4.9750000000000005 0.0006489781651933854
