# k values and corresponding S(k) [pure estimator]
0.0 19.101516266366502
0.10471975511965977 0.9893170851595096
0.20943951023931953 0.9473098384868346
0.3141592653589793 0.9704946280144819
0.41887902047863906 0.9689767672947414
0.5235987755982988 0.9598202165945724
0.6283185307179586 0.9698665458910525
0.7330382858376183 0.975911072628305
0.8377580409572781 0.9681708212219058
0.9424777960769379 0.972466406686488
1.0471975511965976 1.0010116781745053
1.1519173063162573 0.9609353088653236
1.2566370614359172 0.9862706774497962
1.361356816555577 0.9995764123739999
1.4660765716752366 0.9848702048725269
1.5707963267948966 0.965386429384303
1.6755160819145563 0.9879716143048843
1.780235837034216 0.9963001534869398
1.8849555921538759 0.9664383569691156
1.9896753472735356 0.9819334954798531
2.0943951023931953 0.9834526526773184
2.199114857512855 1.006727801812363
2.3038346126325147 0.9998355199774454
2.4085543677521746 1.0053541947179467
2.5132741228718345 0.9686841455395936
2.617993877991494 0.9469717373203839
2.722713633111154 0.9591214336769477
2.827433388230814 0.9828308677847063
2.9321531433504733 1.0018782328095492
3.036872898470133 0.9990716554664897
3.141592653589793 0.9826679809494452
3.2463124087094526 0.9905648316611606
3.3510321638291125 0.9616217707071233
3.4557519189487724 0.989020534447934
3.560471674068432 0.9839977967103007
3.665191429188092 0.989817579870664
3.7699111843077517 0.9931210055813634
3.874630939427411 0.9996320574071225
3.979350694547071 0.98671392722299
4.084070449666731 0.9653162678146925
4.1887902047863905 0.9932181772839894
4.29350995990605 1.0160315801820798
4.39822971502571 0.9861175834444763
4.50294947014537 0.9642144454288526
4.607669225265029 0.9812512063671062
4.71238898038469 0.96212195433707
4.817108735504349 0.9765777403008573
4.921828490624009 0.9867244960183
5.026548245743669 0.9691405478379157
5.1312680008633285 0.9650341056613839
5.235987755982988 0.9854393164641183
5.340707511102648 0.9888387116642592
5.445427266222308 0.9827087208536536
5.550147021341967 0.9792686352788474
5.654866776461628 0.9807587069876953
5.759586531581287 0.9926452483289948
5.864306286700947 0.9964229391486873
5.969026041820607 0.9786078956866124
6.073745796940266 1.0093670848906475
6.178465552059926 0.990841795162046
6.283185307179586 1.0075223247358833
6.387905062299246 0.9835624231657992
6.492624817418905 0.9623314209238989
6.5973445725385655 0.9981190955931255
6.702064327658225 0.9903651098546257
6.8067840827778845 0.9926936584728057
6.911503837897545 0.9977069909408567
7.016223593017204 0.9625552782099873
7.120943348136864 1.0139966230432602
7.225663103256524 0.9819317159821388
7.330382858376184 0.996797926756168
7.435102613495843 1.0049266354797686
7.5398223686155035 0.9762903404479473
7.644542123735163 0.9673266998278537
7.749261878854822 0.9741302505141036
