# r  Cs(r) [pure estimator]
0.075 0.00028829274630276893
0.22499999999999998 0.00028625807072599533
0.375 0.0002853269769803861
0.525 0.00028714393750431004
0.6749999999999999 0.0002847552094869086
0.825 0.00028516447354273673
0.975 0.00029220523315572706
1.125 0.000294472100368359
1.275 0.00029113386829712225
1.425 0.00028631541661785966
1.575 0.0002858792375908058
1.7249999999999999 0.0002871334714589121
1.875 0.00029195315529460824
2.025 0.0002904962937752024
2.175 0.00028554299985327647
2.3249999999999997 0.00028323331508881396
2.475 0.00028685932171080127
2.625 0.00028341898211095757
2.775 0.00028268534798312774
2.925 0.0002906516961293134
3.0749999999999997 0.00028637240626185924
3.225 0.00028855690372402187
3.375 0.0002830245130919253
3.525 0.0002838117723496722
3.675 0.000288102729209368
3.8249999999999997 0.0002828984324729575
3.9749999999999996 0.00028845442100341215
4.125 0.00028331031090035195
4.2749999999999995 0.0002885701310785189
4.425 0.00028309116102634457
4.575 0.00027951033854708664
4.725 0.00028226730857520716
4.875 0.00028210693041859537
5.0249999999999995 0.0002809017063623109
5.175 0.00028254621118559543
5.325 0.00027998056646503475
5.475 0.00028604671104148175
5.625 0.0002894363017331692
5.7749999999999995 0.0002865167027505934
5.925 0.0002838621205642731
6.075 0.00028368313706755426
6.225 0.00028441549399065344
6.375 0.00027973944993144506
6.5249999999999995 0.00028362665122255097
6.675 0.00028520936910295916
6.825 0.0002864518231927281
6.975 0.00028255405869809117
7.125 0.0002821558649692882
7.2749999999999995 0.0002895418353261284
7.425 0.00028475783525663844
7.574999999999999 0.00028207923588841456
7.725 0.000285514399170818
7.875 0.0002826847752090663
8.025 0.00028585840037913805
8.174999999999999 0.0002777684087789418
8.325 0.0002838881504553178
8.475 0.0002817596494141584
8.625 0.0002848477569308448
8.775 0.000283644091185438
8.924999999999999 0.0002766533360198007
9.075 0.0002799074841687758
9.225 0.00027944039324863146
9.375 0.00028530883389493435
9.525 0.0002851726387538691
9.674999999999999 0.0002872864138498958
9.825 0.0002848834764799694
9.975 0.0002800190836550098
10.125 0.000289556264078954
10.275 0.000282497062799701
10.424999999999999 0.00028070990456574476
10.575 0.00028402577972117405
10.725 0.00028134321818687653
10.875 0.0002856009908600737
11.025 0.0002852544280516571
11.174999999999999 0.0002936081637022907
11.325 0.00028390943940073866
11.475 0.0002835422302097319
11.625 0.000281249384664217
11.775 0.00028664020369300914
11.924999999999999 0.0002882406026105497
12.075 0.00027968288181854777
12.225 0.00029224106876153905
12.375 0.0002839656529399769
12.525 0.00028040070413781423
12.674999999999999 0.0002800224143167598
12.825 0.00027864462355902
12.975 0.0002751020581000953
13.125 0.00028324852334606423
13.275 0.00028212344932343275
13.424999999999999 0.0002833155731011131
13.575 0.0002833089961614897
13.725 0.00028804159276739485
13.875 0.0002826680973199748
14.025 0.0002845747814237071
14.174999999999999 0.0002845763811310651
14.325 0.0002880474038504101
14.475 0.0002859136416271356
14.625 0.00028885774718662643
14.774999999999999 0.0002829851574855181
14.924999999999999 0.0002807074101012916
