# P_value  count
-1.0 233.0
-0.9333333333333333 1827.0
-0.8666666666666667 5316.0
-0.8 10303.0
-0.7333333333333333 18049.0
-0.6666666666666666 20852.0
-0.6 23947.0
-0.5333333333333333 21928.0
-0.4666666666666667 18941.0
-0.4 15373.0
-0.3333333333333333 11220.0
-0.26666666666666666 8556.0
-0.2 6363.0
-0.13333333333333333 4138.0
-0.06666666666666667 3097.0
0.0 3255.0
0.06666666666666667 1712.0
0.13333333333333333 1271.0
0.2 1024.0
0.26666666666666666 769.0
0.3333333333333333 671.0
0.4 589.0
0.4666666666666667 454.0
0.5333333333333333 391.0
0.6 287.0
0.6666666666666666 70.0
0.7333333333333333 16.0
0.8 37.0
0.8666666666666667 0.0
0.9333333333333333 0.0
1.0 0.0
