# k  S_n(k)
0.0 30.0
0.20943951023931953 0.3911384030283008
0.41887902047863906 0.4523849344539572
0.6283185307179586 1.8494622850126743
0.8377580409572781 1.1788498048736225
1.0471975511965976 0.8168922489140839
1.2566370614359172 1.2563344372732195
1.4660765716752366 1.0872444725417871
1.6755160819145563 0.9708324512677349
1.8849555921538759 0.902353173056906
2.0943951023931953 0.9137800313653323
2.3038346126325147 1.0432159288561018
2.5132741228718345 1.0190002649883552
2.722713633111154 0.9290355451306754
2.9321531433504733 0.9016050393968065
3.141592653589793 0.9302463006165093
3.3510321638291125 0.9222516044929128
3.560471674068432 1.1448586384108292
3.7699111843077517 0.9804172454456028
3.979350694547071 1.0395396326890152
4.1887902047863905 0.9316952761692805
4.39822971502571 1.0507956540928114
4.607669225265029 1.0614076680169016
4.817108735504349 0.9979069346493208
5.026548245743669 1.0192882073799143
5.235987755982988 1.0983362889956974
5.445427266222308 1.0207066762993198
5.654866776461628 0.9842070078427704
5.864306286700947 0.9983992305747738
6.073745796940266 0.985397626735802
6.283185307179586 0.9739089822310834
6.492624817418905 1.0446230974922794
6.702064327658225 1.082848662656768
6.911503837897545 1.0030156247100606
7.120943348136864 1.0000598918202976
7.330382858376184 1.049807803320027
7.5398223686155035 0.9686642053890023
7.749261878854822 1.0692199528095945
7.958701389094142 0.954907254504793
8.168140899333462 0.9815487278978662
8.377580409572781 1.0690904229357998
8.5870199198121 1.0776799373646129
8.79645943005142 1.029687541617613
9.00589894029074 0.9886387931897792
9.215338450530059 0.9374783112694999
9.42477796076938 0.9376734319523181
9.634217471008698 1.0237270092992636
9.843656981248017 0.9915387935928258
10.053096491487338 0.9847167492616248
10.262536001726657 0.9851955952391859
10.471975511965976 0.9535675379862311
10.681415022205297 1.006566804128573
10.890854532444616 1.0430406495493345
11.100294042683934 1.1534328025703249
11.309733552923255 0.980829410878507
11.519173063162574 0.9994970666150655
11.728612573401893 0.9961366720970358
11.938052083641214 0.9689585691431359
12.147491593880533 0.9718653251060851
12.356931104119852 0.9625695482091609
12.566370614359172 1.0343871126150155
12.775810124598491 0.9933508502767943
12.98524963483781 0.9777699315716774
13.194689145077131 0.9813902286410067
13.40412865531645 1.0459230009306568
13.613568165555769 0.9938156986678834
13.82300767579509 0.9556939924991761
14.032447186034409 0.9842766133630589
14.241886696273728 0.9749789211854838
14.451326206513048 0.9791908639157949
14.660765716752367 1.0112558711323827
14.870205226991686 1.0010323171963997
15.079644737231007 0.9699667405107325
15.289084247470326 1.0263597979648214
15.498523757709645 0.9878255447316261
15.707963267948966 0.9529719361229276
15.917402778188285 0.9756931733812071
16.126842288427603 0.9932580504730906
16.336281798666924 1.0284712820410162
16.54572130890624 0.9651685576799098
16.755160819145562 0.9849778768230566
16.964600329384883 1.0037902209968133
17.1740398396242 0.9888751950807506
17.38347934986352 0.9331789308166099
17.59291886010284 0.9990222790876648
17.80235837034216 1.1053186211993542
18.01179788058148 0.993155241254018
18.2212373908208 1.018117204251831
18.430676901060117 1.0018453109963037
18.640116411299438 0.9855877201969262
18.84955592153876 1.042099366463878
19.058995431778076 1.005250295264854
19.268434942017397 0.9994593560961125
19.477874452256717 1.0429021354370547
19.687313962496034 0.986268942607417
19.896753472735355 0.9815642620288044
20.106192982974676 1.0341091684616288
20.315632493213993 1.0522557106917172
20.525072003453314 1.0182786191065671
20.734511513692635 1.0264186673482154
