# r  Cs(r) [pure estimator]
0.075 0.0003927559775166432
0.22499999999999998 0.00039182429591320684
0.375 0.000394613236360484
0.525 0.00039397706197217994
0.6749999999999999 0.0003902777497284481
0.825 0.0003935627617280286
0.975 0.00039610399616606
1.125 0.000392571888426673
1.275 0.0003909110809218735
1.425 0.0003938455446575472
1.575 0.0003927387196167388
1.7249999999999999 0.00038580375989429256
1.875 0.00039236182304894153
2.025 0.00039605762762903637
2.175 0.0003926390135953134
2.3249999999999997 0.00038854888117901713
2.475 0.00039202455142346265
2.625 0.00039283926050046617
2.775 0.0003929315006894781
2.925 0.00039327643596425517
3.0749999999999997 0.00038897704246921785
3.225 0.0003946402981904759
3.375 0.00039498168843741166
3.525 0.00039478789923408906
3.675 0.00039427991872365405
3.8249999999999997 0.00039305539175497835
3.9749999999999996 0.00039476322406561574
4.125 0.00039279389412837155
4.2749999999999995 0.00039580252677704733
4.425 0.00039457478388658636
4.575 0.00038616627069462255
4.725 0.00039108503328624296
4.875 0.0003897335253363673
5.0249999999999995 0.0003927893783293704
5.175 0.0003918923889910268
5.325 0.00039196507575844594
5.475 0.0003853555600197716
5.625 0.0003911673687696278
5.7749999999999995 0.00039093429625739016
5.925 0.0003891588796804261
6.075 0.0003908882680429405
6.225 0.0003949098169466711
6.375 0.0003831303142523631
6.5249999999999995 0.000393627945631393
6.675 0.0003897062107344858
6.825 0.0003887847371892554
6.975 0.00038641912969578014
7.125 0.00038945818823045745
7.2749999999999995 0.00038088078187433974
7.425 0.0003901150428160354
7.574999999999999 0.00039409721611082714
7.725 0.00038694972832209457
7.875 0.0003897245412684331
8.025 0.0003885562404024051
8.174999999999999 0.00038798338265234433
8.325 0.0003903224292796573
8.475 0.000390394037290626
8.625 0.00039237271301676704
8.775 0.00039498219307973806
8.924999999999999 0.00039082895805206923
9.075 0.0003938220904527606
9.225 0.00038749660559017016
9.375 0.0003902319155745162
9.525 0.0003911017568957924
9.674999999999999 0.00039251056666621145
9.825 0.0003872566795333257
9.975 0.000389394769325678
10.125 0.0003880726044331527
10.275 0.00039368130681513157
10.424999999999999 0.00039130125574810004
10.575 0.00039391019122924075
10.725 0.0003893160388846905
10.875 0.00038917014868368845
11.025 0.0003920572437435817
11.174999999999999 0.0003929058963910226
11.325 0.00039280760856904917
11.475 0.0003876627116245591
11.625 0.0003861535582012308
11.775 0.0003912687888199559
11.924999999999999 0.0003881888237045499
12.075 0.00039209580307540074
12.225 0.00038767156815953024
12.375 0.00039140157299970453
12.525 0.00038856442775774
12.674999999999999 0.0003855318845780094
12.825 0.0003898443791235373
12.975 0.00038866677624058556
13.125 0.00039354750256851025
13.275 0.0003905092961562761
13.424999999999999 0.0003922965468794909
13.575 0.0003885547404877553
13.725 0.0003912380306211165
13.875 0.00038788660940772095
14.025 0.00039338037502529216
14.174999999999999 0.00038980509948917727
14.325 0.00038350079111990477
14.475 0.00039025834662212113
14.625 0.0003917073798827952
14.774999999999999 0.0003908142466177714
14.924999999999999 0.00038818633162262845
