# P_value  count
-1.0 909.0
-0.9333333333333333 5179.0
-0.8666666666666667 14107.0
-0.8 22339.0
-0.7333333333333333 28207.0
-0.6666666666666666 30071.0
-0.6 27488.0
-0.5333333333333333 22327.0
-0.4666666666666667 15705.0
-0.4 11138.0
-0.3333333333333333 7152.0
-0.26666666666666666 4566.0
-0.2 2874.0
-0.13333333333333333 1848.0
-0.06666666666666667 1206.0
0.0 1738.0
0.06666666666666667 618.0
0.13333333333333333 441.0
0.2 453.0
0.26666666666666666 497.0
0.3333333333333333 590.0
0.4 797.0
0.4666666666666667 1057.0
0.5333333333333333 1225.0
0.6 1516.0
0.6666666666666666 1576.0
0.7333333333333333 1466.0
0.8 1554.0
0.8666666666666667 835.0
0.9333333333333333 143.0
1.0 0.0
