block_size         error    difference      rel_diff
-------------------------------------------------------
       2  2.433446e-07  1.007960e-07  4.142109e-01
       4  3.441406e-07  1.425461e-07  4.142089e-01
       8  4.866867e-07  2.015880e-07  4.142048e-01
      16  6.882747e-07  2.850811e-07  4.141967e-01
      32  9.733558e-07  4.031459e-07  4.141814e-01
      64  1.376502e-06  5.700842e-07  4.141544e-01
     128  1.946586e-06  8.060906e-07  4.141048e-01
     256  2.752677e-06  1.139657e-06  4.140176e-01
     512  3.892333e-06  1.611009e-06  4.138928e-01
    1024  5.503342e-06  2.276654e-06  4.136858e-01
    2048  7.779996e-06  3.214394e-06  4.131613e-01
    4096  1.099439e-05  4.532190e-06  4.122276e-01
    8192  1.552658e-05  6.339359e-06  4.082907e-01
   16384  2.186594e-05  8.676926e-06  3.968239e-01
   32768  3.054287e-05  1.123256e-05  3.677639e-01
   65536  4.177543e-05  1.327962e-05  3.178810e-01
  131072  5.505505e-05           ---           ---
