# r  Cs(r) [pure estimator]
0.075 3.0148376608754074e-6
0.22499999999999998 -4.154351405424156e-6
0.375 -1.4597018344924777e-6
0.525 -1.3436924043523944e-6
0.6749999999999999 5.539501117068433e-6
0.825 -3.7261255176268496e-6
0.975 -2.4639924007656958e-6
1.125 -2.088362146044984e-7
1.275 2.5491013004364074e-6
1.425 3.0534052739853706e-6
1.575 -5.204251190338504e-7
1.7249999999999999 -8.787479482160431e-6
1.875 -7.319549868581237e-6
2.025 -7.203654121443749e-7
2.175 -2.1680612047096712e-6
2.3249999999999997 -5.0028706865384865e-6
2.475 2.7821209189555623e-6
2.625 -8.562804938585572e-6
2.775 -8.742846539722463e-6
2.925 7.335849575273686e-6
3.0749999999999997 -5.946412344568391e-6
3.225 -1.2817470860631724e-6
3.375 -1.2547069947950958e-6
3.525 -4.255536186972371e-6
3.675 -4.6035590284205395e-6
3.8249999999999997 3.662281835379512e-6
3.9749999999999996 -4.293199891334376e-6
4.125 -6.755855742231119e-6
4.2749999999999995 -9.706354956169698e-6
4.425 -5.905559934587244e-6
4.575 2.825277766407683e-7
4.725 2.1055259527806994e-6
4.875 -4.8032926818424135e-6
5.0249999999999995 3.296064501622982e-7
5.175 9.97682251131792e-7
5.325 -2.9116566665786194e-6
5.475 -4.965466072162036e-6
5.625 -3.6979792416272164e-6
5.7749999999999995 -1.083292421068273e-5
5.925 -1.830875489578659e-7
6.075 -1.964531260752639e-6
6.225 6.012548908905628e-7
6.375 -5.751817938422945e-6
6.5249999999999995 1.764937508838772e-6
6.675 -1.2108314730308846e-5
6.825 -1.137513136855846e-6
6.975 -1.0965951408844356e-7
7.125 -2.763178531603948e-6
7.2749999999999995 -2.9045673890035396e-6
7.425 4.900107535104248e-7
7.574999999999999 -8.90001132619789e-6
7.725 4.408345267769424e-6
7.875 -4.74425520566453e-6
8.025 4.752074556357166e-7
8.174999999999999 -4.804810120845198e-6
8.325 6.004480178259798e-6
8.475 -2.8977681214421502e-6
8.625 -9.709303303795653e-6
8.775 -9.256113467452054e-6
8.924999999999999 -4.489189318876636e-6
9.075 -8.737097752886922e-6
9.225 -3.721803276571191e-6
9.375 2.518979808705823e-6
9.525 1.0197861289336468e-6
9.674999999999999 2.6155848486403896e-6
9.825 1.027731976036482e-6
9.975 -6.522279893948106e-6
10.125 -4.150390664469611e-6
10.275 -3.946715657912935e-6
10.424999999999999 -3.0852066409224254e-8
10.575 5.620774199703268e-7
10.725 -1.1446032703027593e-5
10.875 -7.523487024586489e-6
11.025 6.93242602196774e-6
11.174999999999999 8.862363349742491e-6
11.325 7.012552207558931e-6
11.475 1.0526068887858544e-6
11.625 -5.831822695716671e-6
11.775 3.2124931379943853e-7
11.924999999999999 -4.404855426027632e-6
12.075 -5.404675515044034e-6
12.225 -2.447745518427325e-6
12.375 7.506579336712543e-6
12.525 -1.009034366587643e-5
12.674999999999999 -4.847600391277099e-7
12.825 1.9697394589060154e-6
12.975 -5.93676915019936e-6
13.125 -7.6009716820616514e-6
13.275 -7.251251481389816e-6
13.424999999999999 -1.1898325268470195e-5
13.575 -4.417025404741865e-6
13.725 -2.5416968977046894e-7
13.875 -2.590993765839247e-6
14.025 -1.555249776071985e-6
14.174999999999999 -8.112135294588392e-6
14.325 -5.608099853822778e-6
14.475 2.2773306382889727e-6
14.625 8.146389479309763e-6
14.774999999999999 5.292290057874428e-6
14.924999999999999 9.436069962685278e-7
