block_size         error    difference      rel_diff
-------------------------------------------------------
       2  7.691433e-07  3.182816e-07  4.138131e-01
       4  1.087425e-06  4.496661e-07  4.135146e-01
       8  1.537091e-06  6.346926e-07  4.129181e-01
      16  2.171784e-06  8.943551e-07  4.118067e-01
      32  3.066139e-06  1.256569e-06  4.098214e-01
      64  4.322708e-06  1.757601e-06  4.065972e-01
     128  6.080309e-06  2.440711e-06  4.014123e-01
     256  8.521019e-06  3.365491e-06  3.949634e-01
     512  1.188651e-05  4.618173e-06  3.885222e-01
    1024  1.650468e-05  6.365077e-06  3.856528e-01
    2048  2.286976e-05  8.734092e-06  3.819057e-01
    4096  3.160385e-05  1.158313e-05  3.665100e-01
    8192  4.318698e-05  1.390957e-05  3.220779e-01
   16384  5.709655e-05  1.346737e-05  2.358701e-01
   32768  7.056392e-05  1.314966e-05  1.863510e-01
   65536  8.371357e-05  1.342456e-06  1.603630e-02
  131072  8.505603e-05           ---           ---
