# r  Cs(r) [pure estimator]
0.075 9.879889140004122e-5
0.22499999999999998 0.00010967888681588866
0.375 0.00010751832746359302
0.525 0.00010081139542502338
0.6749999999999999 0.0001078384683164559
0.825 0.00011100621215347082
0.975 0.0001032726719607574
1.125 0.00011553449607568834
1.275 0.0001181690641723744
1.425 9.861778834420786e-5
1.575 0.00010249221613641261
1.7249999999999999 0.00011212683475099026
1.875 0.00010275212400445697
2.025 0.000119327065712023
2.175 0.00011160918452220368
2.3249999999999997 0.00010123015003199895
2.475 0.00011086892239923938
2.625 9.466890712709856e-5
2.775 9.933252186989748e-5
2.925 0.00010504933427250181
3.0749999999999997 0.00011334582660102768
3.225 0.00012252637917513332
3.375 0.00010387455854447784
3.525 0.00010600786460507707
3.675 0.00010345344325512069
3.8249999999999997 0.00011031799321858315
3.9749999999999996 9.871465980062529e-5
4.125 0.00010464936460161075
4.2749999999999995 0.00010480927565075093
4.425 0.00010621220299332014
4.575 0.00010851951501026422
4.725 0.00010936846947226282
4.875 9.809810444588018e-5
5.0249999999999995 0.00010118249911378614
5.175 0.00010471895810596916
5.325 0.00010678422019229173
5.475 0.00010463239785378117
5.625 9.94824937847255e-5
5.7749999999999995 0.00010632574832271213
5.925 0.00010906272190771207
6.075 0.00011054211231805499
6.225 0.00010220304717294156
6.375 0.00010050949163359977
6.5249999999999995 0.00010018161062253657
6.675 0.00011058424095684126
6.825 0.00011037601138535729
6.975 0.00010853029183749013
7.125 0.00011067210862494248
7.2749999999999995 8.172144407681326e-5
7.425 0.00010380945454017817
7.574999999999999 0.00010786001958621233
7.725 0.0001032830476103206
7.875 9.928550701552566e-5
8.025 9.458507956761589e-5
8.174999999999999 9.333005115644829e-5
8.325 0.00011442225125878836
8.475 0.0001073416182755861
8.625 0.00010694602909776097
8.775 0.00010248364685680766
8.924999999999999 0.00010258000175165844
9.075 0.00010434815222868301
9.225 0.00011545942316112839
9.375 0.00010200033681761338
9.525 9.302136379104983e-5
9.674999999999999 9.630910181921444e-5
9.825 9.408723862389837e-5
9.975 9.868358609987282e-5
10.125 9.364351348577319e-5
10.275 0.00010286895795848113
10.424999999999999 9.760075025168994e-5
10.575 9.303714137217701e-5
10.725 0.00010108265108505583
10.875 9.967996456340654e-5
11.025 0.00010159012146294411
11.174999999999999 9.867139986683252e-5
11.325 9.484539267594603e-5
11.475 8.478295729680442e-5
11.625 9.037594352966464e-5
11.775 9.335470114400203e-5
11.924999999999999 0.00010539211430487417
12.075 9.524564502815659e-5
12.225 9.052733374984422e-5
12.375 0.00011004629694708873
12.525 9.651312135771658e-5
12.674999999999999 9.329374106070351e-5
12.825 9.551264437391458e-5
12.975 8.848513313695215e-5
13.125 9.464895024544881e-5
13.275 8.871682961421452e-5
13.424999999999999 0.00010173544250191
13.575 8.613657796547437e-5
13.725 0.00010279873541705013
13.875 9.28293540060361e-5
14.025 9.63754590625832e-5
14.174999999999999 0.00010000108339301903
14.325 0.00010276041816402179
14.475 9.224677970609526e-5
14.625 9.243331386587604e-5
14.774999999999999 0.00010138555686183263
14.924999999999999 8.942687808833962e-5
