# r  Cs(r) [pure estimator]
0.05 -7.471838348726312e-6
0.15000000000000002 -2.460719298044969e-6
0.25 -7.228708336943949e-6
0.35000000000000003 -6.753668148681523e-6
0.45 -4.094678478344962e-6
0.55 -6.098456267301145e-6
0.65 -1.0284924197157677e-6
0.75 -1.2201331272163869e-5
0.8500000000000001 -5.935785910877535e-6
0.9500000000000001 -3.5611358141575877e-6
1.05 2.387722374892443e-6
1.1500000000000001 -9.287593944306826e-6
1.25 -6.7509685353502e-6
1.35 -8.089504077848615e-6
1.4500000000000002 -4.639377686690826e-6
1.55 -5.6240809712333955e-6
1.6500000000000001 -4.180227909601667e-6
1.75 -8.310611765239919e-6
1.85 -3.7157807728940032e-6
1.9500000000000002 -1.117892605633765e-5
2.0500000000000003 -3.6086384055698835e-7
2.15 -2.516438456588842e-6
2.25 -6.214556054653438e-6
2.35 -1.3118835916606082e-6
2.45 -4.0045727618079385e-6
2.5500000000000003 -8.428977877986542e-6
2.6500000000000004 -7.476681207753721e-6
2.75 -2.9778527870424785e-6
2.85 -4.636128347494744e-6
2.95 -1.0646392489412122e-5
3.0500000000000003 -4.361100067865672e-6
3.1500000000000004 -3.358630430307892e-6
3.25 -2.803615943778525e-6
3.35 -8.274762914130352e-6
3.45 -4.134371940692206e-6
3.5500000000000003 -6.008563601825686e-6
3.6500000000000004 -8.90338079109179e-6
3.75 -8.936531625292652e-6
3.85 -4.990156106568471e-6
3.95 -3.7409200727903334e-6
4.05 -6.034506665613415e-6
4.15 -5.828836284632188e-6
4.25 -4.372244386198248e-6
4.3500000000000005 -4.562596363848591e-6
4.45 -2.952079561638992e-6
4.55 -4.718296407130339e-6
4.65 -1.1112408740655976e-5
4.75 -2.0450693867428905e-6
4.8500000000000005 -7.842057271496184e-6
4.95 -6.381208590694634e-6
5.050000000000001 -8.53181548713838e-6
5.15 -4.358821508280409e-6
5.25 -5.48577483611682e-6
5.3500000000000005 -4.134058827800268e-6
5.45 -2.851616261002917e-6
5.550000000000001 -6.7440428186430905e-6
5.65 -5.329668246447156e-6
5.75 -5.014098182544848e-6
5.8500000000000005 -2.4373729019083683e-6
5.95 -1.202966228650414e-6
6.050000000000001 -5.457532911738514e-6
6.15 -5.354291299618409e-6
6.25 -4.198771735502861e-6
6.3500000000000005 -4.765155769482292e-6
6.45 -5.648215606001784e-6
6.550000000000001 -9.765706406039782e-6
6.65 -3.738069904477e-6
6.75 -2.3903306995936586e-6
6.8500000000000005 -2.2507769945238195e-6
6.95 -5.647455448834058e-6
7.050000000000001 -4.29047440844866e-6
7.15 -8.5770601211984e-6
7.25 -4.118452832128825e-6
7.3500000000000005 -7.885810828358579e-6
7.45 -3.127709206498526e-6
7.550000000000001 -4.938985890943539e-7
7.65 -8.64208444248439e-6
7.75 -6.958646803042205e-6
7.8500000000000005 3.143585245332544e-7
7.95 -4.034720061778865e-6
8.05 -1.1220241168358257e-6
8.15 -4.548546542405339e-6
8.25 -7.963473971257033e-6
8.35 -4.907390129317182e-6
8.450000000000001 -3.547535951590086e-6
8.55 -6.164884104180228e-6
8.65 -2.0997315624746014e-6
8.75 -2.0711145662325047e-6
8.85 -4.497238821688042e-6
8.950000000000001 -5.649746318719655e-6
9.05 -4.944788701427009e-6
9.15 1.507156565255093e-6
9.25 -7.306747469462022e-6
9.35 -1.225672286923514e-6
9.450000000000001 -7.2627205053826235e-6
9.55 -5.245261053452603e-6
9.65 -6.039687914933981e-6
9.75 -2.0074864949233813e-6
9.850000000000001 -2.4141405323041987e-6
9.950000000000001 -1.8070651863758725e-6
