block_size         error    difference      rel_diff
-------------------------------------------------------
       2  1.346746e-08  5.549538e-09  4.120703e-01
       4  1.901699e-08  7.804383e-09  4.103899e-01
       8  2.682138e-08  1.091672e-08  4.070158e-01
      16  3.773810e-08  1.512103e-08  4.006833e-01
      32  5.285913e-08  2.055542e-08  3.888718e-01
      64  7.341455e-08  2.702768e-08  3.681515e-01
     128  1.004422e-07  3.347108e-08  3.332371e-01
     256  1.339133e-07  3.733675e-08  2.788129e-01
     512  1.712501e-07  3.606857e-08  2.106193e-01
    1024  2.073186e-07  2.676515e-08  1.291015e-01
    2048  2.340838e-07  2.512365e-08  1.073276e-01
    4096  2.592074e-07  3.330635e-08  1.284930e-01
    8192  2.925138e-07  3.319112e-08  1.134686e-01
   16384  3.257049e-07  2.137954e-08  6.564082e-02
   32768  3.470844e-07  2.520673e-08  7.262421e-02
   65536  3.722912e-07  1.794259e-08  4.819505e-02
  131072  3.902338e-07           ---           ---
