block_size         error    difference      rel_diff
-------------------------------------------------------
       2  2.338983e-08  9.655291e-09  4.127987e-01
       4  3.304512e-08  1.360594e-08  4.117383e-01
       8  4.665106e-08  1.910902e-08  4.096160e-01
      16  6.576008e-08  2.666971e-08  4.055608e-01
      32  9.242979e-08  3.682659e-08  3.984277e-01
      64  1.292564e-07  4.988746e-08  3.859574e-01
     128  1.791438e-07  6.536730e-08  3.648872e-01
     256  2.445111e-07  8.257586e-08  3.377182e-01
     512  3.270870e-07  9.964466e-08  3.046427e-01
    1024  4.267317e-07  1.223456e-07  2.867039e-01
    2048  5.490773e-07  1.519514e-07  2.767396e-01
    4096  7.010287e-07  1.896618e-07  2.705478e-01
    8192  8.906905e-07  1.865922e-07  2.094917e-01
   16384  1.077283e-06  1.502065e-07  1.394309e-01
   32768  1.227489e-06  1.459803e-07  1.189259e-01
   65536  1.373469e-06  -1.333186e-08  9.706702e-03
  131072  1.360138e-06           ---           ---
