# P_value  count
-1.0 0.0
-0.9333333333333333 0.0
-0.8666666666666667 0.0
-0.8 1.0
-0.7333333333333333 12.0
-0.6666666666666666 46.0
-0.6 155.0
-0.5333333333333333 572.0
-0.4666666666666667 1364.0
-0.4 3165.0
-0.3333333333333333 6127.0
-0.26666666666666666 10562.0
-0.2 16372.0
-0.13333333333333333 21906.0
-0.06666666666666667 26481.0
0.0 28674.0
0.06666666666666667 25904.0
0.13333333333333333 21675.0
0.2 16147.0
0.26666666666666666 10443.0
0.3333333333333333 5813.0
0.4 2953.0
0.4666666666666667 1320.0
0.5333333333333333 446.0
0.6 157.0
0.6666666666666666 56.0
0.7333333333333333 5.0
0.8 4.0
0.8666666666666667 6.0
0.9333333333333333 0.0
1.0 0.0
