# k values and corresponding S(k) [pure estimator]
0.0 1.3633820392198204
0.20943951023931953 1.00418005751079
0.41887902047863906 0.9894581792814406
0.6283185307179586 0.9767463344340918
0.8377580409572781 0.9681692073790955
1.0471975511965976 0.9700673994483664
1.2566370614359172 0.9751445316329017
1.4660765716752366 0.9647326219014566
1.6755160819145563 0.9827060967353372
1.8849555921538759 0.9775165126519727
2.0943951023931953 0.9681606134234919
2.3038346126325147 0.9769477962873838
2.5132741228718345 0.9685268990509635
2.722713633111154 0.9650568355336347
2.9321531433504733 0.9780680987671106
3.141592653589793 0.9773619480643424
3.3510321638291125 0.962742786479371
3.560471674068432 0.9640801421186808
3.7699111843077517 0.968765828315004
3.979350694547071 0.9720831812743811
4.1887902047863905 0.9794807732144002
4.39822971502571 0.9750988183704598
4.607669225265029 0.977126172261387
4.817108735504349 0.9717239411825164
5.026548245743669 0.9725204844625446
5.235987755982988 0.9800114654137995
5.445427266222308 0.9711605339598184
5.654866776461628 0.9722566518006895
5.864306286700947 0.9679609153654476
6.073745796940266 0.9723360025139937
6.283185307179586 0.9689097001498392
6.492624817418905 0.9726396391115887
6.702064327658225 0.9703370299299088
6.911503837897545 0.9664805258401441
7.120943348136864 0.9712107781237711
7.330382858376184 0.966113636722055
7.5398223686155035 0.9772052249770687
7.749261878854822 0.9742190813725131
7.958701389094142 0.9719188094967214
8.168140899333462 0.9708766627396379
8.377580409572781 0.9729931616597733
8.5870199198121 0.9631757969705341
8.79645943005142 0.9658854604987211
9.00589894029074 0.9745496185999716
9.215338450530059 0.9700007032904968
9.42477796076938 0.9652576512838968
9.634217471008698 0.9621592125339471
9.843656981248017 0.9720005894180807
10.053096491487338 0.983992989381397
10.262536001726657 0.9694149497094795
10.471975511965976 0.9651600228108607
10.681415022205297 0.9693063949780243
10.890854532444616 0.9695299637521255
11.100294042683934 0.9692288715106229
11.309733552923255 0.974087672353552
11.519173063162574 0.9726018292782687
11.728612573401893 0.9645290006132755
11.938052083641214 0.9831697346405395
12.147491593880533 0.9699521381330503
12.356931104119852 0.9756797957880826
12.566370614359172 0.9682059180831768
12.775810124598491 0.9720867609924791
12.98524963483781 0.9732416159613158
13.194689145077131 0.9737929327234954
13.40412865531645 0.9660978984676912
13.613568165555769 0.9767630428297044
13.82300767579509 0.9624552866845563
14.032447186034409 0.9705350011446663
14.241886696273728 0.973431190403674
14.451326206513048 0.9760725139557018
14.660765716752367 0.9748946419238016
14.870205226991686 0.9725353497522575
15.079644737231007 0.9690739607955239
15.289084247470326 0.9779144948049462
15.498523757709645 0.9719230808729966
