# k values and corresponding S(k) [pure estimator]
0.0 1.8290482180815604
0.15707963267948966 1.0377213007548227
0.3141592653589793 0.9766428895755734
0.47123889803846897 0.9736409578574883
0.6283185307179586 0.9774767136031952
0.7853981633974483 0.9784865595284588
0.9424777960769379 0.9738153755993626
1.0995574287564276 0.9755770733862259
1.2566370614359172 0.9656352447354306
1.413716694115407 0.9672371517400268
1.5707963267948966 0.9726709919359128
1.7278759594743862 0.9751854389019913
1.8849555921538759 0.9648844969971238
2.0420352248333655 0.9738226786034205
2.199114857512855 0.9648492454638805
2.356194490192345 0.9648050919343667
2.5132741228718345 0.9563539040674155
2.670353755551324 0.9713003652101035
2.827433388230814 0.9718804469359772
2.9845130209103035 0.9721082404124972
3.141592653589793 0.964377215071096
3.2986722862692828 0.9750696422975857
3.4557519189487724 0.9844227164798947
3.612831551628262 0.9619224357976347
3.7699111843077517 0.9699806520662223
3.9269908169872414 0.9797277011332917
4.084070449666731 0.954662691987668
4.241150082346221 0.9608417486484326
4.39822971502571 0.9808064019442106
4.5553093477052 0.969174247749738
4.71238898038469 0.9628288403417508
4.869468613064179 0.964740221600043
5.026548245743669 0.9876456878145665
5.183627878423159 0.9682713755492457
5.340707511102648 0.9675636226837546
5.497787143782138 0.9783128782713157
5.654866776461628 0.9752406309278338
5.811946409141117 0.9720781639867545
5.969026041820607 0.9645945744412304
6.126105674500097 0.9673646115279951
6.283185307179586 0.964189290140152
6.440264939859076 0.9619797822278837
6.5973445725385655 0.9717902351454725
6.754424205218055 0.9645960061329528
6.911503837897545 0.9789639932114635
7.0685834705770345 0.9743665841337052
7.225663103256524 0.9839477889233029
7.382742735936014 0.9587017820970544
7.5398223686155035 0.9619165046009334
7.696902001294993 0.9731854859784472
7.853981633974483 0.9668194483511064
8.011061266653972 0.9829177701962475
8.168140899333462 0.9751185820247343
8.325220532012953 0.9699460440003388
8.482300164692441 0.9657205134613644
8.63937979737193 0.9751735326088156
8.79645943005142 0.9638517629294956
8.953539062730911 0.9720536020908336
9.1106186954104 0.9702029461908294
9.267698328089889 0.9731102231272833
9.42477796076938 0.9642694740608437
9.58185759344887 0.9687503277128054
9.738937226128359 0.9730487678467128
9.896016858807847 0.9750909950707253
10.053096491487338 0.9749544474450134
10.210176124166829 0.9663213015935597
10.367255756846317 0.9752139532430182
10.524335389525806 0.974903925892012
10.681415022205297 0.9743148248947158
10.838494654884787 0.9763420139647466
10.995574287564276 0.9663384362070017
11.152653920243765 0.9649454346715363
11.309733552923255 0.9660602252312432
11.466813185602746 0.9755623730649974
11.623892818282235 0.9642503870345637
