0.125 0.8499428571428571
0.375 0.8516054421768707
0.625 0.8801414965986395
0.875 0.8956925170068027
1.125 0.8840027210884354
1.375 0.9301986394557823
1.625 1.0008544217687074
1.875 1.0715891156462585
2.125 1.0520326530612245
2.375 1.0435646258503402
2.625 1.0546312925170067
2.875 1.004421768707483
3.125 0.9710149659863946
3.375 0.9608054421768707
3.625 0.9517034013605442
3.875 0.9522367346938776
4.125 0.9847482993197278
4.375 1.0349632653061225
4.625 1.0621795918367347
4.875 1.0273741496598638
5.125 1.0207455782312924
5.375 1.0250639455782313
5.625 0.9975591836734694
5.875 0.9845034013605443
6.125 1.0161278911564626
6.375 1.0156925170068027
6.625 1.0340734693877551
6.875 1.0368462585034013
7.125 1.003352380952381
7.375 0.9958503401360544
7.625 0.9726857142857143
7.875 0.9650693877551021
8.125 0.9738938775510204
8.375 1.0168625850340136
8.625 0.9990476190476191
8.875 0.9943891156462585
9.125 0.9461360544217687
9.375 0.9268027210884354
9.625 0.933156462585034
9.875 0.9157251700680272
10.125 0.9273333333333333
10.375 0.9423673469387756
10.625 0.949687074829932
10.875 0.9173333333333333
11.125 0.8935102040816326
11.375 0.9240707482993197
11.625 0.9482503401360545
11.875 0.9732897959183674
12.125 0.9916190476190476
12.375 1.0500054421768708
12.625 1.031665306122449
12.875 1.0688925170068027
13.125 1.0422448979591836
13.375 1.069208163265306
13.625 1.0584462585034013
13.875 1.0455510204081633
14.125 1.0130938775510203
14.375 1.0398748299319729
14.625 1.0413142857142856
14.875 1.0848408163265306
15.125 1.0161306122448979
15.375 1.01941768707483
15.625 1.0154775510204082
15.875 0.9662857142857143
16.125 0.9548761904761904
16.375 0.9458068027210884
16.625 0.9675700680272109
16.875 1.017069387755102
17.125 1.0001768707482994
17.375 1.0114285714285713
17.625 0.9663646258503401
17.875 1.000312925170068
18.125 1.0420734693877551
18.375 1.0616734693877552
18.625 1.0818721088435375
18.875 1.0671945578231292
19.125 1.0528299319727892
19.375 1.0690911564625851
19.625 1.0190612244897959
19.875 1.0084163265306123
20.125 1.0044326530612244
20.375 0.9654285714285714
20.625 0.9900789115646258
20.875 0.9530013605442177
21.125 0.9921197278911564
21.375 1.0302448979591836
21.625 1.0417333333333334
21.875 1.0485115646258503
22.125 1.0390040816326531
22.375 1.0453115646258504
22.625 1.0661768707482993
22.875 1.073031292517007
23.125 1.1025850340136054
23.375 1.026421768707483
23.625 1.0134666666666667
23.875 1.0187646258503402
24.125 1.0299918367346939
24.375 1.030225850340136
24.625 1.0124816326530612
24.875 0.9839727891156462
