# r  Cs(r) [pure estimator]
0.15 0.000644397054748237
0.44999999999999996 0.0006436094229452354
0.75 0.0006524252916268858
1.05 0.0006450988018396164
1.3499999999999999 0.0006453104373906115
1.65 0.0006515444458854773
1.95 0.0006565431140598423
2.25 0.0006501438166660626
2.55 0.0006450713644038023
2.85 0.000640172860628277
3.15 0.0006468952916519936
3.4499999999999997 0.0006353100480818934
3.75 0.0006431531762603759
4.05 0.0006444529515020662
4.35 0.0006453639920664727
4.6499999999999995 0.0006432536225913154
4.95 0.0006386681223593086
5.25 0.000641700809718385
5.55 0.0006446048929531434
5.85 0.0006427792572452712
6.1499999999999995 0.0006408378230224655
6.45 0.0006412848764224802
6.75 0.0006458815293487601
7.05 0.000640577982578422
7.35 0.0006463278931373912
7.6499999999999995 0.0006466523852108924
7.949999999999999 0.0006347695493149402
8.25 0.0006371172384794117
8.549999999999999 0.0006429355802667967
8.85 0.000637341939660097
9.15 0.0006377196799773362
9.45 0.0006480877859636169
9.75 0.0006338192139891574
10.049999999999999 0.0006369550276053742
10.35 0.0006373277858686523
10.65 0.0006408615719007358
10.95 0.0006372888810910717
11.25 0.0006499255226506011
11.549999999999999 0.0006391116535695
11.85 0.0006387915325158941
12.15 0.000643350101617023
12.45 0.0006423168752385685
12.75 0.000642470450988022
13.049999999999999 0.0006390604727410067
13.35 0.0006405096420597488
13.65 0.0006408911092808607
13.95 0.0006439511689799039
14.25 0.0006440655522420569
14.549999999999999 0.0006391864762936803
14.85 0.0006393590240986154
15.149999999999999 0.0006411810446641029
15.45 0.0006355018359878942
15.75 0.0006446043325686533
16.05 0.0006354500405729088
16.349999999999998 0.0006381444016861227
16.65 0.0006401877939745894
16.95 0.0006528860344476078
17.25 0.0006403895946129153
17.55 0.000640244847771161
17.849999999999998 0.0006472220679545422
18.15 0.0006370612639591413
18.45 0.000634296776880515
18.75 0.0006427352226253256
19.05 0.0006388216370551922
19.349999999999998 0.0006334244709872575
19.65 0.000638144644825447
19.95 0.0006346416240064418
20.25 0.0006492864478477627
20.55 0.0006424123446439483
20.849999999999998 0.0006348662561267314
21.15 0.0006359264722815648
21.45 0.0006408471724920407
21.75 0.0006410980136238318
22.05 0.0006392212260650306
22.349999999999998 0.0006393445564390675
22.65 0.0006365991329910872
22.95 0.0006382449169097863
23.25 0.0006422309153946063
23.55 0.0006391964710017718
23.849999999999998 0.0006402682104267333
24.15 0.0006393032543628192
24.45 0.0006377667406174842
24.75 0.0006383968129582799
25.05 0.0006420577338722588
25.349999999999998 0.0006367414690518608
25.65 0.0006399966384080479
25.95 0.0006363902776720523
26.25 0.0006407102562635839
26.55 0.0006374998214836501
26.849999999999998 0.0006375613866980706
27.15 0.000635195547392488
27.45 0.0006374305733320857
27.75 0.0006406407557175467
28.05 0.0006400447069800296
28.349999999999998 0.0006368045796402136
28.65 0.0006406253138925375
28.95 0.0006403312264951607
29.25 0.0006381583453670945
29.549999999999997 0.0006403167795036672
29.849999999999998 0.0006401961437837797
