block_size         error    difference      rel_diff
-------------------------------------------------------
       2  2.523719e-07  1.044921e-07  4.140403e-01
       4  3.568641e-07  1.477134e-07  4.139205e-01
       8  5.045775e-07  2.087287e-07  4.136703e-01
      16  7.133062e-07  2.947302e-07  4.131889e-01
      32  1.008036e-06  4.155685e-07  4.122554e-01
      64  1.423605e-06  5.844316e-07  4.105294e-01
     128  2.008037e-06  8.181434e-07  4.074345e-01
     256  2.826180e-06  1.136635e-06  4.021806e-01
     512  3.962815e-06  1.559477e-06  3.935277e-01
    1024  5.522292e-06  2.109021e-06  3.819105e-01
    2048  7.631313e-06  2.793187e-06  3.660166e-01
    4096  1.042450e-05  3.620684e-06  3.473245e-01
    8192  1.404518e-05  4.823618e-06  3.434357e-01
   16384  1.886880e-05  6.521231e-06  3.456092e-01
   32768  2.539003e-05  7.762886e-06  3.057454e-01
   65536  3.315292e-05  4.345841e-06  1.310847e-01
  131072  3.749876e-05           ---           ---
