# k  S_s(k)
0.0 57.80000000003
0.07853981633974483 0.46719411137222333
0.15707963267948966 0.08003213290364038
0.23561944901923448 0.9084889966339827
0.3141592653589793 0.5943854774218186
0.39269908169872414 0.2926133395532703
0.47123889803846897 0.1658782163779997
0.5497787143782138 0.43285696438748844
0.6283185307179586 0.3171100554707602
0.7068583470577035 0.4941101829192497
0.7853981633974483 0.8742825266637848
0.8639379797371931 1.1108269586527688
0.9424777960769379 1.5480733865086342
1.0210176124166828 1.452916849430773
1.0995574287564276 1.0674751013451491
1.1780972450961724 1.4434020305999569
1.2566370614359172 1.9327990292239983
1.335176877775662 0.766978887723766
1.413716694115407 0.8872575587800219
1.4922565104551517 2.2529392349792414
1.5707963267948966 0.8832962042239492
1.6493361431346414 1.2408125175942575
1.7278759594743862 0.9841769204094513
1.806415775814131 0.9858094442973191
1.8849555921538759 0.9507721062210183
1.9634954084936207 0.9890994008111293
2.0420352248333655 0.9959611837466954
2.1205750411731104 0.9448216254833424
2.199114857512855 0.8986823678906158
2.2776546738526 0.832317944420646
2.356194490192345 0.7580485041756321
2.4347343065320897 0.7741166716357765
2.5132741228718345 0.7153669862741009
2.5918139392115793 0.6959783787625137
2.670353755551324 1.250715223594518
2.748893571891069 0.9068686025839554
2.827433388230814 0.9226044126519615
2.9059732045705586 0.9845866359152412
2.9845130209103035 1.2414459777088194
3.0630528372500483 0.7312395023861319
3.141592653589793 0.7973498297647491
3.220132469929538 0.9574606459004394
3.2986722862692828 1.28507034957838
3.3772121026090276 0.8729229848809812
3.4557519189487724 0.8982581921144068
3.5342917352885173 0.858513528839545
3.612831551628262 0.8797149732674856
3.691371367968007 0.8918083410605491
3.7699111843077517 1.2342662970203426
3.8484510006474966 1.060964967627876
3.9269908169872414 1.0279906442823934
4.005530633326986 1.0595277463551507
4.084070449666731 1.0327497527913594
4.162610266006476 0.9958479160541024
4.241150082346221 1.2970253726586938
4.319689898685965 0.923849085326281
4.39822971502571 1.0141593617491347
4.476769531365456 1.2501128083306363
4.5553093477052 0.8970609233661418
4.633849164044944 0.942661934517718
4.71238898038469 0.842331399232509
4.790928796724435 1.0752623414646438
4.869468613064179 0.9936136773636994
4.948008429403924 1.1509048737549947
5.026548245743669 0.9398018042290333
5.105088062083414 0.8936732672878152
5.183627878423159 0.831457195248885
5.262167694762903 0.9745507481232071
5.340707511102648 1.078769107119881
5.419247327442394 0.761806854730852
5.497787143782138 0.9533332624107379
5.576326960121882 0.8837200229535671
5.654866776461628 0.9172379063628847
5.733406592801373 0.8637209740791109
5.811946409141117 1.1121402584377489
5.890486225480862 0.9092109383732855
5.969026041820607 1.044366783499839
6.047565858160352 0.9483012063112102
6.126105674500097 1.0030171220092654
6.204645490839841 1.238215293731407
6.283185307179586 1.034761076963428
6.3617251235193315 0.9158461990924671
6.440264939859076 0.9635519355463846
6.51880475619882 1.2279727593011303
6.5973445725385655 1.0701145078950591
6.675884388878311 1.057120569872004
6.754424205218055 0.979506044522122
6.8329640215578 0.968480858478178
6.911503837897545 0.9241167320451694
6.99004365423729 1.0096168690434686
7.0685834705770345 1.2512818336638967
7.147123286916779 1.0475609869795497
7.225663103256524 0.8958291896581072
7.304202919596269 1.0994006733910917
7.382742735936014 1.0185592526818537
7.461282552275758 0.9504407613524594
7.5398223686155035 1.2055642950263348
7.618362184955249 0.9750542967550192
7.696902001294993 1.024238387494931
7.7754418176347375 1.101631947821556
