# P_value  count
-1.0 0.0
-0.96 0.0
-0.92 0.0
-0.88 0.0
-0.84 0.0
-0.8 0.0
-0.76 14.0
-0.72 47.0
-0.68 116.0
-0.64 174.0
-0.6 226.0
-0.56 639.0
-0.52 1172.0
-0.48 1496.0
-0.44 2233.0
-0.4 2716.0
-0.36 3451.0
-0.32 4675.0
-0.28 5508.0
-0.24 5985.0
-0.2 6874.0
-0.16 7577.0
-0.12 7708.0
-0.08 8350.0
-0.04 8806.0
0.0 9713.0
0.04 8675.0
0.08 8026.0
0.12 8031.0
0.16 7430.0
0.2 7196.0
0.24 6015.0
0.28 5416.0
0.32 4383.0
0.36 3766.0
0.4 2951.0
0.44 1946.0
0.48 1485.0
0.52 990.0
0.56 640.0
0.6 454.0
0.64 227.0
0.68 42.0
0.72 29.0
0.76 23.0
0.8 0.0
0.84 0.0
0.88 0.0
0.92 8.0
0.96 0.0
1.0 0.0
