block_size         error    difference      rel_diff
-------------------------------------------------------
       2  1.010757e-07  4.179312e-08  4.134835e-01
       4  1.428688e-07  5.900482e-08  4.130002e-01
       8  2.018736e-07  8.317145e-08  4.119977e-01
      16  2.850450e-07  1.168927e-07  4.100849e-01
      32  4.019377e-07  1.633609e-07  4.064333e-01
      64  5.652986e-07  2.259617e-07  3.997210e-01
     128  7.912603e-07  3.068413e-07  3.877881e-01
     256  1.098102e-06  4.021234e-07  3.661987e-01
     512  1.500225e-06  4.969266e-07  3.312347e-01
    1024  1.997152e-06  5.553719e-07  2.780820e-01
    2048  2.552524e-06  5.440028e-07  2.131235e-01
    4096  3.096526e-06  4.946532e-07  1.597446e-01
    8192  3.591180e-06  5.855091e-07  1.630409e-01
   16384  4.176689e-06  3.941476e-07  9.436844e-02
   32768  4.570836e-06  1.487313e-09  3.253919e-04
   65536  4.572324e-06  9.711953e-07  2.124074e-01
  131072  5.543519e-06           ---           ---
