# k values and corresponding S(k) [pure estimator]
0.0 2.8979335046275203
0.12566370614359174 1.1519216659959395
0.25132741228718347 1.0150820342291684
0.3769911184307752 0.9832561298439656
0.5026548245743669 0.9795543575928838
0.6283185307179586 0.9624185403491371
0.7539822368615504 0.9802238620784384
0.8796459430051422 0.9682718422158497
1.0053096491487339 0.9694538360998254
1.1309733552923256 0.962651133512656
1.2566370614359172 0.9710343708110651
1.3823007675795091 0.9736293764715797
1.5079644737231008 0.9974281417733554
1.6336281798666925 0.9535243117722443
1.7592918860102844 0.9570725895333132
1.884955592153876 0.9603340975441932
2.0106192982974678 0.9842022561669382
2.1362830044410597 0.961697123567708
2.261946710584651 0.9797622327688545
2.387610416728243 0.9621053465063981
2.5132741228718345 0.9786853404627991
2.6389378290154264 0.9738778210231681
2.7646015351590183 0.9737413330819812
2.8902652413026098 0.9726033917465157
3.0159289474462017 0.9782300594316744
3.1415926535897936 0.9612383325555437
3.267256359733385 0.9650599998366673
3.392920065876977 0.986790503066708
3.518583772020569 0.970836911399701
3.6442474781641603 0.9640198476456748
3.769911184307752 0.9597073901472579
3.8955748904513436 0.9647366521858624
4.0212385965949355 0.966798657804285
4.1469023027385274 0.9569451576193583
4.272566008882119 0.9854704612352236
4.39822971502571 0.9666560647395456
4.523893421169302 0.9664595397803154
4.649557127312894 0.9745089906256288
4.775220833456486 0.9798138066366546
4.900884539600078 0.9619568004671871
5.026548245743669 0.9733335318093286
5.152211951887261 0.9574339975547446
5.277875658030853 0.968592668517659
5.403539364174445 0.9661430131048017
5.529203070318037 0.9724944369426004
5.6548667764616285 0.9597668288396398
5.7805304826052195 0.9588767777285482
5.906194188748811 0.9685228620342874
6.031857894892403 0.9558573889318119
6.157521601035995 0.9720781759647791
6.283185307179587 0.9737771153653635
6.408849013323178 0.9696841771660656
6.53451271946677 0.9738134858542404
6.660176425610362 0.9726075953946015
6.785840131753954 0.98147957712986
6.911503837897546 0.9854548445732821
7.037167544041138 0.9683240013727081
7.162831250184729 0.9688338748734913
7.288494956328321 0.978298993073306
7.4141586624719125 0.9715115149531365
7.539822368615504 0.964365431245174
7.665486074759096 0.9712557266333759
7.791149780902687 0.9652616615359858
7.916813487046279 0.9772753076657628
8.042477193189871 0.9610109558623952
8.168140899333462 0.9752527138672574
8.293804605477055 0.9661253597583317
8.419468311620646 0.9584691255644568
8.545132017764239 0.9773824722007668
8.67079572390783 0.9706147404935439
8.79645943005142 0.9736992043869012
8.922123136195014 0.9773716405808502
9.047786842338605 0.9782767012779529
9.173450548482197 0.9637556399970381
9.299114254625788 0.964406969700235
