# P_value  count
-1.0 0.0
-0.9666666666666667 1398.0
-0.9333333333333333 4140.0
-0.9 9860.0
-0.8666666666666667 15818.0
-0.8333333333333334 21742.0
-0.8 24293.0
-0.7666666666666667 24654.0
-0.7333333333333333 21736.0
-0.7 17519.0
-0.6666666666666666 13790.0
-0.6333333333333333 10356.0
-0.6 6594.0
-0.5666666666666667 3994.0
-0.5333333333333333 2228.0
-0.5 1443.0
-0.4666666666666667 799.0
-0.43333333333333335 419.0
-0.4 209.0
-0.36666666666666664 183.0
-0.3333333333333333 42.0
-0.3 54.0
-0.26666666666666666 14.0
-0.23333333333333334 16.0
-0.2 5.0
-0.16666666666666666 1.0
-0.13333333333333333 1.0
-0.1 2.0
-0.06666666666666667 5.0
-0.03333333333333333 1.0
0.0 971.0
0.03333333333333333 1.0
0.06666666666666667 1.0
0.1 0.0
0.13333333333333333 0.0
0.16666666666666666 2.0
0.2 0.0
0.23333333333333334 0.0
0.26666666666666666 1.0
0.3 7.0
0.3333333333333333 2.0
0.36666666666666664 28.0
0.4 1.0
0.43333333333333335 3.0
0.4666666666666667 41.0
0.5 27.0
0.5333333333333333 64.0
0.5666666666666667 25.0
0.6 27.0
0.6333333333333333 38.0
0.6666666666666666 10.0
0.7 41.0
0.7333333333333333 0.0
0.7666666666666667 216.0
0.8 3.0
0.8333333333333334 30.0
0.8666666666666667 0.0
0.9 0.0
0.9333333333333333 0.0
0.9666666666666667 0.0
1.0 0.0
