0.125 0.8825197278911565
0.375 0.9207210884353741
0.625 0.9173414965986395
0.875 0.9123183673469388
1.125 0.944734693877551
1.375 1.0026557823129252
1.625 1.0345333333333333
1.875 1.1082748299319727
2.125 1.0887755102040817
2.375 1.063891156462585
2.625 1.0330013605442177
2.875 1.0482503401360543
3.125 1.028277551020408
3.375 1.021082993197279
3.625 0.9946367346938776
3.875 1.0370394557823128
4.125 1.0416462585034014
4.375 1.0376054421768708
4.625 1.0349061224489795
4.875 1.042843537414966
5.125 0.998421768707483
5.375 0.9682585034013605
5.625 0.9783238095238095
5.875 0.9933768707482993
6.125 0.9885768707482994
6.375 0.9855156462585034
6.625 0.9895047619047619
6.875 0.9912190476190477
7.125 0.9732054421768708
7.375 0.9140544217687074
7.625 0.9578748299319728
7.875 0.9833360544217687
8.125 1.0034476190476191
8.375 0.985221768707483
8.625 0.9401442176870748
8.875 0.9355265306122449
9.125 0.9427047619047619
9.375 0.934530612244898
9.625 0.9357469387755102
9.875 0.9340625850340136
10.125 0.938865306122449
10.375 0.9080244897959183
10.625 0.9049931972789116
10.875 0.9028816326530612
11.125 0.8878557823129252
11.375 0.9084326530612244
11.625 0.9404843537414966
11.875 0.9564843537414967
12.125 0.965091156462585
12.375 0.9947836734693878
12.625 0.9913251700680272
12.875 1.029308843537415
13.125 1.0288707482993198
13.375 1.0521931972789116
13.625 1.0716544217687074
13.875 1.0799591836734694
14.125 1.0598149659863945
14.375 1.0279972789115646
14.625 1.0275510204081633
14.875 1.0249006802721088
15.125 0.994517006802721
15.375 1.0256816326530611
15.625 1.0078095238095237
15.875 0.9907972789115647
16.125 1.0375102040816326
16.375 1.0033551020408162
16.625 1.0235455782312926
16.875 1.0143265306122449
17.125 0.9909959183673469
17.375 1.0367836734693878
17.625 1.004873469387755
17.875 0.9815673469387756
18.125 0.9902775510204082
18.375 1.049839455782313
18.625 1.0339455782312925
18.875 1.0123972789115647
19.125 1.0425142857142857
19.375 1.0600598639455783
19.625 1.0615891156462585
19.875 1.055170068027211
20.125 1.0436843537414966
20.375 1.0485333333333333
20.625 1.029121088435374
20.875 0.9784408163265306
21.125 0.9584680272108843
21.375 0.9687319727891156
21.625 1.0275891156462584
21.875 1.0563047619047619
22.125 1.0776136054421768
22.375 1.1156054421768709
22.625 1.0878857142857143
22.875 1.0520244897959183
23.125 0.9919836734693878
23.375 0.9910829931972789
23.625 0.9795591836734694
23.875 1.01498231292517
24.125 0.9873115646258503
24.375 0.9857333333333334
24.625 0.990669387755102
24.875 0.9675374149659864
