# k  S_n(k)
0.0 30.0
0.20943951023931953 0.36624517758782743
0.41887902047863906 0.43634217684609744
0.6283185307179586 1.7781842426796821
0.8377580409572781 1.1988795985799716
1.0471975511965976 0.8516721354464087
1.2566370614359172 1.248149363593159
1.4660765716752366 1.104905257887184
1.6755160819145563 0.9376727995858949
1.8849555921538759 0.8933919055606823
2.0943951023931953 0.8561416842411192
2.3038346126325147 0.9499605816934078
2.5132741228718345 1.0716384173591993
2.722713633111154 0.8873788619488525
2.9321531433504733 0.8398589327449293
3.141592653589793 0.9653797241225599
3.3510321638291125 1.037756096728536
3.560471674068432 1.3046851662713195
3.7699111843077517 1.0603626546194262
3.979350694547071 0.913275019710283
4.1887902047863905 0.8970330907052867
4.39822971502571 1.0793697709831742
4.607669225265029 1.0639831257494257
4.817108735504349 0.926209193394469
5.026548245743669 1.1083919162936275
5.235987755982988 1.118948342746527
5.445427266222308 1.0181742429390568
5.654866776461628 1.0121314081315442
5.864306286700947 1.0022841150056823
6.073745796940266 0.9229585294554022
6.283185307179586 0.9449224750821192
6.492624817418905 1.0089626030683176
6.702064327658225 0.9717508955023793
6.911503837897545 0.9877644945252992
7.120943348136864 1.05397985305855
7.330382858376184 1.023997695022738
7.5398223686155035 1.0311418582067402
7.749261878854822 1.013219441098091
7.958701389094142 1.0595865977137282
8.168140899333462 0.9732647746337093
8.377580409572781 1.0217182156517959
8.5870199198121 1.0383290360975683
8.79645943005142 1.0427060289376102
9.00589894029074 0.9528589235509395
9.215338450530059 0.9263210279582549
9.42477796076938 1.0321219561755597
9.634217471008698 1.0882534536862571
9.843656981248017 1.0469282906081208
10.053096491487338 0.97804023674766
10.262536001726657 1.0116803547048612
10.471975511965976 0.9691390489485175
10.681415022205297 1.0230823675110594
10.890854532444616 1.0036915813191039
11.100294042683934 1.0363117988082453
11.309733552923255 1.0528189961335617
11.519173063162574 1.0088321448467288
11.728612573401893 0.9388073654377365
11.938052083641214 0.936013170868206
12.147491593880533 1.041409714298779
12.356931104119852 0.9993342494557037
12.566370614359172 0.9531557321543173
12.775810124598491 0.9664616454226276
12.98524963483781 0.9358513057125176
13.194689145077131 0.9451052536250552
13.40412865531645 1.0104786888921342
13.613568165555769 1.0472332088851044
13.82300767579509 0.9544794308956693
14.032447186034409 0.9913514475278595
14.241886696273728 0.9881849938555292
14.451326206513048 0.9898707424271541
14.660765716752367 0.9709226374702026
14.870205226991686 0.970380333902887
15.079644737231007 0.9938495048900481
15.289084247470326 1.0069125873014935
15.498523757709645 0.9750621045835391
15.707963267948966 0.9713335965878558
15.917402778188285 0.9847231520120019
16.126842288427603 0.9931355822520062
16.336281798666924 0.9961249853041819
16.54572130890624 0.9700236326380353
16.755160819145562 1.008269098382205
16.964600329384883 0.9897144481832257
17.1740398396242 0.9805278476829603
17.38347934986352 1.0043627734399154
17.59291886010284 1.0693244709953755
17.80235837034216 1.0437567524351892
18.01179788058148 0.9853520649255016
18.2212373908208 0.9944916262999804
18.430676901060117 1.0003094038969986
18.640116411299438 0.9951393050025858
18.84955592153876 1.052341285549355
19.058995431778076 0.972884230187528
19.268434942017397 1.0175304037333233
19.477874452256717 1.042657295854133
19.687313962496034 0.9793981099392249
19.896753472735355 0.9812354954918417
20.106192982974676 0.9674440555419629
20.315632493213993 1.0269653846767275
20.525072003453314 0.9741557784537388
20.734511513692635 1.0309994436945815
