# k  S_s(k)
0.0 0.0
0.07853981633974483 1.1254562978822218
0.15707963267948966 0.3236698926140109
0.23561944901923448 0.8990534880331501
0.3141592653589793 0.8799150481761826
0.39269908169872414 0.36259781546789693
0.47123889803846897 0.6448217983877942
0.5497787143782138 1.832309491071093
0.6283185307179586 0.501767474600345
0.7068583470577035 0.2801714033494227
0.7853981633974483 3.119528726894102
0.8639379797371931 0.6487398453600747
0.9424777960769379 0.24418211525760392
1.0210176124166828 0.23528147444524147
1.0995574287564276 0.7152721827158838
1.1780972450961724 1.2046280419193616
1.2566370614359172 0.6748305486447068
1.335176877775662 0.5208378040494892
1.413716694115407 2.22210340727615
1.4922565104551517 0.7361527664662572
1.5707963267948966 1.2892078715088167
1.6493361431346414 0.7184218430185851
1.7278759594743862 0.5937362705498613
1.806415775814131 1.5689832817094718
1.8849555921538759 0.6307803841103587
1.9634954084936207 0.7199681008009047
2.0420352248333655 0.549216535290708
2.1205750411731104 1.6326149081769787
2.199114857512855 1.0722877205349983
2.2776546738526 0.6491829525500952
2.356194490192345 0.9406096593282807
2.4347343065320897 1.024556306318599
2.5132741228718345 1.0617004628541797
2.5918139392115793 1.2925956000939267
2.670353755551324 1.4661974170730143
2.748893571891069 1.079901128574631
2.827433388230814 0.7687458089155645
2.9059732045705586 1.251735149894431
2.9845130209103035 1.2181268260068214
3.0630528372500483 1.237952121123513
3.141592653589793 0.8323064525880953
3.220132469929538 0.7306873330092827
3.2986722862692828 1.1407046811742014
3.3772121026090276 1.5346245620514358
3.4557519189487724 0.7257226255004301
3.5342917352885173 0.9822167912748132
3.612831551628262 0.827403454992902
3.691371367968007 0.9202374583584761
3.7699111843077517 0.9415595270215517
3.8484510006474966 1.0708603616112304
3.9269908169872414 0.9075514071210284
4.005530633326986 0.9939492849189789
4.084070449666731 0.9675951043223319
4.162610266006476 1.0488015159274053
4.241150082346221 1.2535938410942231
4.319689898685965 1.122789790393029
4.39822971502571 0.9774261962416971
4.476769531365456 1.2967781252896573
4.5553093477052 1.1321434121426193
4.633849164044944 0.9006151137202949
4.71238898038469 0.985077426807903
4.790928796724435 1.0884175624474108
4.869468613064179 1.0573974305434475
4.948008429403924 0.9351714139126508
5.026548245743669 1.345162053718739
5.105088062083414 0.8432322640321005
5.183627878423159 0.9784547402856032
5.262167694762903 0.9386059841391972
5.340707511102648 0.966356613383097
5.419247327442394 1.1564379235498377
5.497787143782138 0.9374076543049661
5.576326960121882 0.9773508298363132
5.654866776461628 0.873738715164023
5.733406592801373 1.0789329852484726
5.811946409141117 1.0685638535296187
5.890486225480862 0.994226188686675
5.969026041820607 0.9671360189118374
6.047565858160352 1.0203971469834856
6.126105674500097 0.8384782100504727
6.204645490839841 0.8081400801628259
6.283185307179586 0.963293000459712
6.3617251235193315 0.9760739533695908
6.440264939859076 1.0091361219382697
6.51880475619882 0.8559117621944374
6.5973445725385655 1.049535708782383
6.675884388878311 1.1841109938986294
6.754424205218055 1.0553547696183152
6.8329640215578 1.0221847906901367
6.911503837897545 0.9715458728296874
6.99004365423729 1.2353070408208167
7.0685834705770345 1.0334184926496415
7.147123286916779 1.1412751317698377
7.225663103256524 0.9855675107257799
7.304202919596269 0.8955887400797536
7.382742735936014 1.0465326362330396
7.461282552275758 1.138296275079588
7.5398223686155035 0.9325064356706725
7.618362184955249 1.0070214258353647
7.696902001294993 1.076550560101993
7.7754418176347375 1.057988367164942
