# k  S_s(k)
0.0 0.0
0.20943951023931953 0.4820352228528438
0.41887902047863906 1.658005582811638
0.6283185307179586 0.4759298968467025
0.8377580409572781 1.2424987452960141
1.0471975511965976 1.3858336781190945
1.2566370614359172 1.0275547565647845
1.4660765716752366 0.7644223144757523
1.6755160819145563 0.9256086583931962
1.8849555921538759 0.9689327251514683
2.0943951023931953 0.9685104871526289
2.3038346126325147 0.932706255071515
2.5132741228718345 1.3109721739272622
2.722713633111154 1.1114820092416071
2.9321531433504733 0.9118845212279612
3.141592653589793 0.981729441141088
3.3510321638291125 0.9526403679490977
3.560471674068432 1.0066719209024986
3.7699111843077517 0.9255402633408436
3.979350694547071 1.1329318492411313
4.1887902047863905 0.9594720531628562
4.39822971502571 1.0093868771527705
4.607669225265029 0.9944314105970102
4.817108735504349 0.9891769440264084
5.026548245743669 1.0174026803113552
5.235987755982988 0.9029953856705614
5.445427266222308 1.1106951343764673
5.654866776461628 1.0435442480962311
5.864306286700947 0.9283415896657488
6.073745796940266 0.9379785116401218
6.283185307179586 1.1390300717605661
6.492624817418905 0.9739692769929519
6.702064327658225 1.0470970246373128
6.911503837897545 1.2326022768579001
7.120943348136864 0.927855235086136
7.330382858376184 1.0163374481210194
7.5398223686155035 0.9173358275314861
7.749261878854822 1.0037789404241981
7.958701389094142 1.103435804016589
8.168140899333462 0.9820098300866718
8.377580409572781 0.9856140964894907
8.5870199198121 0.9811925230125504
8.79645943005142 1.0499616618171899
9.00589894029074 1.0218369195959143
9.215338450530059 1.0046781704315113
9.42477796076938 1.0810958691800059
9.634217471008698 0.9361032056479168
9.843656981248017 1.000442855594119
10.053096491487338 1.00946530639447
10.262536001726657 1.0185983346091465
10.471975511965976 1.0118690148753902
10.681415022205297 1.0106595619977947
10.890854532444616 0.9311454439027469
11.100294042683934 0.964139711229154
11.309733552923255 0.9918202648253693
11.519173063162574 0.9620749500106373
11.728612573401893 0.993741182049457
11.938052083641214 0.986709899219035
12.147491593880533 0.9497934207531249
12.356931104119852 0.994112529099932
12.566370614359172 0.9679017955697233
12.775810124598491 1.0262099967631404
12.98524963483781 1.069250727236693
13.194689145077131 0.9852090426771983
13.40412865531645 0.9858914875505398
13.613568165555769 1.0250233360796537
13.82300767579509 0.9947750194117738
14.032447186034409 1.0410598190133495
14.241886696273728 1.0414887428122959
14.451326206513048 0.9981154015250044
14.660765716752367 1.008023582046201
14.870205226991686 1.011527020326206
15.079644737231007 0.9986277158119945
15.289084247470326 1.0172699621316952
15.498523757709645 1.0087646985771908
15.707963267948966 0.9715760678581211
15.917402778188285 1.0206732058139063
16.126842288427603 1.011405604898704
16.336281798666924 0.9814357934189682
16.54572130890624 0.9921592612203355
16.755160819145562 1.0089422768375342
16.964600329384883 0.9830813788574538
17.1740398396242 1.0332883163069355
17.38347934986352 0.9744032907808046
17.59291886010284 0.977198591452733
17.80235837034216 1.022710525384834
18.01179788058148 1.0456046799819365
18.2212373908208 0.990641501098846
18.430676901060117 0.9785725430987674
18.640116411299438 0.9838612047608835
18.84955592153876 0.9451351664141144
19.058995431778076 1.0405792770692246
19.268434942017397 0.9839852533472621
19.477874452256717 1.0196628284314568
19.687313962496034 1.0041846746818526
19.896753472735355 1.0288691111469015
20.106192982974676 0.9717610525168409
20.315632493213993 1.0282224828209692
20.525072003453314 1.0057669631580508
20.734511513692635 0.9707814019049807
