# P_value  count
-1.0 0.0
-0.9333333333333333 0.0
-0.8666666666666667 26.0
-0.8 45.0
-0.7333333333333333 135.0
-0.6666666666666666 448.0
-0.6 1066.0
-0.5333333333333333 1895.0
-0.4666666666666667 3593.0
-0.4 5544.0
-0.3333333333333333 7862.0
-0.26666666666666666 10048.0
-0.2 12997.0
-0.13333333333333333 14445.0
-0.06666666666666667 16350.0
0.0 17596.0
0.06666666666666667 15615.0
0.13333333333333333 15368.0
0.2 12533.0
0.26666666666666666 10117.0
0.3333333333333333 8216.0
0.4 5586.0
0.4666666666666667 3692.0
0.5333333333333333 2040.0
0.6 1255.0
0.6666666666666666 647.0
0.7333333333333333 275.0
0.8 109.0
0.8666666666666667 33.0
0.9333333333333333 0.0
1.0 0.0
