# r  Cs(r) [pure estimator]
0.15 2.94684478478603e-5
0.44999999999999996 3.017480217907019e-5
0.75 2.9273269170182328e-5
1.05 2.7437468159766093e-5
1.3499999999999999 2.9148622838735295e-5
1.65 2.6347536467206484e-5
1.95 3.126097664265897e-5
2.25 2.526144856211146e-5
2.55 2.475362855480949e-5
2.85 2.453635911452543e-5
3.15 2.5923660195647844e-5
3.4499999999999997 2.4462474073108336e-5
3.75 2.432486327255838e-5
4.05 2.658055137427691e-5
4.35 2.087595216584963e-5
4.6499999999999995 2.396479634133384e-5
4.95 2.3123518537678804e-5
5.25 2.3883410246354288e-5
5.55 2.413561870443463e-5
5.85 2.384301739887758e-5
6.1499999999999995 2.2626713533794865e-5
6.45 2.2992550743505003e-5
6.75 2.299547531474253e-5
7.05 2.227883181527077e-5
7.35 1.826910635810478e-5
7.6499999999999995 1.8987147872941004e-5
7.949999999999999 2.0066022804417382e-5
8.25 2.4337652515986553e-5
8.549999999999999 2.0433665634321624e-5
8.85 2.282980965504963e-5
9.15 2.2727438753062152e-5
9.45 2.0856881634479568e-5
9.75 1.9961407702330505e-5
10.049999999999999 1.8456283935324827e-5
10.35 1.9907557013038003e-5
10.65 2.1532790131318056e-5
10.95 2.151361884928611e-5
11.25 1.9408931538673528e-5
11.549999999999999 1.782609200489416e-5
11.85 1.4836479859525752e-5
12.15 1.8584132488523838e-5
12.45 1.8368712541834246e-5
12.75 1.7149377469229286e-5
13.049999999999999 1.7968388998560927e-5
13.35 1.9016332214298794e-5
13.65 1.6444535235011897e-5
13.95 1.8349484082172984e-5
14.25 1.6405976624168234e-5
14.549999999999999 2.0951084018516448e-5
14.85 1.917264157948668e-5
15.149999999999999 1.3054432140924789e-5
15.45 1.7414899324678597e-5
15.75 1.4159448672840083e-5
16.05 1.6182788259955944e-5
16.349999999999998 1.4222101670457245e-5
16.65 1.1446028057275196e-5
16.95 1.5314679997255206e-5
17.25 1.6361984751364496e-5
17.55 1.651908794542384e-5
17.849999999999998 1.616912021857169e-5
18.15 1.607900661792393e-5
18.45 1.6219702042288952e-5
18.75 1.4211681867182783e-5
19.05 1.0997471494995738e-5
19.349999999999998 1.470346639527756e-5
19.65 1.2345582295557864e-5
19.95 1.698873514120916e-5
20.25 9.70030403285376e-6
20.55 1.4688919919347805e-5
20.849999999999998 1.557481157617092e-5
21.15 1.3854786267402677e-5
21.45 1.507323060724567e-5
21.75 1.4508747345971536e-5
22.05 1.6164369156690994e-5
22.349999999999998 1.3487677885802106e-5
22.65 1.090087790482055e-5
22.95 1.459767252365133e-5
23.25 1.4258141474560922e-5
23.55 1.0198910142274414e-5
23.849999999999998 1.3660219178849779e-5
24.15 1.3794552975111658e-5
24.45 1.2210373431099645e-5
24.75 1.6469939971040898e-5
25.05 1.3785567812630154e-5
25.349999999999998 1.4256369633346045e-5
25.65 1.785681542905509e-5
25.95 1.3806347686131248e-5
26.25 1.2713878772215816e-5
26.55 1.2809209637787417e-5
26.849999999999998 1.4329807172190138e-5
27.15 1.227782861930597e-5
27.45 1.3098280793054275e-5
27.75 1.2668084573376402e-5
28.05 1.1603561006461908e-5
28.349999999999998 1.3121728714012642e-5
28.65 1.2371540556227217e-5
28.95 1.4240257820655103e-5
29.25 1.3867631093479583e-5
29.549999999999997 1.167151451871602e-5
29.849999999999998 1.363816053619516e-5
