# P_value  count
-1.0 0.0
-0.9666666666666667 0.0
-0.9333333333333333 0.0
-0.9 0.0
-0.8666666666666667 0.0
-0.8333333333333334 0.0
-0.8 0.0
-0.7666666666666667 4.0
-0.7333333333333333 2.0
-0.7 0.0
-0.6666666666666666 6.0
-0.6333333333333333 5.0
-0.6 46.0
-0.5666666666666667 224.0
-0.5333333333333333 222.0
-0.5 373.0
-0.4666666666666667 618.0
-0.43333333333333335 964.0
-0.4 1576.0
-0.36666666666666664 1968.0
-0.3333333333333333 3208.0
-0.3 4021.0
-0.26666666666666666 5953.0
-0.23333333333333334 7093.0
-0.2 8417.0
-0.16666666666666666 10146.0
-0.13333333333333333 11287.0
-0.1 12397.0
-0.06666666666666667 13402.0
-0.03333333333333333 14144.0
0.0 15344.0
0.03333333333333333 14842.0
0.06666666666666667 13260.0
0.1 12498.0
0.13333333333333333 11651.0
0.16666666666666666 9242.0
0.2 8920.0
0.23333333333333334 6558.0
0.26666666666666666 5386.0
0.3 4285.0
0.3333333333333333 3080.0
0.36666666666666664 2202.0
0.4 1604.0
0.43333333333333335 1070.0
0.4666666666666667 491.0
0.5 200.0
0.5333333333333333 171.0
0.5666666666666667 27.0
0.6 26.0
0.6333333333333333 26.0
0.6666666666666666 0.0
0.7 2.0
0.7333333333333333 0.0
0.7666666666666667 0.0
0.8 0.0
0.8333333333333334 0.0
0.8666666666666667 0.0
0.9 0.0
0.9333333333333333 0.0
0.9666666666666667 0.0
1.0 0.0
