# block  <P^2>
1 0.0
2 0.03749472749472739
3 0.03284333333333359
4 0.03684000000000011
5 0.03541777777777778
6 0.04099111111111104
7 0.039187777777777835
8 0.04277000000000006
9 0.05152333333333301
10 0.03512111111111115
11 0.03345777777777778
12 0.03629999999999999
13 0.03567210567210575
14 0.03680222222222244
15 0.03427111111111129
16 0.03923555555555562
17 0.04206888888888875
18 0.038947777777777734
19 0.03429222222222234
20 0.0385211111111111
21 0.034618888888888755
22 0.03858000000000007
23 0.03948325571080084
24 0.047514707514707516
25 0.04603555555555564
26 0.03302777777777801
27 0.02660561660561677
28 0.02516444444444447
29 0.02606888888888913
30 0.02626960293626979
31 0.036787777777777926
32 0.03120000000000006
33 0.01987555555555558
34 0.03299444444444451
35 0.03705888888888872
36 0.040320320320320124
37 0.03368444444444434
38 0.02981555555555554
39 0.037008888888889147
40 0.03906999999999993
41 0.02205666666666675
42 0.03047333333333345
43 0.033864444444444454
44 0.03200777777777798
45 0.03573222222222234
46 0.03984444444444452
47 0.035461205461205535
48 0.03252555555555557
49 0.03138777777777785
50 0.033767777777777924
51 0.041504444444444295
52 0.036274444444444505
53 0.03900777777777773
54 0.03382222222222245
55 0.024640000000000245
56 0.04375444444444402
57 0.033312222222222306
58 0.04390222222222202
59 0.03979777777777786
60 0.043282222222222215
61 0.02998887776665574
62 0.03288666666666679
63 0.035356666666666696
64 0.04152888888888895
65 0.025095095095095128
66 0.026223333333333362
67 0.030883333333333384
68 0.025953333333333505
69 0.029581111111111197
70 0.04067888888888894
71 0.032268888888889125
72 0.030684444444444552
73 0.036766666666666656
74 0.03374625374625384
75 0.030531111111111182
76 0.027002222222222406
77 0.04015111111111134
78 0.03922255588922252
79 0.04881222222222213
80 0.02865888888888903
81 0.024296666666666814
82 0.0365722222222224
83 0.028615555555555727
84 0.041951111111111
85 0.03111333111333121
86 0.033422222222222304
87 0.03650111111111117
88 0.03815555555555554
89 0.03146777777777796
90 0.043943333333333334
91 0.03175777777777796
92 0.028481111111111117
93 0.03196529863196553
94 0.030557777777777923
95 0.030287777777777886
96 0.027777777777777853
97 0.04004329004329027
98 0.02909555555555567
99 0.03511111111111116
100 0.027885555555555674
101 0.057434787434787325
102 0.025645555555555588
103 0.0325733333333334
104 0.03164666666666692
105 0.04071444444444449
106 0.02723888888888893
107 0.028069180291402627
108 0.03088866644422228
109 0.03347111111111125
110 0.03831222222222237
111 0.028761111111111237
112 0.0442555555555557
113 0.036431987543098704
114 0.03414555555555553
115 0.03689490091293692
116 0.04475444444444431
117 0.03293293293293292
118 0.02822333333333345
119 0.029538888888889024
120 0.029868888888888973
121 0.03427777777777775
122 0.03753555555555559
123 0.03205555555555572
124 0.03770666666666661
125 0.02755333333333341
126 0.0307411111111112
127 0.03574092574092562
128 0.027629703852148815
129 0.033987777777778005
130 0.026503333333333524
131 0.040854700854700866
132 0.03516700066800254
133 0.028840000000000064
134 0.03582111111111124
135 0.03637333333333334
136 0.05125222222222214
137 0.03911888888888886
138 0.03480222222222233
139 0.03222333333333341
140 0.046485555555555606
141 0.047698809921031836
142 0.04368409368409343
143 0.03808111111111111
144 0.034893333333333346
145 0.027907907907908168
146 0.03126777777777793
147 0.03048764195056782
148 0.028851073295517716
149 0.039613333333333334
150 0.035135555555555545
151 0.036432222222221936
152 0.043418888888889
153 0.02725555555555575
154 0.036933333333333374
155 0.03580111111111123
156 0.022932222222222295
157 0.040804444444444504
158 0.0307485263040819
159 0.035737777777777875
160 0.03015111111111123
161 0.024036666666666835
162 0.028837828837829066
163 0.03250333333333365
164 0.03593333333333348
165 0.03520035520035517
166 0.032234444444444545
167 0.043936666666666624
168 0.03665333333333345
169 0.033853333333333374
170 0.04243111111111099
171 0.03310888888888889
172 0.028606666666666874
173 0.028772222222222366
174 0.040425555555555624
175 0.048553333333333094
176 0.03138555555555569
177 0.03112555555555573
178 0.03897444444444478
179 0.03843287732176625
180 0.02869777777777788
181 0.027645555555555663
182 0.03329333333333337
183 0.03218555555555577
184 0.03021111111111125
185 0.04427333333333337
186 0.02753000000000019
187 0.02796758796758816
188 0.026334776334776353
189 0.027296666666666823
190 0.029785555555555735
191 0.04740111111111105
192 0.0391300000000004
193 0.026838545131958585
194 0.034890000000000095
195 0.034673104673104804
196 0.028649760871983225
197 0.034446666666666605
198 0.04864976087198306
199 0.03243222222222251
200 0.029435555555555628
201 0.033708888888888865
202 0.026088888888889133
203 0.035274444444444476
204 0.03112555555555565
205 0.03144555555555574
206 0.030823045267489975
207 0.03805416805416797
208 0.030650000000000108
