# block  <P>
1 0.0
2 -0.00642690642690645
3 0.011899999999999984
4 -0.002999999999999988
5 0.02619999999999999
6 0.05253333333333297
7 0.009500000000000092
8 0.03303333333333363
9 -0.003433333333333435
10 0.00043333333333329764
11 -0.015333333333333459
12 -0.038133333333333366
13 -0.0022311022311021283
14 -0.024333333333333273
15 0.009133333333333325
16 0.023466666666666684
17 0.036133333333333253
18 0.023233333333333363
19 -0.012566666666666618
20 -0.025299999999999937
21 -0.004633333333333389
22 0.020933333333333245
23 0.033732534930139634
24 -0.04075924075924091
25 -0.0025999999999998203
26 -0.010833333333333407
27 -0.008291708291708165
28 -0.004199999999999881
29 0.011866666666666682
30 -0.010043376710043416
31 -0.015233333333333347
32 -0.03406666666666665
33 0.017266666666666694
34 0.0030333333333333167
35 0.011633333333333218
36 0.04738071404738064
37 0.03493333333333325
38 0.03660000000000006
39 0.0158
40 0.00016666666666664075
41 -0.0021000000000000025
42 0.010733333333333348
43 -0.03433333333333326
44 0.014566666666666674
45 -0.010300000000000047
46 -0.018933333333333385
47 0.03559773559773555
48 0.030766666666666838
49 -0.022566666666666704
50 -0.03243333333333337
51 -0.04486666666666692
52 -0.013233333333333297
53 -0.046300000000000036
54 -0.029666666666666622
55 -0.031866666666666564
56 -0.03736666666666659
57 -0.03403333333333339
58 -0.012599999999999922
59 -0.013333333333333364
60 0.02713333333333332
61 0.033800467133800444
62 0.028866666666666742
63 0.048633333333333355
64 0.06866666666666706
65 0.030730730730730682
66 0.0169666666666667
67 0.027566666666666635
68 0.008533333333333327
69 0.008833333333333361
70 0.009900000000000065
71 0.013666666666666683
72 -0.003266666666666687
73 -0.0052666666666667155
74 -0.008724608724608698
75 -0.019600000000000083
76 -0.022533333333333183
77 0.02826666666666674
78 -0.026860193526860143
79 0.02623333333333339
80 0.016099999999999916
81 -0.0004333333333333629
82 -0.02656666666666668
83 -0.025333333333333336
84 -0.050333333333333334
85 -0.012520812520812441
86 0.018866666666666674
87 0.030966666666666882
88 0.0009333333333333032
89 -0.04723333333333322
90 -0.052566666666666616
91 0.001266666666666665
92 0.010766666666666659
93 -0.035168501835168405
94 -0.000999999999999988
95 -0.007966666666666683
96 0.01306666666666658
97 0.026540126540126645
98 0.05513333333333355
99 0.05586666666666669
100 0.041566666666666585
101 0.03633033633033623
102 -0.02696666666666664
103 -0.04219999999999998
104 -0.02140000000000003
105 0.0051000000000000194
106 -0.01423333333333328
107 0.03987320653987316
108 0.03483483483483475
109 0.022800000000000053
110 -0.03603333333333328
111 -0.011366666666666657
112 -0.013799999999999864
113 -0.01641641641641641
114 -0.0020333333333333527
115 0.0005010020040078665
116 -0.022766666666666702
117 -0.030897564230897408
118 -0.033699999999999966
119 0.010100000000000107
120 0.04979999999999985
121 0.06293333333333352
122 0.05406666666666671
123 -0.021466666666666717
124 0.016933333333333307
125 -0.014066666666666682
126 -0.0048333333333333605
127 0.027006327006326908
128 -0.04712758851035395
129 0.00976666666666672
130 -0.010833333333333391
131 -0.04069264069264066
132 -0.022144288577154198
133 -0.03806666666666677
134 -0.026766666666666748
135 -0.018799999999999862
136 -0.05583333333333318
137 -0.021833333333333288
138 -0.02059999999999995
139 -0.011633333333333395
140 -0.009966666666666563
141 -0.04998331664998344
142 -0.022810522810522826
143 -0.012299999999999998
144 0.0047333333333334626
145 0.004804804804804865
146 0.012300000000000108
147 0.0071476285905143445
148 -0.009342676009342625
149 0.0037333333333333316
150 -0.02566666666666674
151 -0.07583333333333334
152 -0.025899999999999982
153 -0.02220000000000017
154 -0.00786666666666669
155 -0.07129999999999988
156 0.009433333333333349
157 0.01806666666666658
158 0.015015015015015046
159 0.014733333333333343
160 0.0057999999999999875
161 -0.007366666666666657
162 -0.03349983349983345
163 -0.009766666666666646
164 -0.03039999999999997
165 -0.02677322677322679
166 -0.023766666666666502
167 -0.004233333333333264
168 -0.031200000000000068
169 -0.023999999999999973
170 -0.04539999999999986
171 -0.014800000000000063
172 -0.022800000000000008
173 0.018966666666666732
174 0.023833333333333376
175 0.038999999999999896
176 0.023899999999999998
177 0.03236666666666668
178 0.04289999999999972
179 -0.0011011011011010886
180 -0.01260000000000008
181 0.0034333333333332857
182 0.02799999999999999
183 0.04210000000000011
184 -0.006666666666666679
185 0.06986666666666635
186 0.007033333333333357
187 0.023643023643023675
188 0.0017649017649017794
189 0.004566666666666702
190 0.02076666666666668
191 0.027233333333333314
192 -0.02063333333333324
193 0.010811709913506324
194 -0.01383333333333337
195 -0.01581751581751583
196 -0.034534534534534436
197 -0.03286666666666666
198 -0.059092425759092425
199 -0.030299999999999896
200 -0.016800000000000058
201 0.004866666666666676
202 0.012133333333333338
203 0.010766666666666643
204 0.008500000000000016
205 0.0020999999999999344
206 0.03867200533867186
207 -0.01701631701631702
208 -0.026499999999999926
