block_size         error    difference      rel_diff
-------------------------------------------------------
       2  1.013449e-07  4.191814e-08  4.136188e-01
       4  1.432630e-07  5.919325e-08  4.131789e-01
       8  2.024562e-07  8.346773e-08  4.122754e-01
      16  2.859240e-07  1.173713e-07  4.104983e-01
      32  4.032953e-07  1.641924e-07  4.071269e-01
      64  5.674876e-07  2.275043e-07  4.008974e-01
     128  7.949920e-07  3.096196e-07  3.894625e-01
     256  1.104612e-06  4.073435e-07  3.687663e-01
     512  1.511955e-06  5.109978e-07  3.379715e-01
    1024  2.022953e-06  5.757218e-07  2.845948e-01
    2048  2.598675e-06  5.368155e-07  2.065728e-01
    4096  3.135490e-06  4.536188e-07  1.446724e-01
    8192  3.589109e-06  2.892473e-07  8.059027e-02
   16384  3.878356e-06  2.794328e-07  7.204929e-02
   32768  4.157789e-06  1.529397e-07  3.678390e-02
   65536  4.310729e-06  4.552888e-07  1.056176e-01
  131072  4.766018e-06           ---           ---
