# r  Cs(r) [pure estimator]
0.025 0.00013698061060680433
0.07500000000000001 0.00014029904839213547
0.125 0.00014350979811640765
0.17500000000000002 0.00012887481622168194
0.225 0.00015066632860055487
0.275 0.00014867101628482306
0.325 0.00012218163392174215
0.375 0.00013281835435618127
0.42500000000000004 0.00013692637085303968
0.47500000000000003 0.00013231546338615045
0.525 0.00015602568303000824
0.5750000000000001 0.00014141753639870602
0.625 0.00013989239367045227
0.675 0.00013420225690487396
0.7250000000000001 0.00014105249417578928
0.775 0.00014456810011469914
0.8250000000000001 0.00013280137919431195
0.875 0.00012465003207659048
0.925 0.00013157052745322938
0.9750000000000001 0.00014129141447450941
1.0250000000000001 0.00010929635480532494
1.075 0.0001222690542614377
1.125 0.00014229040721830936
1.175 0.00012567327138460248
1.225 0.00013402210937688138
1.2750000000000001 0.00012475606402987435
1.3250000000000002 0.00012686483060741807
1.375 0.00012587559109952847
1.425 0.00012913044302689802
1.475 0.00013864098408852187
1.5250000000000001 0.00015180651856600463
1.5750000000000002 0.00012541781642088436
1.625 0.00013220395272424347
1.675 0.00013413241340993123
1.725 0.00011419366855636846
1.7750000000000001 0.00012284851116350196
1.8250000000000002 0.00013362521818251257
1.875 0.00012990990042076257
1.925 0.00014787679864408808
1.975 0.00012558734371189765
2.025 0.00014115338379839387
2.075 0.0001489542038514957
2.125 0.00013007071940977086
2.1750000000000003 0.00014429356240980363
2.225 0.00013320532149198802
2.275 0.0001116513659063737
2.325 0.00013032616122322273
2.375 0.00013179539277070122
2.4250000000000003 0.00012901605067475674
2.475 0.0001326294679444404
2.5250000000000004 0.00012936660187123816
2.575 0.00012791588944731597
2.625 0.00013874231564702175
2.6750000000000003 0.00013314433560122438
2.725 0.00013095600967168747
2.7750000000000004 0.00013822432418051625
2.825 0.00014822789717251387
2.875 0.00014246840181564134
2.9250000000000003 0.00013565238288361654
2.975 0.0001347421890518776
3.0250000000000004 0.0001245752452023014
3.075 0.00014269469798108692
3.125 0.00012498205575252103
3.1750000000000003 0.00013879175376620522
3.225 0.00013745968610508343
3.2750000000000004 0.0001246106782158122
3.325 0.00013110026417699808
3.375 0.0001422162579639851
3.4250000000000003 0.0001191796138261237
3.475 0.00011690503046212069
3.5250000000000004 0.00012212795319742166
3.575 0.00014015811587245658
3.625 0.00013555795590705887
3.6750000000000003 0.0001361478224961271
3.725 0.00013005977090024636
3.7750000000000004 0.00013456978447672112
3.825 0.00013270698821805672
3.875 0.00012178287270267871
3.9250000000000003 0.00013783003705664432
3.975 0.00012325521333233654
4.025 0.00014112764154345373
4.075 0.00013191902908740033
4.125 0.00011027235062172597
4.175 0.0001358151019856282
4.2250000000000005 0.00012448709725104004
4.275 0.00012488210040424212
4.325 0.00012530044364252596
4.375 0.00014274653518989695
4.425 0.00011578387357954265
4.4750000000000005 0.00012163867661443897
4.525 0.000152593629017427
4.575 0.00012476788575442295
4.625 0.0001216257491856706
4.675 0.00012419134985341935
4.7250000000000005 0.00012355907383095527
4.775 0.00013325740070828571
4.825 0.00013613755263682073
4.875 0.00013112690833392025
4.925000000000001 0.0001259474543784339
4.9750000000000005 0.00013747938421685424
