block_size         error    difference      rel_diff
-------------------------------------------------------
       2  6.065586e-08  2.511752e-08  4.140989e-01
       4  8.577338e-08  3.551186e-08  4.140196e-01
       8  1.212852e-07  5.019525e-08  4.138611e-01
      16  1.714805e-07  7.091861e-08  4.135667e-01
      32  2.423991e-07  1.001197e-07  4.130365e-01
      64  3.425188e-07  1.411634e-07  4.121332e-01
     128  4.836821e-07  1.986125e-07  4.106261e-01
     256  6.822947e-07  2.784278e-07  4.080755e-01
     512  9.607225e-07  3.873809e-07  4.032183e-01
    1024  1.348103e-06  5.303851e-07  3.934306e-01
    2048  1.878488e-06  7.031845e-07  3.743353e-01
    4096  2.581673e-06  8.637748e-07  3.345795e-01
    8192  3.445448e-06  9.391040e-07  2.725637e-01
   16384  4.384552e-06  8.719286e-07  1.988638e-01
   32768  5.256480e-06  5.762305e-07  1.096229e-01
   65536  5.832711e-06  3.984639e-07  6.831538e-02
  131072  6.231175e-06           ---           ---
