# k values and corresponding S(k) [pure estimator]
0.0 2.138872420268485
0.6283185307179586 0.9829887743439748
1.2566370614359172 0.9746433112935242
1.8849555921538759 0.9849439433155935
2.5132741228718345 0.9854327474593865
3.141592653589793 0.9754386837016413
3.7699111843077517 0.9784630694942035
4.39822971502571 0.9740962160730416
5.026548245743669 0.9717684034364211
5.654866776461628 0.9671496579191994
6.283185307179586 0.9785130997150541
6.911503837897545 0.9757956861768362
7.5398223686155035 0.9675310507048802
8.168140899333462 0.9795689927155948
8.79645943005142 0.987874917043662
9.42477796076938 0.9818520757410614
10.053096491487338 0.9779743252475251
10.681415022205297 0.9660874923815804
11.309733552923255 0.9754953508128918
11.938052083641214 0.9789535784763407
12.566370614359172 0.9779512948225345
13.194689145077131 0.9732708855835811
13.82300767579509 0.9719792412783477
14.451326206513048 0.9636373312004465
15.079644737231007 0.9733130286784144
15.707963267948966 0.9799181655248627
16.336281798666924 0.9685266816121374
16.964600329384883 0.9790087213007435
17.59291886010284 0.9729681855553234
18.2212373908208 0.9675603127460847
18.84955592153876 0.9655685513891881
19.477874452256717 0.9750073879431216
20.106192982974676 0.9740523136736869
20.734511513692635 0.9839003781668878
21.362830044410593 0.9748618600025136
21.991148575128552 0.9810134499505775
22.61946710584651 0.9784666994666439
23.24778563656447 0.9762417209542519
23.876104167282428 0.9790889327449647
24.504422698000386 0.9798268772946286
25.132741228718345 0.9793110673589546
25.761059759436304 0.9778981639335289
26.389378290154262 0.9923115825418488
27.01769682087222 0.9729853391115123
27.64601535159018 0.9754264305975364
28.274333882308138 0.9743962420977562
28.902652413026097 0.9755830657581067
29.530970943744055 0.9695035293658878
30.159289474462014 0.974510858067156
30.787608005179973 0.9693724883830426
31.41592653589793 0.9813529528746467
32.044245066615886 0.9698253306023285
32.67256359733385 0.9736543791099753
33.30088212805181 0.9846637573153302
33.929200658769766 0.9810509832071628
34.55751918948772 0.9805413711758764
35.18583772020568 0.9757017943737861
35.814156250923645 0.9681229706127156
36.4424747816416 0.9619142294740852
37.070793312359555 0.9672727301510476
37.69911184307752 0.9729355489032405
38.32743037379548 0.9676000020726665
38.955748904513435 0.9792330632885473
39.58406743523139 0.9698927910442916
40.21238596594935 0.9798058053000929
40.840704496667314 0.9693665121558911
41.46902302738527 0.9781827178804828
42.097341558103224 0.9696138865300706
42.725660088821186 0.9707238528264994
43.35397861953915 0.9768363030009672
43.982297150257104 0.9612486468900201
44.61061568097506 0.983342025059813
45.23893421169302 0.9829449831440579
45.86725274241098 0.979466614378101
46.49557127312894 0.9776110535848915
