# r  Cs(r) [pure estimator]
0.2 8.576872329234731e-6
0.6000000000000001 5.1556366866857466e-6
1.0 6.870790570885569e-6
1.4000000000000001 5.859643071507108e-6
1.8 8.874725991017732e-6
2.2 6.005930013297093e-6
2.6 8.9741637667886e-6
3.0 6.971881777347442e-6
3.4000000000000004 6.536696854683264e-6
3.8000000000000003 8.667673267076843e-6
4.2 6.811012762017963e-6
4.6000000000000005 7.680287179567057e-6
5.0 5.2869890183122444e-6
5.4 5.134241570656278e-6
5.800000000000001 7.692668958405058e-6
6.2 5.725135394944465e-6
6.6000000000000005 7.734491914368664e-6
7.0 5.112401339739364e-6
7.4 3.5818547539551275e-6
7.800000000000001 5.920107478385694e-6
8.200000000000001 4.460803126086923e-6
8.6 5.404718309162945e-6
9.0 6.229176787953085e-6
9.4 4.6560558507874145e-6
9.8 3.3944716725480735e-6
10.200000000000001 4.2398114049279525e-6
10.600000000000001 5.931010667087079e-6
11.0 6.134000810642828e-6
11.4 5.514510765271352e-6
11.8 2.830086897200327e-6
12.200000000000001 5.382850673345797e-6
12.600000000000001 3.2969579646751703e-6
13.0 3.582054385361719e-6
13.4 2.8860391946508394e-6
13.8 5.031361455752045e-6
14.200000000000001 3.4966762713929758e-6
14.600000000000001 1.2080925456650268e-6
15.0 3.0976811014125495e-6
15.4 -5.858443004211952e-7
15.8 3.1102784568701077e-6
16.2 1.8789978711449387e-6
16.6 3.4591387143960198e-6
17.0 3.961408644177403e-6
17.400000000000002 3.331779434240378e-6
17.8 4.468316696320884e-6
18.2 2.199844917881076e-6
18.6 4.316824404808651e-6
19.0 5.346710066574684e-6
19.400000000000002 2.043978145914647e-6
19.8 4.539434219899179e-6
20.200000000000003 4.485728324296529e-6
20.6 -2.833752107680697e-8
21.0 5.420418632576245e-6
21.400000000000002 5.519804988931191e-6
21.8 3.202378900276416e-6
22.200000000000003 2.935592271967755e-6
22.6 1.5649026383236374e-6
23.0 2.488205462931976e-7
23.400000000000002 1.1016447509741625e-6
23.8 3.393291649736976e-6
24.200000000000003 3.740008111704316e-6
24.6 3.5487000624381494e-6
25.0 -8.597243070166662e-7
25.400000000000002 2.9340129531255456e-6
25.8 9.996865596029242e-7
26.200000000000003 -1.388969733037412e-6
26.6 3.941355033930773e-6
27.0 8.160941098318454e-7
27.400000000000002 3.7676755842365787e-6
27.8 5.817481031104839e-7
28.200000000000003 2.1632879549439854e-6
28.6 1.4935402377967786e-6
29.0 8.250697917550402e-7
29.400000000000002 1.7473830793943842e-6
29.8 2.0872417323324006e-6
30.200000000000003 1.6220576632932728e-6
30.6 1.2261460872817416e-6
31.0 -2.0104722071339075e-8
31.400000000000002 1.7934685810998763e-6
31.8 3.130311547089889e-6
32.2 2.4206278045184615e-6
32.6 9.953956620838022e-7
33.0 2.4556288634457486e-6
33.4 -5.999781113300683e-8
33.800000000000004 7.307248329841727e-7
34.2 3.4391209428310174e-6
34.6 5.4130997800949595e-6
35.0 1.391721899125957e-7
35.4 3.574858471871181e-6
35.800000000000004 2.1510905959217534e-7
36.2 -9.639535654505237e-8
36.6 1.3971999866672734e-6
37.0 -3.2306514204708773e-7
37.4 5.253179268171724e-7
37.800000000000004 2.9982898045004724e-6
38.2 2.772442231999584e-6
38.6 2.717357597983845e-6
39.0 1.250509356564501e-6
39.400000000000006 5.755600623207147e-7
39.800000000000004 4.919871665942956e-6
