block_size         error    difference      rel_diff
-------------------------------------------------------
       2  5.338571e-07  2.207037e-07  4.134134e-01
       4  7.545607e-07  3.114902e-07  4.128100e-01
       8  1.066051e-06  4.387927e-07  4.116057e-01
      16  1.504844e-06  6.160021e-07  4.093462e-01
      32  2.120846e-06  8.596289e-07  4.053236e-01
      64  2.980475e-06  1.187749e-06  3.985102e-01
     128  4.168224e-06  1.618542e-06  3.883049e-01
     256  5.786766e-06  2.167513e-06  3.745638e-01
     512  7.954279e-06  2.875949e-06  3.615600e-01
    1024  1.083023e-05  3.847871e-06  3.552900e-01
    2048  1.467810e-05  5.293300e-06  3.606257e-01
    4096  1.997140e-05  7.134166e-06  3.572191e-01
    8192  2.710556e-05  9.002216e-06  3.321169e-01
   16384  3.610778e-05  1.030885e-05  2.855023e-01
   32768  4.641663e-05  7.250627e-06  1.562075e-01
   65536  5.366726e-05  5.247138e-06  9.777168e-02
  131072  5.891440e-05           ---           ---
