# block  <|P|>
1 0.0
2 0.11323333333333342
3 0.13743333333333277
4 0.11563333333333327
5 0.11705038371705034
6 0.11833333333333368
7 0.11759999999999976
8 0.14159999999999934
9 0.130969030969031
10 0.11643333333333311
11 0.1168333333333333
12 0.13952713952713902
13 0.14139999999999964
14 0.15501165501165454
15 0.12290000000000068
16 0.10283333333333278
17 0.13236666666666708
18 0.113880547213881
19 0.12546666666666675
20 0.1276999999999998
21 0.12840000000000004
22 0.11516666666666693
23 0.10985680985680985
24 0.14810000000000043
25 0.13176666666666653
26 0.13633333333333317
27 0.12406666666666662
28 0.11170000000000009
29 0.11633333333333316
30 0.10869999999999937
31 0.10359999999999983
32 0.12736666666666652
33 0.13423333333333293
34 0.13619999999999932
35 0.14127460794127442
36 0.12469999999999971
37 0.14374374374374324
38 0.13146666666666637
39 0.09806666666666645
40 0.13683333333333297
41 0.1457666666666656
42 0.12500000000000014
43 0.14043333333333288
44 0.11360000000000035
45 0.12083333333333357
46 0.13703703703703649
47 0.14666666666666622
48 0.15033333333333268
49 0.11103333333333312
50 0.13239999999999938
51 0.11816666666666632
52 0.13526666666666642
53 0.13443333333333318
54 0.14886666666666623
55 0.12053333333333298
56 0.11743333333333265
57 0.13849999999999985
58 0.12810000000000007
59 0.12456666666666645
60 0.14563333333333223
61 0.1374958374958371
62 0.12206666666666645
63 0.11856666666666694
64 0.12113333333333345
65 0.11720000000000051
66 0.12340000000000005
67 0.12516666666666654
68 0.14643333333333236
69 0.11306666666666676
70 0.12639999999999985
71 0.13160173160173189
72 0.11991991991991953
73 0.11766666666666606
74 0.1257000000000006
75 0.12266666666666694
76 0.1233999999999998
77 0.1236333333333334
78 0.11954137587238324
79 0.12826666666666656
80 0.12986666666666688
81 0.12223333333333317
82 0.11769999999999953
83 0.12856189522856154
84 0.12749999999999997
85 0.12400000000000021
86 0.12796666666666695
87 0.11936666666666687
88 0.11949999999999994
89 0.1378999999999994
90 0.12976666666666617
91 0.12416666666666662
92 0.1307974641307971
93 0.1252333333333337
94 0.14779999999999982
95 0.10886666666666653
96 0.12056666666666634
97 0.1364999999999994
98 0.11563333333333305
99 0.11836666666666619
100 0.13296666666666612
101 0.11999999999999979
102 0.12506666666666688
103 0.12407592407592379
104 0.1095999999999998
105 0.14063333333333286
106 0.12730000000000066
107 0.12116666666666653
108 0.12719386052719397
109 0.14140807474140712
110 0.12179999999999992
111 0.11875208541875207
112 0.13083333333333325
113 0.13320000000000007
114 0.11623333333333352
115 0.13700000000000057
116 0.11693333333333328
117 0.11613333333333307
118 0.12106666666666674
119 0.11848151848151847
120 0.12823333333333345
121 0.14699398797595098
122 0.14109999999999925
123 0.14803333333333277
124 0.11709999999999955
125 0.13993333333333244
126 0.12313333333333315
127 0.1416250416250419
128 0.12143333333333331
129 0.1491999999999988
130 0.12603333333333303
131 0.12956666666666627
132 0.13869999999999952
133 0.10676666666666698
134 0.14711954711954642
135 0.12926666666666628
136 0.12088755422088712
137 0.11363333333333363
138 0.12552552552552546
139 0.14096666666666585
140 0.12129999999999946
141 0.13090000000000007
142 0.12016666666666631
143 0.13976023976023952
144 0.12786666666666618
145 0.13993333333333288
146 0.13113333333333335
147 0.12396666666666604
148 0.13449999999999995
149 0.14888444888444857
150 0.11533333333333347
151 0.12893333333333318
152 0.11113333333333371
153 0.152033333333332
154 0.13226666666666592
155 0.13103103103103095
156 0.12306666666666678
157 0.13020000000000034
158 0.10960000000000016
159 0.12559999999999993
160 0.11264138389886881
161 0.12309999999999972
162 0.11906666666666674
163 0.1392999999999999
164 0.12229999999999963
165 0.13693333333333266
166 0.12180000000000005
167 0.1428999999999996
168 0.13343333333333313
169 0.12380000000000028
170 0.1279333333333332
171 0.1280999999999998
172 0.117933333333333
173 0.15033333333333326
174 0.12180000000000002
175 0.12916666666666676
176 0.11879999999999949
177 0.12936666666666613
178 0.13636666666666644
179 0.15088421755088363
180 0.1231666666666667
181 0.1244333333333327
182 0.12128795462128766
183 0.14029999999999998
184 0.1329666666666665
185 0.12783333333333305
186 0.12263333333333327
187 0.14063333333333244
188 0.1321999999999998
189 0.10723333333333356
190 0.12936269602936235
191 0.10896666666666678
192 0.14109999999999967
193 0.10176666666666638
194 0.1239333333333327
195 0.14599999999999946
196 0.14003333333333337
197 0.12406666666666692
198 0.10760000000000018
199 0.11353333333333339
200 0.11116666666666673
201 0.13946053946053913
202 0.12986319652986336
203 0.11719999999999998
204 0.1282000000000006
205 0.1303000000000006
206 0.1350666666666658
207 0.1419419419419411
208 0.13159999999999977
