# r  Cs(r) [pure estimator]
0.075 4.11222431514041e-5
0.22499999999999998 4.372504929352848e-5
0.375 3.7488240109935736e-5
0.525 4.338309395537679e-5
0.6749999999999999 4.205654031500012e-5
0.825 3.932086055263001e-5
0.975 4.160463892858451e-5
1.125 3.9133792467580204e-5
1.275 4.259883796742342e-5
1.425 4.08353115029053e-5
1.575 4.091468355096776e-5
1.7249999999999999 4.11104142391197e-5
1.875 3.9822340838433804e-5
2.025 4.3857312880369776e-5
2.175 4.1542976085373975e-5
2.3249999999999997 3.944870868792591e-5
2.475 3.9655766851317736e-5
2.625 4.100396069437742e-5
2.775 4.055716927396721e-5
2.925 3.924228031158841e-5
3.0749999999999997 4.1656476703643637e-5
3.225 3.833657734106754e-5
3.375 4.269718667839434e-5
3.525 4.052232710938779e-5
3.675 3.973214427425645e-5
3.8249999999999997 3.979175112543194e-5
3.9749999999999996 3.804534319068103e-5
4.125 3.871608919118855e-5
4.2749999999999995 3.975530132935762e-5
4.425 3.783552701042887e-5
4.575 3.685573121239786e-5
4.725 4.182052154883036e-5
4.875 3.830467249172539e-5
5.0249999999999995 3.9198800301206896e-5
5.175 3.946734068171015e-5
5.325 3.770362530076879e-5
5.475 4.051678327432603e-5
5.625 3.7499216897912196e-5
5.7749999999999995 3.869100195305338e-5
5.925 4.243779238495698e-5
6.075 4.2512554134084595e-5
6.225 4.020988364696872e-5
6.375 3.865526439263154e-5
6.5249999999999995 4.175402755337917e-5
6.675 3.5497354650525e-5
6.825 4.022565407935724e-5
6.975 3.65718632479313e-5
7.125 4.138976733085096e-5
7.2749999999999995 4.0137440640970494e-5
7.425 4.12591794021707e-5
7.574999999999999 3.874659982551101e-5
7.725 3.778614798893692e-5
7.875 4.0230848214948873e-5
8.025 3.737089670585677e-5
8.174999999999999 3.756637979540149e-5
8.325 4.0226396286819173e-5
8.475 4.147599083575019e-5
8.625 3.818078726566261e-5
8.775 3.776320657405078e-5
8.924999999999999 3.92329175798346e-5
9.075 3.668421577023212e-5
9.225 3.774257895175122e-5
9.375 4.106933787668529e-5
9.525 3.965676751794551e-5
9.674999999999999 3.279014595996944e-5
9.825 3.8675193779445504e-5
9.975 3.898805122254451e-5
10.125 4.098389390614532e-5
10.275 3.906186881366271e-5
10.424999999999999 3.66421912694566e-5
10.575 3.5068028722809555e-5
10.725 3.978484361647219e-5
10.875 3.775405212559667e-5
11.025 3.6873879484482045e-5
11.174999999999999 4.0391754046980014e-5
11.325 3.872754785965262e-5
11.475 3.6404942754387576e-5
11.625 3.981767643625573e-5
11.775 3.615885797598084e-5
11.924999999999999 4.20032786337344e-5
12.075 3.9220181479427285e-5
12.225 3.794130514888647e-5
12.375 4.061791485243572e-5
12.525 4.118821482214426e-5
12.674999999999999 4.01124443024791e-5
12.825 3.8505848773188165e-5
12.975 4.092707866426451e-5
13.125 3.852316273395632e-5
13.275 3.995565376629799e-5
13.424999999999999 4.056142836144281e-5
13.575 3.6249942758719376e-5
13.725 3.703886365771805e-5
13.875 3.637093765934361e-5
14.025 3.6224529979266464e-5
14.174999999999999 3.6053246136394586e-5
14.325 3.583222663421747e-5
14.475 3.909302197549064e-5
14.625 3.7624810115459054e-5
14.774999999999999 4.218092591465659e-5
14.924999999999999 3.9273072300117677e-5
