# P_value  count
-1.0 0.0
-0.9333333333333333 0.0
-0.8666666666666667 35.0
-0.8 80.0
-0.7333333333333333 374.0
-0.6666666666666666 733.0
-0.6 1694.0
-0.5333333333333333 3113.0
-0.4666666666666667 4740.0
-0.4 7209.0
-0.3333333333333333 10112.0
-0.26666666666666666 12836.0
-0.2 15335.0
-0.13333333333333333 17661.0
-0.06666666666666667 18814.0
0.0 20304.0
0.06666666666666667 18541.0
0.13333333333333333 16776.0
0.2 14608.0
0.26666666666666666 12138.0
0.3333333333333333 9248.0
0.4 6833.0
0.4666666666666667 4365.0
0.5333333333333333 2692.0
0.6 1612.0
0.6666666666666666 852.0
0.7333333333333333 317.0
0.8 123.0
0.8666666666666667 12.0
0.9333333333333333 0.0
1.0 0.0
