block_size         error    difference      rel_diff
-------------------------------------------------------
       2  7.981550e-07  3.305985e-07  4.142034e-01
       4  1.128754e-06  4.675262e-07  4.141969e-01
       8  1.596280e-06  6.611517e-07  4.141829e-01
      16  2.257431e-06  9.349274e-07  4.141554e-01
      32  3.192359e-06  1.321962e-06  4.141020e-01
      64  4.514321e-06  1.868900e-06  4.139936e-01
     128  6.383221e-06  2.641355e-06  4.137966e-01
     256  9.024576e-06  3.731411e-06  4.134722e-01
     512  1.275599e-05  5.264770e-06  4.127293e-01
    1024  1.802076e-05  7.413532e-06  4.113884e-01
    2048  2.543429e-05  1.036601e-05  4.075603e-01
    4096  3.580030e-05  1.424406e-05  3.978756e-01
    8192  5.004436e-05  1.843595e-05  3.683922e-01
   16384  6.848032e-05  2.116083e-05  3.090060e-01
   32768  8.964115e-05  1.861584e-05  2.076707e-01
   65536  1.082570e-04  4.406451e-06  4.070362e-02
  131072  1.126634e-04           ---           ---
