# k values and corresponding S(k) [pure estimator]
0.0 26.449650430862743
0.15707963267948966 0.7734690535136794
0.3141592653589793 0.8925838610356732
0.47123889803846897 0.906531938717282
0.6283185307179586 0.9248841410544016
0.7853981633974483 0.9141989319078703
0.9424777960769379 0.966373698835627
1.0995574287564276 1.0137672387614152
1.2566370614359172 0.9350440590758579
1.413716694115407 0.9494741915305938
1.5707963267948966 0.9835719911578564
1.7278759594743862 0.9900527404067794
1.8849555921538759 0.9621788529596432
2.0420352248333655 0.9635519412942268
2.199114857512855 1.0007559598391287
2.356194490192345 0.9953773045670166
2.5132741228718345 0.9663913639705245
2.670353755551324 1.0161375355547095
2.827433388230814 0.9235969063960822
2.9845130209103035 0.9587220841969111
3.141592653589793 0.9355735573937797
3.2986722862692828 1.0187643000648556
3.4557519189487724 0.9697234034369862
3.612831551628262 0.9517558393969625
3.7699111843077517 0.9701475808585345
3.9269908169872414 0.9723359465188707
4.084070449666731 0.9575914530394983
4.241150082346221 0.9117215315973424
4.39822971502571 1.0313073741612142
4.5553093477052 0.9590084958793178
4.71238898038469 0.9400178047125155
4.869468613064179 0.9989933991461748
5.026548245743669 0.9971385962176316
5.183627878423159 0.984215335535668
5.340707511102648 0.9607349854493131
5.497787143782138 0.9910532093185653
5.654866776461628 1.0127055255928277
5.811946409141117 1.0030925136591757
5.969026041820607 1.0109655336431684
6.126105674500097 0.9630773564819042
6.283185307179586 0.9699217642915298
6.440264939859076 1.0130351079901132
6.5973445725385655 0.9729420567750645
6.754424205218055 0.9536956697470095
6.911503837897545 0.9631391508194912
7.0685834705770345 0.9975651858441589
7.225663103256524 1.0179206967835617
7.382742735936014 0.9804079706760178
7.5398223686155035 0.9729942826320402
7.696902001294993 1.0014195850755916
7.853981633974483 1.0034652123199845
8.011061266653972 0.9374010697779048
8.168140899333462 1.0168278629688454
8.325220532012953 0.9662970377765282
8.482300164692441 0.9614632819286121
8.63937979737193 0.9370986258303162
8.79645943005142 0.9800134665572536
8.953539062730911 0.9886892161579546
9.1106186954104 0.9825025107741074
9.267698328089889 0.9843718115326893
9.42477796076938 0.9787650667198109
9.58185759344887 0.9636102498080915
9.738937226128359 0.9502156135087363
9.896016858807847 0.9985887273627403
10.053096491487338 0.9584765782037726
10.210176124166829 0.9846702216762764
10.367255756846317 0.927049956631481
10.524335389525806 0.957211648005278
10.681415022205297 0.9867032591322119
10.838494654884787 0.9587974622395146
10.995574287564276 0.98077194541558
11.152653920243765 0.9727458142630024
11.309733552923255 1.026929823064282
11.466813185602746 0.9957444330651711
11.623892818282235 0.8887710226153186
