0.075 0.9540459770114943
0.22499999999999998 1.0366206896551724
0.375 1.059992337164751
0.525 1.0664214559386973
0.6749999999999999 1.0535019157088124
0.825 1.0491340996168583
0.975 1.0245670498084292
1.125 1.0536015325670498
1.275 1.0477164750957855
1.425 1.0638544061302682
1.575 1.0179616858237548
1.7249999999999999 0.9957931034482759
1.875 0.9764137931034482
2.025 0.9673639846743295
2.175 0.951471264367816
2.3249999999999997 0.9581992337164751
2.475 0.9361072796934866
2.625 0.9697471264367816
2.775 0.9527739463601532
2.925 0.997272030651341
3.0749999999999997 0.9430344827586207
3.225 0.9229655172413793
3.375 0.9377318007662835
3.525 0.9356934865900383
3.675 0.9239310344827586
3.8249999999999997 0.898712643678161
3.9749999999999996 0.9164061302681993
4.125 0.908544061302682
4.2749999999999995 0.9495325670498084
4.425 0.9481915708812261
4.575 0.9237241379310345
4.725 0.8995938697318008
4.875 0.9099846743295019
5.0249999999999995 0.9247739463601533
5.175 0.9313333333333333
5.325 0.9542988505747126
5.475 0.9793256704980843
5.625 0.9713869731800766
5.7749999999999995 0.955808429118774
5.925 0.9400536398467433
6.075 0.915463601532567
6.225 0.9503065134099616
6.375 0.9400536398467433
6.5249999999999995 0.9566206896551724
6.675 0.9452643678160919
6.825 0.9563908045977011
6.975 0.9376091954022988
7.125 0.9454942528735633
7.2749999999999995 0.9697547892720306
7.425 1.011632183908046
7.574999999999999 1.0360919540229885
7.725 1.0778850574712644
7.875 1.0786436781609194
8.025 1.108329501915709
8.174999999999999 1.1399003831417625
8.325 1.1147816091954024
8.475 1.108329501915709
8.625 1.0962068965517242
8.775 1.0476628352490422
8.924999999999999 1.1099310344827586
9.075 1.1248275862068966
9.225 1.1435249042145594
9.375 1.1094176245210727
9.525 1.0691877394636016
9.674999999999999 1.1304674329501916
9.825 1.1489808429118773
9.975 1.1253103448275863
10.125 1.117272030651341
10.275 1.1033563218390805
10.424999999999999 1.1036015325670498
10.575 1.1093409961685823
10.725 1.0857471264367815
10.875 1.091800766283525
11.025 1.095287356321839
11.174999999999999 1.1037701149425287
11.325 1.0914176245210727
11.475 1.0527049808429119
11.625 1.0374099616858237
11.775 1.0203141762452108
11.924999999999999 1.012904214559387
12.075 1.026015325670498
12.225 1.0334482758620689
12.375 1.0119233716475096
12.525 0.9894712643678161
12.674999999999999 0.9660689655172414
12.825 0.9847892720306514
12.975 0.9655402298850575
13.125 0.9926666666666667
13.275 0.9814099616858237
13.424999999999999 0.9366743295019158
13.575 0.9354942528735632
13.725 0.9046206896551724
13.875 0.8894176245210728
14.025 0.8804521072796935
14.174999999999999 0.9022835249042146
14.325 0.8975708812260537
14.475 0.9162452107279694
14.625 0.8884061302681993
14.774999999999999 0.8643141762452107
14.924999999999999 0.9026053639846743
