0.225 0.9362014148980441
0.675 0.949698709945901
1.125 0.9051219309196837
1.575 0.9117045359966708
2.025 0.9290861423220974
2.475 0.8922521847690387
2.9250000000000003 0.9257511444028298
3.375 0.9436645859342488
3.825 1.0000382854764878
4.275 0.9780599250936329
4.7250000000000005 0.9814332084893883
5.175 1.014262172284644
5.625 1.0529987515605492
6.075 1.1622238868081565
6.525 1.1019459009571368
6.9750000000000005 0.9869779442363712
7.425 1.026888888888889
7.875 0.9602446941323346
8.325000000000001 0.9453699542238868
8.775 1.0087074490220558
9.225 1.0310661672908863
9.675 1.0600757386600084
10.125 0.9934956304619226
10.575000000000001 0.929880149812734
11.025 0.9593549729504786
11.475 0.9516046608406159
11.925 0.9510320432792343
12.375 0.9810220557636288
12.825000000000001 1.0762288805659592
13.275 1.0711801914273824
13.725 1.069410736579276
14.175 1.0101914273824386
14.625 1.0079633791094464
15.075000000000001 1.0670203911776945
15.525 1.0684785684560965
15.975 1.0559617145235123
16.425 1.0495139409071994
16.875 1.0287082813150228
17.325 0.9847365792759051
17.775000000000002 0.9420582605076987
18.225 0.9422921348314607
18.675 1.046588431127757
19.125 1.0491269246774866
19.575 1.0368722430295465
20.025000000000002 1.0528605909280067
20.475 1.0289937578027466
20.925 1.0390495214315438
21.375 0.9910936329588015
21.825 0.9730719933416563
22.275000000000002 0.9659009571369122
22.725 0.9634099042863088
23.175 0.958013316687474
23.625 0.9602313774448606
24.075 0.9918851435705368
24.525000000000002 1.0343337494798168
24.975 1.0041489804411152
25.425 1.1030744902205576
25.875 1.0683503953391593
26.325 1.04916354556804
26.775000000000002 1.0498884727424054
27.225 1.0259525593008738
27.675 0.9953799417394923
28.125 0.994669163545568
28.575 0.9831460674157303
29.025000000000002 0.9018476903870162
29.475 0.8598768206408656
29.925 0.8902571785268415
30.375 0.9926716604244694
30.825 0.9776887224302955
31.275000000000002 1.0088622555139408
31.725 1.0721148564294631
32.175000000000004 1.066856429463171
32.625 1.0632226383687058
33.075 1.0550944652517686
33.525 1.0342039117769455
33.975 1.017759467332501
34.425000000000004 0.9844136496046608
34.875 0.989431543903454
35.325 1.0195622138992926
35.775 1.0145834373699543
36.225 1.0180507698709946
36.675000000000004 1.0091310861423222
37.125 0.9579950062421972
37.575 0.9821481481481481
38.025 1.0033250104036622
38.475 0.9617228464419476
38.925000000000004 0.9973000416146484
39.375 1.0291660424469413
39.825 0.9761514773200166
40.275 0.975183520599251
40.725 1.029063670411985
41.175000000000004 1.0721614648356221
41.625 1.084809821057012
42.075 1.0568847274240534
42.525 1.0132650853100291
42.975 0.969652101539742
43.425000000000004 0.927912609238452
43.875 0.9065509779442363
44.325 0.9454024136496046
44.775 0.9265634623387432
