0.225 0.06476619817908601
0.675 0.08549111522369698
1.125 0.10661257680790469
1.575 0.07442562781065791
2.025 0.0030944258930901956
2.475 -0.009339639530170403
2.9250000000000003 -0.030831370875026232
3.375 0.006105933719595923
3.825 0.019660509160857265
4.275 0.0005680378374425372
4.7250000000000005 -0.03872225833410716
5.175 -0.10511381549908569
5.625 -0.07578875007757414
6.075 -0.0697521614411664
6.525 -0.047040778355614855
6.9750000000000005 -0.01469762453606196
7.425 0.06820555950081315
7.875 0.042590031584278085
8.325000000000001 0.007892763998437285
8.775 -0.0579577301817505
9.225 -0.09207811252928085
9.675 -0.13494397451734064
10.125 -0.07801858721790834
10.575000000000001 -0.07013799260935452
11.025 -0.049597700900682544
11.475 -0.09434411430974354
11.925 -0.09148248366541001
12.375 -0.07982626597544487
12.825000000000001 -0.06448964118387801
13.275 0.016941226485280052
13.725 0.04035099980586294
14.175 0.07045122063290604
14.625 0.13800949035558022
15.075000000000001 0.13063489620020122
15.525 0.11001530615406542
15.975 0.05556039431489766
16.425 0.03153753461388067
16.875 -0.03301727425858895
17.325 -0.1050054166113312
17.775000000000002 -0.0919590214323637
18.225 -0.07507072281125632
18.675 -0.11085558086852008
19.125 -0.11612261432278047
19.575 -0.10190342155937078
20.025000000000002 -0.0710128331314355
20.475 -0.06324163926537814
20.925 -0.014216966507765447
21.375 0.008174686179413769
21.825 0.02779084581282987
22.275000000000002 0.01977300740057589
22.725 0.008505608083774036
23.175 0.05811772874206474
23.625 0.06852119085438231
24.075 0.04292954469923563
24.525000000000002 -0.01258755030258224
24.975 -0.04989165162058337
25.425 -0.07038357120106775
25.875 -0.04978441045267592
26.325 -0.04400672947617254
26.775000000000002 -0.09329053593079176
27.225 0.0023676263207346618
27.675 0.018268251612345004
28.125 0.07644281876702876
28.575 0.138773677884513
29.025000000000002 0.12452478268164867
29.475 0.09985924675216482
29.925 0.18405923027208626
30.375 0.2293650466782266
30.825 0.17560891480672494
31.275000000000002 0.06699604324574393
31.725 0.07008217507242048
32.175000000000004 0.059003818270298596
32.625 -0.02781333113334669
33.075 -0.06086140344702169
33.525 -0.11701808283478839
33.975 -0.05492842185184731
34.425000000000004 -0.06301429629554471
34.875 -0.06994986699921055
35.325 -0.026790961363400666
35.775 -0.030174290956242317
36.225 -0.010940185270570483
36.675000000000004 -0.04398024162351961
37.125 -0.014897427969856242
37.575 -0.01988831459098661
38.025 -0.02772982500772292
38.475 -0.037665722280670354
38.925000000000004 -0.06993168631381104
39.375 -0.05564493355816787
39.825 -0.09365115923945186
40.275 -0.13430922306645374
40.725 -0.14298559049947832
41.175000000000004 -0.13343819085001485
41.625 -0.11099004838444818
42.075 -0.09779377446300434
42.525 -0.04760010748915042
42.975 -0.04444784342975185
43.425000000000004 0.010206664153494636
43.875 0.07174783482322918
44.325 0.11385762630437393
44.775 0.12126435281484835
