# k values and corresponding S(k) [pure estimator]
0.0 0.9628018681345809
0.20943951023931953 0.972784754932013
0.41887902047863906 0.9719217370246105
0.6283185307179586 0.9712088796434984
0.8377580409572781 0.9702135138262983
1.0471975511965976 0.9702420401272258
1.2566370614359172 0.9699009387557302
1.4660765716752366 0.9670638024514628
1.6755160819145563 0.9695698098019149
1.8849555921538759 0.9653170004494149
2.0943951023931953 0.9678892441273844
2.3038346126325147 0.9717175171394503
2.5132741228718345 0.9630703271240172
2.722713633111154 0.9725854124721766
2.9321531433504733 0.9689944546293489
3.141592653589793 0.9676559067484422
3.3510321638291125 0.96710108893077
3.560471674068432 0.9699537621714275
3.7699111843077517 0.967917434991803
3.979350694547071 0.9696215873100107
4.1887902047863905 0.9712622946379802
4.39822971502571 0.9704116328982578
4.607669225265029 0.96873990466798
4.817108735504349 0.9724451544803931
5.026548245743669 0.9686377421911784
5.235987755982988 0.9709561365252227
5.445427266222308 0.9747771018093927
5.654866776461628 0.9675563436496601
5.864306286700947 0.9657934853921406
6.073745796940266 0.9699835057574844
6.283185307179586 0.9695233786708534
6.492624817418905 0.9783926528467206
6.702064327658225 0.9702164238194058
6.911503837897545 0.9678704090458353
7.120943348136864 0.9684573590463301
7.330382858376184 0.9679006843314538
7.5398223686155035 0.9697903308878855
7.749261878854822 0.9750695557271712
7.958701389094142 0.9678499620555764
8.168140899333462 0.9722620522369845
8.377580409572781 0.9701702813331637
8.5870199198121 0.9707249201980971
8.79645943005142 0.9684711277349889
9.00589894029074 0.9698468150011483
9.215338450530059 0.9697697853665481
9.42477796076938 0.9692639175334409
9.634217471008698 0.9699865908666564
9.843656981248017 0.9700433380081117
10.053096491487338 0.971396291036419
10.262536001726657 0.9743807740630371
10.471975511965976 0.9711644685131522
10.681415022205297 0.9676295796840642
10.890854532444616 0.9720161364462574
11.100294042683934 0.9672616665913317
11.309733552923255 0.9733578395652221
11.519173063162574 0.9706355904300035
11.728612573401893 0.9678537625020686
11.938052083641214 0.9727591080225712
12.147491593880533 0.9754165884933342
12.356931104119852 0.9738236011536344
12.566370614359172 0.9643026844066497
12.775810124598491 0.9681150035147018
12.98524963483781 0.9639750178570942
13.194689145077131 0.9716917456380216
13.40412865531645 0.9703269010676953
13.613568165555769 0.9740076250211267
13.82300767579509 0.9693159942879318
14.032447186034409 0.9701304753713955
14.241886696273728 0.9719989825397995
14.451326206513048 0.970299537377142
14.660765716752367 0.9698790886060197
14.870205226991686 0.9713848806460382
15.079644737231007 0.9740665332949384
15.289084247470326 0.9678750139622657
15.498523757709645 0.9664447981113408
