0.075 0.9740383141762452
0.22499999999999998 1.031095785440613
0.375 1.0489961685823754
0.525 1.0386666666666666
0.6749999999999999 1.0523371647509578
0.825 1.0520613026819923
0.975 1.0202988505747126
1.125 1.0372413793103448
1.275 1.0322375478927204
1.425 0.9835478927203065
1.575 0.973272030651341
1.7249999999999999 0.966911877394636
1.875 0.9333409961685823
2.025 0.912015325670498
2.175 0.933639846743295
2.3249999999999997 0.9566206896551724
2.475 0.9461379310344827
2.625 0.9456934865900383
2.775 0.9487509578544061
2.925 0.9416168582375479
3.0749999999999997 0.9696168582375478
3.225 0.974360153256705
3.375 0.9367969348659004
3.525 0.9572337164750958
3.675 0.9557624521072797
3.8249999999999997 0.9627509578544061
3.9749999999999996 0.9511494252873564
4.125 0.9513026819923371
4.2749999999999995 0.9352950191570881
4.425 0.9182298850574713
4.575 0.9265517241379311
4.725 0.9288888888888889
4.875 0.9261149425287356
5.0249999999999995 0.9224291187739464
5.175 0.9512183908045977
5.325 0.9253026819923371
5.475 0.9416091954022988
5.625 0.9606053639846743
5.7749999999999995 0.9458084291187739
5.925 0.9383908045977012
6.075 0.9097854406130268
6.225 0.9355402298850575
6.375 0.9339693486590038
6.5249999999999995 0.9826436781609196
6.675 0.9663908045977011
6.825 0.9281992337164751
6.975 0.9111724137931034
7.125 0.9870498084291188
7.2749999999999995 1.0038007662835249
7.425 1.0615632183908046
7.574999999999999 1.0942758620689654
7.725 1.0670268199233717
7.875 1.1029655172413793
8.025 1.0972490421455938
8.174999999999999 1.1204444444444444
8.325 1.1444214559386974
8.475 1.1182145593869732
8.625 1.1022681992337164
8.775 1.0633486590038315
8.924999999999999 1.1195938697318009
9.075 1.1016704980842913
9.225 1.1084291187739463
9.375 1.069662835249042
9.525 1.0897318007662835
9.674999999999999 1.1475708812260537
9.825 1.1540996168582376
9.975 1.142551724137931
10.125 1.1002528735632184
10.275 1.0949655172413792
10.424999999999999 1.0733639846743295
10.575 1.0756934865900383
10.725 1.076544061302682
10.875 1.1030344827586207
11.025 1.0948812260536398
11.174999999999999 1.0215095785440613
11.325 1.0628429118773945
11.475 1.0563448275862068
11.625 1.0558697318007664
11.775 1.066750957854406
11.924999999999999 1.017486590038314
12.075 0.9797241379310345
12.225 0.9954636015325671
12.375 0.9825670498084291
12.525 0.9899233716475095
12.674999999999999 1.0094406130268199
12.825 1.0074942528735633
12.975 0.9890804597701149
13.125 0.9972413793103448
13.275 0.9618850574712644
13.424999999999999 0.954183908045977
13.575 0.9746206896551725
13.725 0.9323218390804597
13.875 0.9178084291187739
14.025 0.8974252873563219
14.174999999999999 0.9106513409961686
14.325 0.9347356321839081
14.475 0.9185517241379311
14.625 0.8900459770114942
14.774999999999999 0.8688275862068966
14.924999999999999 0.9168888888888889
