# r  Cs(r) [pure estimator]
0.075 -5.587952241319757e-6
0.22499999999999998 -6.1129545278686345e-6
0.375 -5.049180929694626e-6
0.525 -8.679813251454555e-6
0.6749999999999999 -6.182527487171502e-6
0.825 -4.771428893976379e-6
0.975 -7.58892237143112e-6
1.125 -5.636854619324092e-6
1.275 -7.781583454712731e-6
1.425 -8.289085190354437e-6
1.575 -6.649420148031482e-6
1.7249999999999999 -7.726625466366911e-6
1.875 -6.13763236391722e-6
2.025 -8.23502666544891e-6
2.175 -6.688886105218608e-6
2.3249999999999997 -4.784450168833314e-6
2.475 -6.999115006197235e-6
2.625 -7.166208988169182e-6
2.775 -7.850752653245766e-6
2.925 -6.331370642110546e-6
3.0749999999999997 -6.2494563416804935e-6
3.225 -6.095072176597828e-6
3.375 -7.455116728514731e-6
3.525 -7.66915075320423e-6
3.675 -6.427710331063771e-6
3.8249999999999997 -6.777722239730257e-6
3.9749999999999996 -9.1309885660081e-6
4.125 -6.0351269393210564e-6
4.2749999999999995 -7.120754464931591e-6
4.425 -5.461739306878019e-6
4.575 -6.490233298691415e-6
4.725 -6.341672163322296e-6
4.875 -5.527827080339491e-6
5.0249999999999995 -5.307689199960461e-6
5.175 -5.190669569289e-6
5.325 -6.513838229838658e-6
5.475 -4.824389734627792e-6
5.625 -5.12105498523075e-6
5.7749999999999995 -6.340961129624867e-6
5.925 -5.242804547601405e-6
6.075 -7.361494753887801e-6
6.225 -8.73819895075046e-6
6.375 -8.074106922032185e-6
6.5249999999999995 -8.226152785068863e-6
6.675 -7.158244847408447e-6
6.825 -6.762086052159519e-6
6.975 -7.7011174693312e-6
7.125 -7.527923326037972e-6
7.2749999999999995 -5.729871944809613e-6
7.425 -9.774481373509092e-6
7.574999999999999 -6.998996273962769e-6
7.725 -5.681052668978284e-6
7.875 -4.679380764774098e-6
8.025 -7.128889175349139e-6
8.174999999999999 -5.416482963509892e-6
8.325 -5.888347339049273e-6
8.475 -5.195968795143706e-6
8.625 -6.545201918103089e-6
8.775 -8.685517295625325e-6
8.924999999999999 -6.925826041884958e-6
9.075 -6.304651855352783e-6
9.225 -6.013150813616729e-6
9.375 -7.713304703142426e-6
9.525 -8.198052821810614e-6
9.674999999999999 -6.592483123687482e-6
9.825 -7.816831583336538e-6
9.975 -6.244744586864614e-6
10.125 -6.991519260970279e-6
10.275 -5.3755298523858226e-6
10.424999999999999 -5.238478729234486e-6
10.575 -5.214782236300562e-6
10.725 -4.7864234377546985e-6
10.875 -6.3068860678443725e-6
11.025 -8.64690770207934e-6
11.174999999999999 -6.837218059046267e-6
11.325 -6.458653575229924e-6
11.475 -4.578466210300587e-6
11.625 -7.89978961570159e-6
11.775 -8.209239426552383e-6
11.924999999999999 -2.203927786855019e-6
12.075 -4.13131752588763e-6
12.225 -5.730272180822297e-6
12.375 -5.8607307197168e-6
12.525 -5.315044641948702e-6
12.674999999999999 -6.917319903672058e-6
12.825 -5.145305269148488e-6
12.975 -2.766401975563153e-6
13.125 -5.3604678635634215e-6
13.275 -5.008823603326542e-6
13.424999999999999 -7.200470863186238e-6
13.575 -6.340578112461971e-6
13.725 -6.779435950470266e-6
13.875 -5.839223277207846e-6
14.025 -8.785187895792913e-6
14.174999999999999 -7.239047721257489e-6
14.325 -4.444759045164739e-6
14.475 -8.0108342350859e-6
14.625 -3.6522449313680138e-6
14.774999999999999 -3.6778761617134493e-6
14.924999999999999 -9.070926346553382e-6
