block_size         error    difference      rel_diff
-------------------------------------------------------
       2  7.892691e-09  3.261715e-09  4.132577e-01
       4  1.115441e-08  4.601231e-09  4.125034e-01
       8  1.575564e-08  6.474801e-09  4.109514e-01
      16  2.223044e-08  9.069399e-09  4.079721e-01
      32  3.129984e-08  1.259440e-08  4.023790e-01
      64  4.389423e-08  1.720668e-08  3.920032e-01
     128  6.110092e-08  2.283789e-08  3.737732e-01
     256  8.393880e-08  2.881822e-08  3.433242e-01
     512  1.127570e-07  3.311412e-08  2.936768e-01
    1024  1.458711e-07  3.373522e-08  2.312673e-01
    2048  1.796064e-07  3.356463e-08  1.868789e-01
    4096  2.131710e-07  3.313388e-08  1.554333e-01
    8192  2.463049e-07  5.117079e-08  2.077539e-01
   16384  2.974757e-07  5.825596e-08  1.958344e-01
   32768  3.557316e-07  5.848071e-08  1.643956e-01
   65536  4.142123e-07  6.143823e-08  1.483255e-01
  131072  4.756506e-07           ---           ---
