# r  Cs(r) [pure estimator]
0.1 0.0006806406719667547
0.30000000000000004 0.0006771629476087154
0.5 0.0006684373096826316
0.7000000000000001 0.0006649961329057404
0.9 0.0006779622886908101
1.1 0.0006707250089643729
1.3 0.0006671811993893579
1.5 0.0006767658507450113
1.7000000000000002 0.0006637966937051932
1.9000000000000001 0.000685648893368991
2.1 0.0006753306569416328
2.3000000000000003 0.0006730224914775935
2.5 0.0006726851461616232
2.7 0.0006681600071781652
2.9000000000000004 0.0006637552081013514
3.1 0.000678719345045775
3.3000000000000003 0.0006725370664673995
3.5 0.0006686149398337781
3.7 0.0006792629991472568
3.9000000000000004 0.0006719492270838072
4.1000000000000005 0.0006647063740315326
4.3 0.0006738549159049028
4.5 0.0006615053289743869
4.7 0.0006671554629088338
4.9 0.0006638078419754089
5.1000000000000005 0.0006783334120633756
5.300000000000001 0.0006785052704958941
5.5 0.0006699297871459259
5.7 0.0006612877187580511
5.9 0.0006801735245978551
6.1000000000000005 0.0006698448998322156
6.300000000000001 0.0006580888060988266
6.5 0.0006747556379870084
6.7 0.0006639809896750842
6.9 0.0006609989607778339
7.1000000000000005 0.0006750352766282865
7.300000000000001 0.0006718321246309695
7.5 0.0006646120840056909
7.7 0.0006750051171819845
7.9 0.000671448639965004
8.1 0.0006690221841132689
8.3 0.0006597683461026177
8.5 0.00066539477467571
8.700000000000001 0.0006782342430851028
8.9 0.0006648191961859536
9.1 0.0006731225499819284
9.3 0.0006776047708556892
9.5 0.000664747548049701
9.700000000000001 0.0006647751996508151
9.9 0.0006582903689286521
10.100000000000001 0.000647873505479851
10.3 0.0006686287168533831
10.5 0.0006573746065592343
10.700000000000001 0.0006720420023315515
10.9 0.0006617058647732608
11.100000000000001 0.0006608035879499793
11.3 0.0006712392782242645
11.5 0.0006659397741461565
11.700000000000001 0.0006751750629271089
11.9 0.0006659002894193928
12.100000000000001 0.0006665440908097598
12.3 0.0006612671509716678
12.5 0.0006755116244085041
12.700000000000001 0.0006673757359466176
12.9 0.0006731998702832169
13.100000000000001 0.0006645480340671838
13.3 0.0006713971752249477
13.5 0.000675035157615266
13.700000000000001 0.0006798500048871926
13.9 0.0006708164948759249
14.100000000000001 0.000667317737662625
14.3 0.0006580876657637435
14.5 0.0006691255836430878
14.700000000000001 0.0006720651401929558
14.9 0.0006664155711063418
15.100000000000001 0.0006677672931667883
15.3 0.0006663845213745163
15.5 0.0006617268718176073
15.700000000000001 0.0006606717286511061
15.9 0.0006716561002958948
16.1 0.0006732167063865639
16.3 0.0006627680964030558
16.5 0.0006529871459014019
16.7 0.0006557052827562071
16.900000000000002 0.0006672645935034066
17.1 0.000667826236786136
17.3 0.0006611143580016452
17.5 0.0006723897211418172
17.7 0.0006600624654030002
17.900000000000002 0.0006626020202887165
18.1 0.0006580467545803607
18.3 0.0006625492907946152
18.5 0.0006671646133775194
18.7 0.0006794530619484806
18.900000000000002 0.0006690984003915759
19.1 0.0006600702316485648
19.3 0.000672435354919544
19.5 0.0006714357780868694
19.700000000000003 0.0006637346934946429
19.900000000000002 0.00066743976542391
