0.2 0.8813196202531646
0.6000000000000001 0.8936497890295358
1.0 0.916912447257384
1.4000000000000001 0.8990232067510548
1.8 0.8515464135021097
2.2 0.8776677215189873
2.6 0.8903270042194092
3.0 0.874376582278481
3.4000000000000004 0.8934377637130801
3.8000000000000003 1.0086466244725738
4.2 0.9997995780590717
4.6000000000000005 1.0284514767932489
5.0 1.0734694092827004
5.4 1.0725168776371308
5.800000000000001 1.1148196202531646
6.2 1.129123417721519
6.6000000000000005 1.1024947257383966
7.0 1.068626582278481
7.4 0.9996466244725738
7.800000000000001 0.9980886075949367
8.200000000000001 0.9628544303797468
8.6 0.9674208860759493
9.0 0.9592383966244725
9.4 1.0032647679324895
9.8 0.9904335443037975
10.200000000000001 1.0159525316455695
10.600000000000001 1.0044852320675106
11.0 0.9904293248945147
11.4 1.019165611814346
11.8 1.056295358649789
12.200000000000001 1.0022088607594937
12.600000000000001 1.026496835443038
13.0 1.0355770042194092
13.4 0.9785938818565401
13.8 1.0267278481012658
14.200000000000001 1.0657246835443037
14.600000000000001 1.0359778481012658
15.0 0.9850495780590718
15.4 1.03242194092827
15.8 1.0092236286919831
16.2 1.0335917721518988
16.6 1.0426023206751054
17.0 0.9976023206751055
17.400000000000002 0.9766075949367089
17.8 0.9563987341772152
18.2 0.9010485232067511
18.6 0.9353818565400844
19.0 0.976204641350211
19.400000000000002 1.0127352320675105
19.8 0.95725
20.200000000000003 1.0034852320675105
20.6 1.0388386075949367
21.0 1.0551339662447257
21.400000000000002 1.0838660337552743
21.8 1.0736128691983122
22.200000000000003 1.06398417721519
22.6 1.039045358649789
23.0 1.0072067510548524
23.400000000000002 0.9564040084388186
23.8 0.9240654008438819
24.200000000000003 0.9503280590717299
24.6 0.9921371308016877
25.0 0.9836476793248945
25.400000000000002 1.0212151898734176
25.8 0.9968122362869198
26.200000000000003 1.008295358649789
26.6 1.00767194092827
27.0 0.9921065400843881
27.400000000000002 0.9958333333333333
27.8 0.9862236286919831
28.200000000000003 1.044701476793249
28.6 1.0721255274261603
29.0 1.0749356540084387
29.400000000000002 1.0800084388185653
29.8 1.0254767932489453
30.200000000000003 0.9959694092827004
30.6 0.9627088607594937
31.0 0.9240305907172995
31.400000000000002 0.9236413502109705
31.8 0.9060527426160337
32.2 0.9368301687763713
32.6 0.9587827004219409
33.0 1.0071962025316457
33.4 1.0191402953586497
33.800000000000004 1.0339272151898735
34.2 1.0590664556962026
34.6 1.0516518987341772
35.0 1.0906603375527426
35.4 1.110996835443038
35.800000000000004 1.0187246835443038
36.2 0.9889620253164557
36.6 0.9865168776371308
37.0 0.9358164556962025
37.4 0.9611856540084388
37.800000000000004 1.012113924050633
38.2 1.0527278481012659
38.6 1.0306308016877637
39.0 0.9851223628691983
39.400000000000006 1.0265506329113925
39.800000000000004 1.0129229957805908
