0.2 -0.06948608662451182
0.6000000000000001 -0.07897731296772822
1.0 -0.09198339225501102
1.4000000000000001 -0.04700131647803406
1.8 -0.007467179343611647
2.2 -0.017493380639376752
2.6 0.018620191225430377
3.0 -0.046901408960452834
3.4000000000000004 -0.062378169942820305
3.8000000000000003 -0.025571090476125737
4.2 0.009626401915995822
4.6000000000000005 0.004771419076650406
5.0 -0.0530959102794775
5.4 -0.0515408961530215
5.800000000000001 -0.06161428926932797
6.2 -0.0475528512932907
6.6000000000000005 -0.04019939435400152
7.0 -0.034341567807568765
7.4 0.04794415748181056
7.800000000000001 0.023399155347563063
8.200000000000001 0.03512762027463173
8.6 0.07466784427252852
9.0 0.10676103360832587
9.4 0.06908773571514938
9.8 0.03566715765056218
10.200000000000001 -0.017217946202094644
10.600000000000001 -0.035643926187605805
11.0 -0.057479441958746526
11.4 -0.0216142310506754
11.8 -0.04339463613776354
12.200000000000001 -0.0401265558986795
12.600000000000001 -0.027925669933481927
13.0 -0.02837754284032119
13.4 -0.04725953345183339
13.8 -0.011087618073064033
14.200000000000001 0.02514978120511884
14.600000000000001 0.057713670710014285
15.0 0.06783162191712169
15.4 -0.027245345016429355
15.8 -0.06796593446104705
16.2 0.011676336563436054
16.6 0.08379612439257092
17.0 0.10211509241038905
17.400000000000002 0.02906167910963639
17.8 0.017177218512660672
18.2 -0.07131401063458652
18.6 -0.0798496067627337
19.0 -0.1287536117876647
19.400000000000002 -0.1426610268177524
19.8 -0.13394007314818182
20.200000000000003 -0.08649811206512324
20.6 0.017717976602807217
21.0 0.06668919398520595
21.400000000000002 0.034102997065707706
21.8 0.031638312610227114
22.200000000000003 0.05472127789724356
22.6 0.09421886976340461
23.0 0.09884461350268949
23.400000000000002 0.11542775714674892
23.8 0.1492076610647775
24.200000000000003 0.07534262540916917
24.6 0.039436667637733826
25.0 -0.016572689700138768
25.400000000000002 -0.008575454079693259
25.8 -0.031204959268893034
26.200000000000003 0.026461923453545692
26.6 -0.002486200279919981
27.0 -0.03824811247430934
27.400000000000002 -0.08203167205126848
27.8 -0.07585941343829551
28.200000000000003 -0.08999502209764565
28.6 -0.11646587135653672
29.0 -0.13062404873611314
29.400000000000002 -0.12007837100819653
29.8 -0.06549593067750722
30.200000000000003 -0.024193505680596583
30.6 -0.02481131827385805
31.0 0.04321669077297339
31.400000000000002 0.13208590106120063
31.8 0.08671871543696984
32.2 0.10362058967588657
32.6 0.031725354979393265
33.0 -0.023702847232258996
33.4 -0.06400592043637342
33.800000000000004 -0.04375700776299452
34.2 -0.05998336645102814
34.6 -0.030795433344768027
35.0 0.02704976855657839
35.4 -0.005006527570082366
35.800000000000004 -0.012513577516357736
36.2 -0.05750819168543928
36.6 -0.11405682953065488
37.0 -0.0950703034647874
37.4 -0.07620466986536495
37.800000000000004 -0.08127493527771178
38.2 -0.06478046786227462
38.6 0.004069442539594161
39.0 0.04968219159306818
39.400000000000006 0.022748337906018476
39.800000000000004 0.0050934599391200845
