0.2 0.8744324894514768
0.6000000000000001 0.9021012658227848
1.0 0.8977194092827004
1.4000000000000001 0.8976540084388186
1.8 0.8717510548523206
2.2 0.8769810126582278
2.6 0.8829177215189873
3.0 0.8726191983122363
3.4000000000000004 0.8968987341772152
3.8000000000000003 0.9833860759493671
4.2 1.0115706751054852
4.6000000000000005 1.0237816455696203
5.0 1.0744894514767933
5.4 1.0603143459915612
5.800000000000001 1.1253702531645569
6.2 1.1385474683544303
6.6000000000000005 1.1134757383966245
7.0 1.071665611814346
7.4 0.998159282700422
7.800000000000001 0.9984746835443038
8.200000000000001 0.9602320675105486
8.6 0.9612183544303797
9.0 0.9469050632911392
9.4 0.9967605485232067
9.8 0.9831075949367089
10.200000000000001 1.023490506329114
10.600000000000001 1.0225886075949366
11.0 1.0068786919831223
11.4 1.0038597046413502
11.8 1.0457521097046414
12.200000000000001 1.0189957805907173
12.600000000000001 1.010467299578059
13.0 1.0453111814345992
13.4 0.9985759493670886
13.8 1.020503164556962
14.200000000000001 1.0438059071729957
14.600000000000001 1.0319989451476794
15.0 0.9968660337552743
15.4 1.0098027426160339
15.8 1.0146635021097046
16.2 1.033201476793249
16.6 1.0459567510548524
17.0 1.0117784810126582
17.400000000000002 0.9829662447257383
17.8 0.9439883966244725
18.2 0.915798523206751
18.6 0.9320464135021097
19.0 0.9718132911392405
19.400000000000002 1.0055042194092827
19.8 0.9596962025316456
20.200000000000003 1.0037784810126582
20.6 1.022941983122363
21.0 1.0639620253164557
21.400000000000002 1.091353375527426
21.8 1.0804767932489452
22.200000000000003 1.0498417721518987
22.6 1.0442183544303798
23.0 1.015496835443038
23.400000000000002 0.9604483122362869
23.8 0.9283059071729958
24.200000000000003 0.9527352320675105
24.6 0.9979588607594937
25.0 0.9697426160337552
25.400000000000002 1.0062605485232068
25.8 0.9885284810126582
26.200000000000003 1.0010928270042194
26.6 1.0133481012658228
27.0 0.992493670886076
27.400000000000002 1.005464135021097
27.8 0.994792194092827
28.200000000000003 1.0452521097046414
28.6 1.0745864978902953
29.0 1.0648428270042194
29.400000000000002 1.0871972573839663
29.8 1.0337299578059072
30.200000000000003 0.9905770042194093
30.6 0.9518649789029536
31.0 0.9145274261603376
31.400000000000002 0.9313343881856541
31.8 0.9110495780590717
32.2 0.9447689873417722
32.6 0.9488396624472574
33.0 1.0093301687763714
33.4 1.033295358649789
33.800000000000004 1.0088101265822784
34.2 1.0721518987341772
34.6 1.0743322784810128
35.0 1.0963892405063291
35.4 1.0937267932489452
35.800000000000004 1.0108481012658228
36.2 0.9993417721518988
36.6 0.989451476793249
37.0 0.9453839662447258
37.4 0.9525116033755274
37.800000000000004 1.0040770042194094
38.2 1.0355443037974683
38.6 1.0415443037974683
39.0 0.9919873417721519
39.400000000000006 1.0341582278481012
39.800000000000004 1.008460970464135
