block_size         error    difference      rel_diff
-------------------------------------------------------
       2  5.165112e-07  2.139186e-07  4.141607e-01
       4  7.304299e-07  3.024867e-07  4.141214e-01
       8  1.032917e-06  4.276670e-07  4.140383e-01
      16  1.460583e-06  6.044989e-07  4.138749e-01
      32  2.065082e-06  8.540452e-07  4.135647e-01
      64  2.919128e-06  1.205469e-06  4.129552e-01
     128  4.124596e-06  1.698481e-06  4.117933e-01
     256  5.823077e-06  2.385359e-06  4.096388e-01
     512  8.208436e-06  3.326514e-06  4.052555e-01
    1024  1.153495e-05  4.578456e-06  3.969203e-01
    2048  1.611341e-05  6.071935e-06  3.768250e-01
    4096  2.218534e-05  7.952150e-06  3.584416e-01
    8192  3.013749e-05  -4.331959e-07  1.437399e-02
   16384  2.970429e-05  -3.661957e-06  1.232804e-01
   32768  2.604234e-05  -1.213527e-06  4.659824e-02
   65536  2.482881e-05  2.214340e-06  8.918430e-02
  131072  2.704315e-05           ---           ---
