# k values and corresponding S(k) [pure estimator]
0.0 67.51280651422002
0.06981317007977318 0.5607711101101935
0.13962634015954636 0.7213082409212771
0.20943951023931956 0.8176905532815332
0.2792526803190927 0.8886480714244123
0.3490658503988659 0.9052088433336178
0.4188790204786391 0.9115597304491986
0.4886921905584123 0.9441158102518343
0.5585053606381855 0.9496044981237701
0.6283185307179586 0.9742885591656771
0.6981317007977318 0.9420000275122641
0.767944870877505 0.9754906144572282
0.8377580409572782 0.9829632888490077
0.9075712110370514 0.9915801446349175
0.9773843811168246 0.9806982539361081
1.0471975511965976 0.9757409258442427
1.117010721276371 1.0037219371794737
1.1868238913561442 0.9619307280539071
1.2566370614359172 0.9935149843096115
1.3264502315156905 1.0105212395298073
1.3962634015954636 0.973706694804193
1.4660765716752369 0.9946667863121531
1.53588974175501 0.9966071052580112
1.6057029118347832 1.0075118267991454
1.6755160819145565 0.9827707853163665
1.7453292519943295 0.9977389546582637
1.8151424220741028 1.0102648702121246
1.8849555921538759 0.9813024181296908
1.9547687622336491 0.9888980505411565
2.0245819323134224 0.9801419771012327
2.0943951023931953 1.0070635727725896
2.1642082724729685 0.9994967867644452
2.234021442552742 0.9769139176830186
2.303834612632515 0.9684915773248688
2.3736477827122884 0.9755047830537956
2.443460952792061 0.9947572647425494
2.5132741228718345 0.9748214128226276
2.5830872929516078 1.0127550831603291
2.652900463031381 0.9752690928241754
2.722713633111154 0.965359905157475
2.792526803190927 0.9662670489078559
2.8623399732707004 0.9834774867390516
2.9321531433504737 1.0004241752565175
3.001966313430247 0.9914376154662344
3.07177948351002 0.9990464630286063
3.141592653589793 1.003101870978911
3.2114058236695664 0.9613452900143863
3.2812189937493397 0.9811614948689411
3.351032163829113 0.9935188147161835
3.420845333908886 0.975076920209809
3.490658503988659 0.9865518972463347
3.5604716740684323 0.9925007218182476
3.6302848441482056 0.970746990519567
3.7000980142279785 0.9810876004396731
3.7699111843077517 1.00960511917205
3.839724354387525 0.9666749426198371
3.9095375244672983 0.9914356213249018
3.9793506945470716 0.9928476862671758
4.049163864626845 0.998435821367964
4.118977034706618 0.9801687491027251
4.1887902047863905 1.0138231135067453
4.258603374866164 0.9744592026357526
4.328416544945937 0.9743294722254181
4.39822971502571 0.9592592709181489
4.468042885105484 0.9854868839331327
4.537856055185257 0.994154811595802
4.60766922526503 0.9779504812625402
4.6774823953448035 1.0195224984147662
4.747295565424577 0.976035484608412
4.817108735504349 0.9633440514292755
4.886921905584122 0.9922157497072377
4.956735075663896 1.0129617559567077
5.026548245743669 0.9884367034849999
5.096361415823442 0.9587258596002728
5.1661745859032155 1.0027231997742274
