# P_value  count
-1.0 0.0
-0.9666666666666667 0.0
-0.9333333333333333 0.0
-0.9 0.0
-0.8666666666666667 0.0
-0.8333333333333334 0.0
-0.8 0.0
-0.7666666666666667 0.0
-0.7333333333333333 0.0
-0.7 0.0
-0.6666666666666666 0.0
-0.6333333333333333 0.0
-0.6 0.0
-0.5666666666666667 3.0
-0.5333333333333333 4.0
-0.5 15.0
-0.4666666666666667 53.0
-0.43333333333333335 144.0
-0.4 283.0
-0.36666666666666664 584.0
-0.3333333333333333 858.0
-0.3 1766.0
-0.26666666666666666 3294.0
-0.23333333333333334 4957.0
-0.2 6884.0
-0.16666666666666666 9919.0
-0.13333333333333333 11630.0
-0.1 14753.0
-0.06666666666666667 17126.0
-0.03333333333333333 18810.0
0.0 19726.0
0.03333333333333333 20289.0
0.06666666666666667 18644.0
0.1 15011.0
0.13333333333333333 12725.0
0.16666666666666666 10178.0
0.2 6811.0
0.23333333333333334 4378.0
0.26666666666666666 2541.0
0.3 2132.0
0.3333333333333333 1236.0
0.36666666666666664 585.0
0.4 316.0
0.43333333333333335 86.0
0.4666666666666667 70.0
0.5 24.0
0.5333333333333333 23.0
0.5666666666666667 4.0
0.6 0.0
0.6333333333333333 0.0
0.6666666666666666 0.0
0.7 0.0
0.7333333333333333 0.0
0.7666666666666667 0.0
0.8 0.0
0.8333333333333334 0.0
0.8666666666666667 0.0
0.9 0.0
0.9333333333333333 0.0
0.9666666666666667 0.0
1.0 0.0
