block_size         error    difference      rel_diff
-------------------------------------------------------
       2  8.558383e-08  3.540410e-08  4.136775e-01
       4  1.209879e-07  4.999798e-08  4.132477e-01
       8  1.709859e-07  7.050794e-08  4.123611e-01
      16  2.414938e-07  9.916343e-08  4.106251e-01
      32  3.406573e-07  1.387497e-07  4.072999e-01
      64  4.794069e-07  1.922633e-07  4.010440e-01
     128  6.716702e-07  2.617176e-07  3.896519e-01
     256  9.333878e-07  3.452425e-07  3.698811e-01
     512  1.278630e-06  4.290864e-07  3.355829e-01
    1024  1.707717e-06  4.927149e-07  2.885226e-01
    2048  2.200432e-06  4.654348e-07  2.115198e-01
    4096  2.665866e-06  3.217097e-07  1.206773e-01
    8192  2.987576e-06  1.463840e-07  4.899758e-02
   16384  3.133960e-06  -2.432584e-08  7.762013e-03
   32768  3.109634e-06  -9.173632e-08  2.950068e-02
   65536  3.017898e-06  1.773018e-07  5.875008e-02
  131072  3.195200e-06           ---           ---
