# k values and corresponding S(k) [pure estimator]
0.0 11.308032771547452
0.20943951023931953 0.9214207750866871
0.41887902047863906 0.9637192140266438
0.6283185307179586 0.9803435161418828
0.8377580409572781 0.9837299425122963
1.0471975511965976 0.9728368701938075
1.2566370614359172 0.9761546630592145
1.4660765716752366 0.9653843955194377
1.6755160819145563 0.9751828996787998
1.8849555921538759 0.9785420740597809
2.0943951023931953 0.9839230738484669
2.3038346126325147 0.9818840752312128
2.5132741228718345 0.9707441546951449
2.722713633111154 0.9690810105789496
2.9321531433504733 0.9772274343003399
3.141592653589793 0.975545076820146
3.3510321638291125 0.9698064560971054
3.560471674068432 0.9779171560340595
3.7699111843077517 0.9784150465569851
3.979350694547071 0.9747757284890932
4.1887902047863905 0.9858857824947971
4.39822971502571 0.9693086008213252
4.607669225265029 0.9629759082677656
4.817108735504349 0.9768522175613581
5.026548245743669 0.9708200325306847
5.235987755982988 0.9676266409685619
5.445427266222308 0.9891892149854918
5.654866776461628 0.9865188405714351
5.864306286700947 0.9759660097095029
6.073745796940266 0.9679824409296942
6.283185307179586 0.9789648864468943
6.492624817418905 0.9753419009766114
6.702064327658225 0.9776556177421197
6.911503837897545 0.9741720437639729
7.120943348136864 0.9673964123730622
7.330382858376184 0.9729174104245408
7.5398223686155035 0.9798505905419667
7.749261878854822 0.9724856260288405
7.958701389094142 0.9810386758554985
8.168140899333462 0.9737288648608755
8.377580409572781 0.9634900550631157
8.5870199198121 0.9649113242784708
8.79645943005142 0.981443278137882
9.00589894029074 0.9750745204267681
9.215338450530059 0.9816788226702308
9.42477796076938 0.965361061415927
9.634217471008698 0.9686779993592319
9.843656981248017 0.9695504304176693
10.053096491487338 0.9807323101837887
10.262536001726657 0.9773124072670669
10.471975511965976 0.9786530652349774
10.681415022205297 0.984372905456099
10.890854532444616 0.9766275994087562
11.100294042683934 0.9690095523839003
11.309733552923255 0.9703817023695007
11.519173063162574 0.9736824580315832
11.728612573401893 0.9808945070140249
11.938052083641214 0.9764523373610003
12.147491593880533 0.9789894891682406
12.356931104119852 0.9821366664457228
12.566370614359172 0.986581850688531
12.775810124598491 0.9760901193608398
12.98524963483781 0.9713410017342
13.194689145077131 0.9643004121217783
13.40412865531645 0.9739384114133155
13.613568165555769 0.9920453723943714
13.82300767579509 0.9705553477619588
14.032447186034409 0.9690019179933264
14.241886696273728 0.9655728200553939
14.451326206513048 0.9807988654444103
14.660765716752367 0.985802673949029
14.870205226991686 0.9620003760604304
15.079644737231007 0.9824700113962582
15.289084247470326 0.9810057440043054
15.498523757709645 0.9739300386302564
