# k  S_n(k)
0.0 50.0
0.12566370614359174 0.28275607738192177
0.25132741228718347 1.0489392548004222
0.3769911184307752 0.931333210088457
0.5026548245743669 0.6526368108113357
0.6283185307179586 0.27432411659260486
0.7539822368615504 0.4599076440949336
0.8796459430051422 1.1679647423176958
1.0053096491487339 1.118283670376008
1.1309733552923256 0.4341266497800093
1.2566370614359172 0.4416291845695349
1.3823007675795091 1.2093769469952655
1.5079644737231008 0.4566705478005423
1.6336281798666925 0.8332093460522169
1.7592918860102844 0.6467727604066342
1.884955592153876 0.6917734011429926
2.0106192982974678 1.042830436156711
2.1362830044410597 0.7466222413905884
2.261946710584651 0.9637891924060376
2.387610416728243 1.0954372813045108
2.5132741228718345 1.2259729919797595
2.6389378290154264 1.206539476507987
2.7646015351590183 1.0725656517983084
2.8902652413026098 1.3771559029793374
3.0159289474462017 1.2299254583375356
3.1415926535897936 0.7781273105389893
3.267256359733385 0.8755797721259929
3.392920065876977 1.007090989894762
3.518583772020569 0.9748229671567581
3.6442474781641603 1.2122920761552123
3.769911184307752 1.1753434188933378
3.8955748904513436 0.8526248332171432
4.0212385965949355 1.029584903618801
4.1469023027385274 1.1441858497460595
4.272566008882119 0.9317980280079265
4.39822971502571 1.1208040837683326
4.523893421169302 0.896784078632226
4.649557127312894 1.013580066413846
4.775220833456486 0.9260513628085438
4.900884539600078 0.9706890533337068
5.026548245743669 0.8259512890645728
5.152211951887261 1.1047402013680991
5.277875658030853 0.9261315346776473
5.403539364174445 0.9013131416941548
5.529203070318037 1.0981398180052688
5.6548667764616285 0.9633623538354521
5.7805304826052195 0.9854030232066966
5.906194188748811 1.0361713129262635
6.031857894892403 1.004989957474367
6.157521601035995 0.9416252524782431
6.283185307179587 0.9268119934417772
6.408849013323178 0.9941263250134879
6.53451271946677 0.9598745482443671
6.660176425610362 0.9898128974269323
6.785840131753954 1.0468796421838746
6.911503837897546 0.9677861356487584
7.037167544041138 1.0790250074483891
7.162831250184729 1.046572392239479
7.288494956328321 1.1659434911099127
7.4141586624719125 0.9877988162832771
7.539822368615504 1.021303357944612
7.665486074759096 0.9820907798617815
7.791149780902687 0.9451918995152409
7.916813487046279 0.9653722958574971
8.042477193189871 0.9873411423364548
8.168140899333462 1.0364515979367008
8.293804605477055 0.9122871793980623
8.419468311620646 1.141485656909248
8.545132017764239 0.972806236209091
8.67079572390783 0.895073469287843
8.79645943005142 0.932082872766678
8.922123136195014 1.0179664630747658
9.047786842338605 0.9161732893561655
9.173450548482197 1.0183468110016196
9.299114254625788 1.0251094248080597
9.42477796076938 1.016354096876275
9.550441666912972 0.952199272865741
9.676105373056563 1.043378658718118
9.801769079200156 1.0323134640218745
9.927432785343747 0.9092225907381908
10.053096491487338 1.100561590216481
10.17876019763093 0.9667534198350839
10.304423903774522 1.0251836668754728
10.430087609918115 1.0449777801299795
10.555751316061706 0.9253331067742275
10.681415022205298 0.9737662271744477
10.80707872834889 0.9371671039609979
10.93274243449248 0.9954919509533806
11.058406140636073 1.0193989611616425
11.184069846779664 0.9756341056038661
11.309733552923257 0.9624989625604088
11.435397259066848 0.9114435264651612
11.561060965210439 0.9343437763535493
11.686724671354032 0.8989983622020634
11.812388377497623 0.9640759889413357
11.938052083641216 1.0441434151005882
12.063715789784807 0.9741278616003918
12.189379495928398 1.0853949077035676
12.31504320207199 1.035780347074828
12.440706908215581 0.9936629891578715
