# r  Cs(r) [pure estimator]
0.125 7.350288002008626e-6
0.375 7.569276590351223e-8
0.625 5.868894922602555e-6
0.875 9.228497164158299e-6
1.125 -5.07985684822851e-6
1.375 -4.33614981181156e-6
1.625 -1.027095848925504e-6
1.875 -3.191223412529899e-6
2.125 5.502626881836019e-6
2.375 4.24488309734835e-6
2.625 -2.7022988271688057e-7
2.875 2.2753556298429e-6
3.125 -4.894126176333124e-6
3.375 2.818727212265977e-6
3.625 5.105557876854997e-6
3.875 4.458217318982865e-6
4.125 -1.2208400828232253e-6
4.375 2.173775759204423e-6
4.625 -5.521917925583532e-6
4.875 -7.888260618590445e-8
5.125 -5.92775020130252e-6
5.375 -2.5773071082543337e-6
5.625 -3.1885546175534702e-6
5.875 4.1957229205051675e-6
6.125 -5.426446163424165e-6
6.375 -5.029518669288811e-6
6.625 -1.015055529294463e-6
6.875 2.699127399411472e-6
7.125 3.959419510024896e-6
7.375 -4.4605430405501625e-6
7.625 -1.2876524772174825e-5
7.875 5.984468208022431e-6
8.125 -1.507109079636831e-7
8.375 -7.785688474341472e-6
8.625 3.6284539498094825e-6
8.875 -1.1780520628943543e-6
9.125 -4.1097043818835175e-6
9.375 1.536113546948711e-6
9.625 -5.347720308056233e-6
9.875 -3.65345620741919e-6
10.125 5.033964985262398e-6
10.375 5.603976067046945e-6
10.625 2.183855380743426e-6
10.875 -7.812785480586075e-6
11.125 1.787904000630582e-6
11.375 -6.830166969057974e-6
11.625 -4.70921132374104e-6
11.875 1.3682751792131948e-6
12.125 1.6850228923773115e-6
12.375 1.3246981926281942e-6
12.625 -1.8235683107657816e-6
12.875 2.90609851504493e-6
13.125 3.0201316188320517e-6
13.375 3.038349371974996e-6
13.625 1.9413963180365585e-6
13.875 7.395404808367194e-6
14.125 -2.2725729457959773e-6
14.375 4.726818227007018e-6
14.625 -4.862049610217457e-7
14.875 4.629737891190326e-6
15.125 -7.125179915798729e-6
15.375 -6.8855188860826325e-9
15.625 -3.880144890247223e-6
15.875 6.767085892391549e-6
16.125 8.14449290595501e-6
16.375 -1.7398934497264452e-6
16.625 -5.057238264148915e-6
16.875 4.1740541355719435e-6
17.125 -5.077961501021929e-6
17.375 3.1247924551702396e-6
17.625 -1.2961212107464674e-5
17.875 -1.311313500016131e-6
18.125 -5.066793109845698e-6
18.375 -3.6891424613338006e-6
18.625 -1.0714307772942298e-6
18.875 2.9488228156395525e-6
19.125 -3.375220095716143e-6
19.375 3.287642846813359e-7
19.625 -5.950045708968847e-6
19.875 2.5005865087536573e-6
20.125 3.114247427622183e-7
20.375 -3.423822539714745e-6
20.625 -4.350258314874306e-6
20.875 -5.130663231164245e-6
21.125 -4.915165552401269e-6
21.375 5.290883249422278e-6
21.625 2.9172662737739983e-6
21.875 -5.012497524554636e-6
22.125 1.7132637560687513e-6
22.375 2.9861480643394408e-6
22.625 8.827842274575085e-7
22.875 2.686668124821171e-6
23.125 -7.721290825628304e-7
23.375 1.6096779984378852e-6
23.625 6.4182317248587755e-6
23.875 -4.0347444437191065e-6
24.125 4.983938320059272e-6
24.375 1.2479299712090258e-6
24.625 1.687073054600108e-6
24.875 -7.910103857047979e-6
