# r  Cs(r) [pure estimator]
0.05 0.0007989041541350317
0.15000000000000002 0.0008028254534937677
0.25 0.0007941175769852354
0.35000000000000003 0.0007875367364019564
0.45 0.0007851715205088655
0.55 0.0007926645516244299
0.65 0.0008025667134508888
0.75 0.0008017981221172964
0.8500000000000001 0.0007927011708577702
0.9500000000000001 0.0007862818987956673
1.05 0.0007979703573854751
1.1500000000000001 0.0007801111353026311
1.25 0.0007893110348049814
1.35 0.0007933748935337153
1.4500000000000002 0.0007876856544105513
1.55 0.0008019345616611508
1.6500000000000001 0.0007906271635298686
1.75 0.000779609613361681
1.85 0.0007945540695418017
1.9500000000000002 0.0008103569691015141
2.0500000000000003 0.0008177267244494725
2.15 0.0007962917473031822
2.25 0.0007940005896827298
2.35 0.0007837850032756502
2.45 0.0007879349822235386
2.5500000000000003 0.0007845093221018472
2.6500000000000004 0.0008031480752103906
2.75 0.0008028102308612017
2.85 0.0007876168424219124
2.95 0.0007899748452577394
3.0500000000000003 0.0007804675841771737
3.1500000000000004 0.0007944858241778911
3.25 0.000780564245357485
3.35 0.0007994206681090014
3.45 0.000785798919268044
3.5500000000000003 0.000803973698314743
3.6500000000000004 0.0007925375552799118
3.75 0.0007776824126507439
3.85 0.0007795895622322947
3.95 0.0007851277383697512
4.05 0.000774904569758502
4.15 0.0008014510322016009
4.25 0.0007707590530556468
4.3500000000000005 0.0007833435367050924
4.45 0.0007823372790899364
4.55 0.0008068030082870628
4.65 0.0007947447857844731
4.75 0.0007837266631889201
4.8500000000000005 0.000790680874421924
4.95 0.0007991328864404348
5.050000000000001 0.0007871772347949214
5.15 0.0007999016315413221
5.25 0.0007912349562424091
5.3500000000000005 0.0008025493847609439
5.45 0.0007878547359648048
5.550000000000001 0.0008021593966287901
5.65 0.000786457464575557
5.75 0.0007922302628859997
5.8500000000000005 0.0007913457046478698
5.95 0.00079070707506588
6.050000000000001 0.000801356131066208
6.15 0.0007862129550738935
6.25 0.000777645989990292
6.3500000000000005 0.00080664790891487
6.45 0.0008008632783890241
6.550000000000001 0.0007823823222386358
6.65 0.000800414284326148
6.75 0.0007871248577675805
6.8500000000000005 0.0008023821209408215
6.95 0.0007907234231121151
7.050000000000001 0.0007845811922134648
7.15 0.00079249951990079
7.25 0.0007983152646917476
7.3500000000000005 0.000807755368540825
7.45 0.000789393099021588
7.550000000000001 0.000787863243224062
7.65 0.0007896948612361119
7.75 0.0007862508497504388
7.8500000000000005 0.0007966932796507968
7.95 0.0007862372986809907
8.05 0.0007905527233213818
8.15 0.0007921684697832623
8.25 0.000793505246276667
8.35 0.0007923694304003235
8.450000000000001 0.0007945990986312485
8.55 0.0008016303045962727
8.65 0.0007847565412607754
8.75 0.0007961547083305809
8.85 0.0007728597103501476
8.950000000000001 0.0007609232113541407
9.05 0.0007753213001190531
9.15 0.000779309572747169
9.25 0.000795200709198877
9.35 0.0007957749339793163
9.450000000000001 0.0007772748881909822
9.55 0.0007860615220669953
9.65 0.0008032983494258495
9.75 0.0007907680036588775
9.850000000000001 0.0007870162348793451
9.950000000000001 0.00077443026152457
