# P_value  count
-1.0 0.0
-0.96 0.0
-0.92 0.0
-0.88 0.0
-0.84 0.0
-0.8 0.0
-0.76 0.0
-0.72 0.0
-0.68 0.0
-0.64 3.0
-0.6 5.0
-0.56 9.0
-0.52 29.0
-0.48 100.0
-0.44 254.0
-0.4 458.0
-0.36 950.0
-0.32 2014.0
-0.28 3584.0
-0.24 6007.0
-0.2 8690.0
-0.16 12519.0
-0.12 16123.0
-0.08 19922.0
-0.04 21602.0
0.0 23447.0
0.04 21697.0
0.08 19207.0
0.12 16244.0
0.16 12193.0
0.2 8355.0
0.24 5444.0
0.28 3460.0
0.32 1947.0
0.36 964.0
0.4 389.0
0.44 246.0
0.48 77.0
0.52 44.0
0.56 13.0
0.6 3.0
0.64 3.0
0.68 0.0
0.72 0.0
0.76 0.0
0.8 0.0
0.84 0.0
0.88 0.0
0.92 0.0
0.96 0.0
1.0 0.0
