# r  Cs(r) [pure estimator]
0.075 0.00024598657184129406
0.22499999999999998 0.0002539836997273329
0.375 0.00024514798830704864
0.525 0.00024387876649577248
0.6749999999999999 0.00025589085527160494
0.825 0.0002508527474902546
0.975 0.00025042697512950583
1.125 0.00023978404248226884
1.275 0.00025380746792937596
1.425 0.0002578269803152801
1.575 0.00024222165982818448
1.7249999999999999 0.00025595257775377515
1.875 0.0002478385318491121
2.025 0.00024802968393061243
2.175 0.00024622194036873836
2.3249999999999997 0.00023673617426781915
2.475 0.00024304375087004572
2.625 0.00023706848438702835
2.775 0.00023603955318301503
2.925 0.00025291919666769254
3.0749999999999997 0.00025407476393659396
3.225 0.00023481658321087166
3.375 0.00024629748689278843
3.525 0.0002421086054020579
3.675 0.00024509772441312866
3.8249999999999997 0.00024892297932043594
3.9749999999999996 0.00024583236003795624
4.125 0.00023936798017087105
4.2749999999999995 0.0002465449124219327
4.425 0.0002459094667386343
4.575 0.00024881012492229866
4.725 0.0002485014477485056
4.875 0.00024253166234147256
5.0249999999999995 0.00024993620539088906
5.175 0.0002505298982913894
5.325 0.00024327785246028075
5.475 0.00023651040705974902
5.625 0.0002514204983207113
5.7749999999999995 0.0002463546339113532
5.925 0.00024277688313948032
6.075 0.00023395475827435084
6.225 0.00024597736485435683
6.375 0.00024507263795066293
6.5249999999999995 0.00024314341913800368
6.675 0.0002434071779641362
6.825 0.00024128278976302974
6.975 0.00022674358602466467
7.125 0.00024440249387157895
7.2749999999999995 0.00023388189258623617
7.425 0.00023941534937083699
7.574999999999999 0.00024257640065711487
7.725 0.00025202104624274965
7.875 0.00024026264077378411
8.025 0.00023550096351148292
8.174999999999999 0.00023520395225723164
8.325 0.0002428515254731012
8.475 0.00023304125237653487
8.625 0.0002473861186697447
8.775 0.00023841041471557215
8.924999999999999 0.00024182112127021387
9.075 0.00023982456445827399
9.225 0.00023160929228928265
9.375 0.0002504278464401547
9.525 0.00023829313032565897
9.674999999999999 0.0002410452714775796
9.825 0.0002479224876362592
9.975 0.00024029169147393283
10.125 0.00024414257647249727
10.275 0.00024342043495791707
10.424999999999999 0.0002425043306661248
10.575 0.00023298054122361986
10.725 0.0002475749005858265
10.875 0.0002398753652644953
11.025 0.00023529092579454967
11.174999999999999 0.00025277744232720734
11.325 0.0002394938090803397
11.475 0.0002477644847029126
11.625 0.0002478017036993068
11.775 0.000237108174173914
11.924999999999999 0.00023822082014904927
12.075 0.00024843376456381173
12.225 0.00023845048562712038
12.375 0.00023635735910597014
12.525 0.0002329843474297273
12.674999999999999 0.0002448318224216285
12.825 0.00023642523922065453
12.975 0.00023671728039795226
13.125 0.00022915177605615603
13.275 0.00023643789542118825
13.424999999999999 0.00024296344648323803
13.575 0.00023677658465488528
13.725 0.00024541095472050236
13.875 0.0002301061010053574
14.025 0.00024169239126771642
14.174999999999999 0.0002436854932258763
14.325 0.00023514163747261513
14.475 0.0002339310163537497
14.625 0.0002383733983500848
14.774999999999999 0.00024233169268250048
14.924999999999999 0.000248526358039387
