# block  <P^2>
1 0.0
2 0.12286666666666728
3 0.22612000000000043
4 0.20481777777777602
5 0.22167555555555535
6 0.18345333333333477
7 0.25966855744633566
8 0.2412622222222225
9 0.2841555555555529
10 0.35641691641691575
11 0.2752444444444462
12 0.23334666666666654
13 0.49624290957623973
14 0.33861333333333454
15 0.39232444444444486
16 0.4999066666666678
17 0.2936225114002888
18 0.26570222222222517
19 0.21553998442887304
20 0.34086666666666626
21 0.22592444444444498
22 0.21009333333333238
23 0.3664153041930874
24 0.5060666666666617
25 0.3197777777777788
26 0.2842266666666676
27 0.2091777777777784
28 0.3339606272939636
29 0.3429777777777796
30 0.18128888888888903
31 0.1398755555555561
32 0.14880000000000093
33 0.1768355555555548
34 0.16985777777777844
35 0.3121066666666679
36 0.3406311111111135
37 0.33758222222221923
38 0.22912245578912274
39 0.20028444444444396
40 0.1762400000000012
41 0.1339555555555554
42 0.2614400000000022
43 0.2234355555555558
44 0.21731064397731156
45 0.5463822222222231
46 0.3728133333333305
47 0.2135688888888894
48 0.26021333333333535
49 0.4609301809301855
50 0.33370222222222007
51 0.19678666666666675
52 0.22489600711822944
53 0.24147111111111103
54 0.2138760983205442
55 0.1658133333333328
56 0.2632988544099658
57 0.2467267267267274
58 0.22878454878454915
59 0.2730311111111144
60 0.462497777777781
61 0.20776331887443028
62 0.25780444444444645
63 0.3001822222222226
64 0.1641422222222231
65 0.2881199999999974
66 0.28733777777777814
67 0.2740933333333339
68 0.26680888888888926
69 0.18388888888888727
70 0.17823111111111206
71 0.21623111111111223
72 0.5090888888888919
73 0.3543511111111117
74 0.18212000000000103
75 0.20095111111111133
76 0.22115555555555852
77 0.20934666666666768
78 0.2250844444444448
79 0.32138666666666865
80 0.29115555555555706
81 0.2235644444444456
82 0.3754755555555553
83 0.3729511111111124
84 0.22714222222222125
85 0.3489688888888856
86 0.2792088888888909
87 0.3058711111111147
88 0.2566533333333353
89 0.28188000000000324
90 0.2078755555555551
91 0.49289333333333674
92 0.3402088888888961
93 0.29711111111111277
94 0.32041333333333716
95 0.25638666666666643
96 0.26536888888888993
97 0.2581333333333336
98 0.1726088888888895
99 0.29943555555555995
100 0.2811499611499636
101 0.2409555555555564
102 0.17045777777777882
103 0.17987555555555443
104 0.23636970303636926
105 0.2539333333333326
106 0.3761866666666656
107 0.6731777777777774
108 0.24750222222222265
109 0.23520000000000152
110 0.18008444444444466
111 0.186986666666668
112 0.22455766455766737
113 0.16090222222222145
114 0.1439288888888885
115 0.18008888888889005
116 0.314524444444444
117 0.21382666666666783
118 0.3064130797464162
119 0.31718666666666495
120 0.3589989989989993
121 0.3733688888888863
122 0.287171616060508
123 0.2230622222222231
124 0.22091111111110923
125 0.1877511111111113
126 0.2946400000000005
127 0.4696222222222227
128 0.23439111111111022
129 0.2308580308580317
130 0.20009324009324053
131 0.2864197530864198
132 0.23364888888888985
133 0.25383111111111467
134 0.24382666666666583
135 0.33456321456322
136 0.32838272838272875
137 0.5256222222222203
138 0.2801555555555532
139 0.36464444444444416
140 0.18740444444444335
141 0.24719999999999925
142 0.1579066666666672
143 0.1840711111111117
144 0.19891999999999885
145 0.204653333333334
146 0.18573333333333353
147 0.19989777777777964
148 0.2494977777777805
149 0.24076000000000125
150 0.14659111111111184
151 0.22239144956579962
152 0.1803377777777766
153 0.1748355555555551
154 0.2013999999999997
155 0.3801555555555538
156 0.23988888888889268
157 0.2151324871966137
158 0.22840888888888913
159 0.296257777777777
160 0.20390666666666518
161 0.25357777777777746
162 0.17185777777777855
163 0.14276000000000166
164 0.2490000000000013
165 0.2655955555555554
166 0.3273599999999982
167 0.2089867645423212
168 0.24021333333333336
169 0.2395466666666691
170 0.23508888888889234
171 0.28696444444444474
172 0.32121777777777855
173 0.3410088888888905
174 0.21680000000000033
175 0.421986666666665
176 0.2755866666666678
177 0.19612888888888913
178 0.14527111111111146
179 0.2967911111111097
180 0.2253244444444447
181 0.22867555555555613
182 0.3077911111111109
183 0.23647555555555555
184 0.22317777777777645
185 0.2750582750582747
186 0.2972444444444441
187 0.2825466666666668
188 0.23225777777777798
189 0.3992622222222217
190 0.37099766433099823
191 0.3915111111111138
192 0.2611422222222239
193 0.2485511111111111
194 0.3494239094239038
195 0.37553333333333005
196 0.35339111111111154
197 0.21841333333333143
198 0.18798534798534686
199 0.29907111111110984
200 0.43298666666666763
201 0.2506088888888892
202 0.22663555555555603
203 0.22565777777777712
204 0.33892888888889255
205 0.41735111111111484
206 0.23896888888889017
207 0.21887111111111035
208 0.2095466666666663
