# k values and corresponding S(k) [pure estimator]
0.0 7.921015650869611
0.20943951023931953 0.9670811678799176
0.41887902047863906 0.9755025147904968
0.6283185307179586 0.9784432499424601
0.8377580409572781 0.9648535343611747
1.0471975511965976 0.9939568193306021
1.2566370614359172 1.0096317377988513
1.4660765716752366 0.9808729971940633
1.6755160819145563 0.9904538760160795
1.8849555921538759 0.964937566901891
2.0943951023931953 0.9781835304481271
2.3038346126325147 0.9810958959391389
2.5132741228718345 0.9770700971350798
2.722713633111154 0.9838257018575659
2.9321531433504733 0.9753034830052416
3.141592653589793 0.9877960031163068
3.3510321638291125 0.9910085937524401
3.560471674068432 0.9774131015710771
3.7699111843077517 1.004020149729397
3.979350694547071 0.9925167923308957
4.1887902047863905 0.9959115823002942
4.39822971502571 0.9797229724741
4.607669225265029 0.9861863169798892
4.817108735504349 0.9840949683361673
5.026548245743669 0.9983527212402014
5.235987755982988 0.9609192976892313
5.445427266222308 0.9709860264576218
5.654866776461628 0.9924952587735246
5.864306286700947 0.9865650715424531
6.073745796940266 0.9755780644143066
6.283185307179586 0.9810127390226924
6.492624817418905 0.9924973056014132
6.702064327658225 0.9902263288373424
6.911503837897545 0.9823522327534625
7.120943348136864 0.9673493777853284
7.330382858376184 0.9817649831090477
7.5398223686155035 0.990887759355169
7.749261878854822 0.9720063107620601
7.958701389094142 1.0003862547413955
8.168140899333462 0.9906260971679868
8.377580409572781 1.0021362748284288
8.5870199198121 0.9940108610481188
8.79645943005142 1.004574333928106
9.00589894029074 0.9825065746171385
9.215338450530059 0.973077539575679
9.42477796076938 0.9900957854086592
9.634217471008698 0.9865372900881686
9.843656981248017 1.0078228494009271
10.053096491487338 0.982999509061038
10.262536001726657 0.9834426830439806
10.471975511965976 0.9782375830522978
10.681415022205297 0.9870908910545373
10.890854532444616 0.9920761680557765
11.100294042683934 0.9867340279052196
11.309733552923255 0.9829319374544584
11.519173063162574 0.9724790459783818
11.728612573401893 0.9539103875814162
11.938052083641214 0.9759004649331413
12.147491593880533 0.9812805084466615
12.356931104119852 0.9902234721356258
12.566370614359172 0.9681459652532024
12.775810124598491 0.987987634350122
12.98524963483781 1.0122548727286573
13.194689145077131 0.9793536939325846
13.40412865531645 0.9912051166509959
13.613568165555769 0.9631015931738229
13.82300767579509 0.9729896916515565
14.032447186034409 1.0102729664732295
14.241886696273728 0.9844412150391435
14.451326206513048 0.981779903520776
14.660765716752367 1.027416483614305
14.870205226991686 0.9769198204955973
15.079644737231007 0.9893330358813498
15.289084247470326 0.9729207833638512
15.498523757709645 0.9661404956148604
