# P_value  count
-1.0 0.0
-0.9333333333333333 0.0
-0.8666666666666667 0.0
-0.8 0.0
-0.7333333333333333 28.0
-0.6666666666666666 184.0
-0.6 876.0
-0.5333333333333333 1760.0
-0.4666666666666667 3125.0
-0.4 5164.0
-0.3333333333333333 9141.0
-0.26666666666666666 11743.0
-0.2 15833.0
-0.13333333333333333 20000.0
-0.06666666666666667 22253.0
0.0 23657.0
0.06666666666666667 22666.0
0.13333333333333333 19672.0
0.2 16105.0
0.26666666666666666 12837.0
0.3333333333333333 8361.0
0.4 5136.0
0.4666666666666667 2641.0
0.5333333333333333 1652.0
0.6 753.0
0.6666666666666666 368.0
0.7333333333333333 78.0
0.8 65.0
0.8666666666666667 0.0
0.9333333333333333 0.0
1.0 0.0
