block_size         error    difference      rel_diff
-------------------------------------------------------
       2  3.052639e-07  1.258062e-07  4.121227e-01
       4  4.310701e-07  1.769602e-07  4.105138e-01
       8  6.080303e-07  2.476309e-07  4.072673e-01
      16  8.556612e-07  3.431761e-07  4.010654e-01
      32  1.198837e-06  4.673872e-07  3.898671e-01
      64  1.666225e-06  6.160930e-07  3.697539e-01
     128  2.282317e-06  7.671910e-07  3.361456e-01
     256  3.049509e-06  8.534419e-07  2.798621e-01
     512  3.902950e-06  8.210083e-07  2.103558e-01
    1024  4.723959e-06  6.509277e-07  1.377928e-01
    2048  5.374886e-06  5.245342e-07  9.758982e-02
    4096  5.899421e-06  1.623854e-07  2.752565e-02
    8192  6.061806e-06  1.756408e-07  2.897500e-02
   16384  6.237447e-06  2.213463e-07  3.548669e-02
   32768  6.458793e-06  2.083182e-07  3.225342e-02
   65536  6.667111e-06  2.947006e-07  4.420214e-02
  131072  6.961812e-06           ---           ---
