# k values and corresponding S(k) [pure estimator]
0.0 1.5342849966080994
0.20943951023931953 1.0093706216520415
0.41887902047863906 0.9820507205526933
0.6283185307179586 0.9785647894314896
0.8377580409572781 0.985084773401544
1.0471975511965976 0.9724203483512475
1.2566370614359172 0.9740557208741109
1.4660765716752366 0.9906829357314438
1.6755160819145563 0.9645404187075982
1.8849555921538759 0.9589510996011514
2.0943951023931953 0.9660239090210477
2.3038346126325147 0.956801975155975
2.5132741228718345 0.9795154887131302
2.722713633111154 0.9805145809986977
2.9321531433504733 0.971558251966576
3.141592653589793 0.9828721990834118
3.3510321638291125 0.9823567195588238
3.560471674068432 0.9733172425227126
3.7699111843077517 0.9603717805555386
3.979350694547071 0.9898739792862659
4.1887902047863905 0.9638431111524438
4.39822971502571 0.9626570017216376
4.607669225265029 0.9864129609640163
4.817108735504349 1.000251089160886
5.026548245743669 0.9668511429332776
5.235987755982988 0.9691349649198472
5.445427266222308 0.983537587729896
5.654866776461628 0.954955593839373
5.864306286700947 0.969100153148375
6.073745796940266 0.9623816971031846
6.283185307179586 0.9757833692599289
6.492624817418905 1.000514140001134
6.702064327658225 0.9757941821163288
6.911503837897545 0.9747871402748854
7.120943348136864 0.9871809038234409
7.330382858376184 0.9603786811497875
7.5398223686155035 0.9517100671356425
7.749261878854822 0.972298553103632
7.958701389094142 0.9612250928819878
8.168140899333462 0.990899876938898
8.377580409572781 0.9562338305397041
8.5870199198121 0.9617336828422375
8.79645943005142 0.9912053524708969
9.00589894029074 0.973667847309459
9.215338450530059 0.9610831010205241
9.42477796076938 0.9662906723387105
9.634217471008698 0.9730672125734281
9.843656981248017 0.9755868995858621
10.053096491487338 0.9773432235336897
10.262536001726657 0.9937288013541397
10.471975511965976 0.9787493556601595
10.681415022205297 0.9759260222700105
10.890854532444616 0.9681880006724398
11.100294042683934 0.9758314383307954
11.309733552923255 0.9649767955126778
11.519173063162574 0.9688371130707948
11.728612573401893 0.9737598252988169
11.938052083641214 0.9837104500783488
12.147491593880533 0.9707508665829256
12.356931104119852 0.9659117364829517
12.566370614359172 0.9853340328799448
12.775810124598491 0.992767652273694
12.98524963483781 0.9835506298395145
13.194689145077131 0.9587929617088249
13.40412865531645 0.9609494795055455
13.613568165555769 0.9737565001897628
13.82300767579509 0.9688930057641498
14.032447186034409 0.9685042579376949
14.241886696273728 0.9868272723029555
14.451326206513048 0.976562422494071
14.660765716752367 0.9820562023823508
14.870205226991686 0.9786742809330393
15.079644737231007 0.9654069579182555
15.289084247470326 0.9706027610723098
15.498523757709645 0.9733422876701511
