# r  Cs(r) [pure estimator]
0.05 0.00018139297053766472
0.15000000000000002 0.00017208179769152124
0.25 0.00018602380055441533
0.35000000000000003 0.00019067933244963552
0.45 0.00017686294994212818
0.55 0.0001787508138188118
0.65 0.00017660716429348277
0.75 0.00017850709601677854
0.8500000000000001 0.00018177340865305712
0.9500000000000001 0.0001870396417347623
1.05 0.00018498349725343518
1.1500000000000001 0.0001737406230252828
1.25 0.00017541020839202277
1.35 0.00017982992383125735
1.4500000000000002 0.0001885121865930883
1.55 0.00018805287402226658
1.6500000000000001 0.00017766346732350915
1.75 0.00018728095064244208
1.85 0.00017896650918734248
1.9500000000000002 0.00017673882717350256
2.0500000000000003 0.0001685932391232171
2.15 0.00018653748394898326
2.25 0.00017757267398907646
2.35 0.00017768827202296018
2.45 0.0001800525264582906
2.5500000000000003 0.00017761811320211727
2.6500000000000004 0.00018612752237114747
2.75 0.00017598562850005373
2.85 0.0001790884027577821
2.95 0.00018739067238412617
3.0500000000000003 0.00017801328695603107
3.1500000000000004 0.0001741646316216989
3.25 0.0001811906226949606
3.35 0.00018007971812294927
3.45 0.00017007758759555224
3.5500000000000003 0.00017261930493046136
3.6500000000000004 0.00017609123998351667
3.75 0.00017790247880665968
3.85 0.00018351139709220964
3.95 0.00017697294922144432
4.05 0.000170158244804515
4.15 0.0001772461580001021
4.25 0.00017580782270114432
4.3500000000000005 0.0001725033028348253
4.45 0.00017089885914183035
4.55 0.00018514089406904892
4.65 0.00018713099217658222
4.75 0.00017079481343571494
4.8500000000000005 0.000185422929461543
4.95 0.00018119931684443903
5.050000000000001 0.00017441585528962352
5.15 0.00018106982377447575
5.25 0.00017816728527697632
5.3500000000000005 0.00017877059321852793
5.45 0.00017429411880634434
5.550000000000001 0.00017350360998059282
5.65 0.0001784826063580973
5.75 0.00016938041772702637
5.8500000000000005 0.0001817385187680851
5.95 0.00017932090451076366
6.050000000000001 0.00016748413329497507
6.15 0.00017085394427021521
6.25 0.0001762963150546818
6.3500000000000005 0.00018182052580111837
6.45 0.0001752698094496268
6.550000000000001 0.0001722952855954237
6.65 0.0001700602272743197
6.75 0.00018288420752721294
6.8500000000000005 0.00017608462505788915
6.95 0.00016704436365131263
7.050000000000001 0.00016926368130753048
7.15 0.0001743167595842433
7.25 0.00017757282817178554
7.3500000000000005 0.00016497707339532667
7.45 0.00017072629373890864
7.550000000000001 0.00017377204958773782
7.65 0.00017361999617267608
7.75 0.0001796603779335357
7.8500000000000005 0.00017025687674536693
7.95 0.0001781531850700121
8.05 0.0001732545911528025
8.15 0.00017566561121098114
8.25 0.0001771446582796992
8.35 0.00017844259921845752
8.450000000000001 0.0001770761677676291
8.55 0.0001808896465378119
8.65 0.00016506212012719996
8.75 0.00016951255112012916
8.85 0.0001751778826052562
8.950000000000001 0.00017555265586071103
9.05 0.0001744049710250364
9.15 0.00018460491817543976
9.25 0.00016214679997571374
9.35 0.00016606621256712978
9.450000000000001 0.0001749578539917999
9.55 0.0001821431818160071
9.65 0.00016785490775708624
9.75 0.00016818917516440703
9.850000000000001 0.00018480836760451775
9.950000000000001 0.0001813758069814131
