# r  Cs(r) [pure estimator]
0.025 5.0345536239078423e-5
0.07500000000000001 5.077487853270784e-5
0.125 4.834450336798994e-5
0.17500000000000002 5.1334557017274746e-5
0.225 5.934455536966169e-5
0.275 5.185051244004711e-5
0.325 5.558302348893723e-5
0.375 4.65966412559107e-5
0.42500000000000004 5.5206539142175816e-5
0.47500000000000003 6.394245299519067e-5
0.525 4.435173996723986e-5
0.5750000000000001 5.410023317126897e-5
0.625 5.086030426852717e-5
0.675 5.576069931307303e-5
0.7250000000000001 5.029803696260192e-5
0.775 4.8161464185606106e-5
0.8250000000000001 5.982091372785921e-5
0.875 5.463395116679393e-5
0.925 5.100329442401516e-5
0.9750000000000001 4.486622189590281e-5
1.0250000000000001 4.705658254415129e-5
1.075 5.645809618307531e-5
1.125 5.1573654885192796e-5
1.175 6.344001276662322e-5
1.225 5.142697806315819e-5
1.2750000000000001 4.3432925237517793e-5
1.3250000000000002 5.119303442398732e-5
1.375 4.4101037091133127e-5
1.425 5.644451929592817e-5
1.475 4.4497531687178975e-5
1.5250000000000001 5.3309845684392544e-5
1.5750000000000002 5.1085208054278676e-5
1.625 5.12451815957635e-5
1.675 6.353174142687832e-5
1.725 5.024001351519973e-5
1.7750000000000001 4.706266439187328e-5
1.8250000000000002 5.248588010871316e-5
1.875 5.517278936217269e-5
1.925 5.4478786927094846e-5
1.975 4.198662100152194e-5
2.025 5.094323710545365e-5
2.075 4.461407439433276e-5
2.125 5.156422860868027e-5
2.1750000000000003 5.5207788728264146e-5
2.225 4.8765182541345136e-5
2.275 4.2978828007625464e-5
2.325 5.007085896214714e-5
2.375 4.442791890433127e-5
2.4250000000000003 5.6978391439543074e-5
2.475 4.502192474576972e-5
2.5250000000000004 5.1779473473663806e-5
2.575 5.1455945085270285e-5
2.625 4.536575583453025e-5
2.6750000000000003 4.95820321396215e-5
2.725 5.0285942956103334e-5
2.7750000000000004 5.3255419209555196e-5
2.825 5.6786452711447304e-5
2.875 4.310143542518678e-5
2.9250000000000003 4.7232515372179636e-5
2.975 5.4300557945275266e-5
3.0250000000000004 6.25184377819217e-5
3.075 4.575734325390818e-5
3.125 5.200071206537449e-5
3.1750000000000003 5.948916901375927e-5
3.225 4.9527150128986556e-5
3.2750000000000004 4.780466275311766e-5
3.325 4.4877722211455445e-5
3.375 5.1499574941073086e-5
3.4250000000000003 5.223555868725095e-5
3.475 5.7389993818550745e-5
3.5250000000000004 4.6843652079458205e-5
3.575 4.031646745723306e-5
3.625 5.3957579430785354e-5
3.6750000000000003 5.21335605312852e-5
3.725 4.6825651832836174e-5
3.7750000000000004 4.96423976337838e-5
3.825 5.3502436984100425e-5
3.875 4.692185831753452e-5
3.9250000000000003 5.6712133274214725e-5
3.975 5.13509775198718e-5
4.025 5.1555427216771654e-5
4.075 4.9387767350742653e-5
4.125 5.047462213566449e-5
4.175 5.077320010443278e-5
4.2250000000000005 4.695196203662552e-5
4.275 5.4519050724741625e-5
4.325 5.6881832324322535e-5
4.375 4.766524961197679e-5
4.425 5.948390634095648e-5
4.4750000000000005 5.039584796953615e-5
4.525 5.169029370952351e-5
4.575 5.007593187364474e-5
4.625 4.924456033787444e-5
4.675 5.286311319401338e-5
4.7250000000000005 5.420919974475068e-5
4.775 5.833870595613456e-5
4.825 5.327264249702953e-5
4.875 4.721383279835098e-5
4.925000000000001 4.178508954589443e-5
4.9750000000000005 5.044717558059922e-5
