block_size         error    difference      rel_diff
-------------------------------------------------------
       2  1.072148e-08  4.433004e-09  4.134693e-01
       4  1.515449e-08  6.257045e-09  4.128840e-01
       8  2.141153e-08  8.815138e-09  4.117005e-01
      16  3.022667e-08  1.237567e-08  4.094289e-01
      32  4.260234e-08  1.726165e-08  4.051808e-01
      64  5.986400e-08  2.379524e-08  3.974883e-01
     128  8.365923e-08  3.208197e-08  3.834839e-01
     256  1.157412e-07  4.188557e-08  3.618899e-01
     512  1.576268e-07  5.203268e-08  3.301005e-01
    1024  2.096595e-07  6.088034e-08  2.903773e-01
    2048  2.705398e-07  7.160252e-08  2.646654e-01
    4096  3.421423e-07  9.496594e-08  2.775627e-01
    8192  4.371083e-07  1.235627e-07  2.826821e-01
   16384  5.606710e-07  1.584297e-07  2.825716e-01
   32768  7.191006e-07  1.853158e-07  2.577050e-01
   65536  9.044164e-07  1.463915e-07  1.618629e-01
  131072  1.050808e-06           ---           ---
