# block  <P^4>
1 0.0
2 0.21717076010409617
3 0.3375172827160511
4 0.439774182824797
5 0.4648489172839484
6 0.4171924208158788
7 0.530471398559054
8 0.42683732098765426
9 0.3643990469135802
10 0.40770541234567825
11 0.5705548108760127
12 0.5329883530864188
13 0.48499591234567474
14 0.5066978243978261
15 0.5255557047890344
16 0.5060569864197537
17 0.4674610716049354
18 0.570054402550701
19 0.44485774444444176
20 0.4397722629629627
21 0.49646534682830995
22 0.38894102222222265
23 0.5708162925925923
24 0.4687242296296272
25 0.3934520851851837
26 0.39334540767874365
27 0.3971722666666675
28 0.4823773567901228
29 0.5643754530864149
30 0.4535176070842718
31 0.442864718518521
32 0.5299082234567898
33 0.4828551007797887
34 0.47325380493826674
35 0.4524705456790118
36 0.4341610604938256
37 0.4812231098765398
38 0.42583214938271075
39 0.38498919135802556
40 0.44713553976887527
41 0.3806129747030991
42 0.4681190469135787
43 0.3964082140082117
44 0.4200490395061708
45 0.40309174730285857
46 0.40967583157583
47 0.43569199072532155
48 0.3889065123456777
49 0.3630686155291133
50 0.5282101691357999
51 0.5285865023864996
52 0.4482981320987696
53 0.3660813003622409
54 0.4551228197530826
55 0.38265979629629765
56 0.4481214185185178
57 0.35356431728395205
58 0.46591038641975346
59 0.5207744604938251
60 0.3809398271604941
61 0.4925590148148115
62 0.3870266538143099
63 0.42728302438302074
64 0.49873919135802497
65 0.4658103074074055
66 0.39391801111111235
67 0.4233976924310258
68 0.4926429632096294
69 0.37913428271605343
70 0.39315380370370406
71 0.4903041716049451
72 0.4436729851851831
73 0.45415210617283813
74 0.4372905691358008
75 0.4396925925925913
76 0.47370706049382183
77 0.3638595395061732
78 0.6007502768836122
79 0.5141567135802478
80 0.48076551728394995
81 0.3938238021238016
82 0.4948580432098762
83 0.3905282702455541
84 0.4312371938271578
85 0.39389269392849685
86 0.4288024061728402
87 0.5140471577804964
88 0.4893706037036999
89 0.43444123827160935
90 0.5836159604938227
91 0.4342994647328001
92 0.4462479594479572
93 0.42945743950617093
94 0.42930023086419566
95 0.42360743456790106
96 0.464111151892627
97 0.466882338649005
98 0.4503641382716048
99 0.41765173827160523
100 0.4223739024691357
101 0.4354471790123471
102 0.4051657021990354
103 0.46828705308641855
104 0.5462173061728397
105 0.48821846049382
106 0.3966546987654308
107 0.34342355555555554
108 0.4114911666666658
109 0.337326896031837
110 0.37265154320987537
111 0.42431896172839195
112 0.3784050222222208
113 0.47904718491384823
114 0.469933507407408
115 0.4118693010693011
116 0.4633570768299174
117 0.5568332271604932
118 0.439842648821664
119 0.381907328395062
120 0.41554456790123184
121 0.4185583098765428
122 0.3879348873348888
123 0.37254701728395306
124 0.6040035396702024
125 0.4507692270692244
126 0.44525305923207
127 0.40762512469135653
128 0.3754850172839507
129 0.5308457419124136
130 0.425709185185183
131 0.396706039506173
132 0.3954170827160521
133 0.469211545244875
134 0.4408852987654297
135 0.4514813801455756
136 0.4499919160493806
137 0.48502116543209656
138 0.5041986605986523
139 0.4038832802469096
140 0.4893701631701667
141 0.47221544754630995
142 0.4231285987654297
143 0.42662102469135454
144 0.44876270123456674
145 0.43542831349868444
146 0.49610393232738836
147 0.5181308666666645
148 0.41347930617283934
149 0.41757650246913464
150 0.44978945432098655
151 0.4071218687823578
152 0.47345369012345623
153 0.5578118983180737
154 0.44577333012024156
155 0.47995985491663956
156 0.47098287901234265
157 0.39499046701021856
158 0.45202942366275295
159 0.39519501106044735
160 0.5351047543209878
161 0.4920704765432134
162 0.3310902135802461
163 0.4770994839506163
164 0.5041212836546218
165 0.3541638552132404
166 0.43271228395061734
167 0.3684864049382718
168 0.4792109059676972
169 0.429449104938268
170 0.3690823197530861
171 0.37019781946448826
172 0.3792178567901242
173 0.40308746666666734
174 0.4245131773749025
175 0.46203250040163185
176 0.48581241967908406
177 0.5316619728395047
178 0.38590092962963213
179 0.38226360246913804
180 0.42070500123456883
181 0.3856657679012371
182 0.42770538518518403
183 0.36523872917206146
184 0.42420368518518414
185 0.43550875914208875
186 0.40933714691357465
187 0.5122615518518472
188 0.4453206790123403
189 0.5491200654320978
190 0.44122772469135724
191 0.3554728691062024
192 0.32429093333333353
193 0.4014276555555539
194 0.46020984320987274
195 0.5998540484207189
196 0.40090760967428
197 0.30379278765432427
198 0.439845555555553
199 0.4123022259259259
200 0.5525399456790073
201 0.4034012839506154
202 0.44884399103028033
203 0.45897294691357676
204 0.4430590234567898
205 0.3206684839506201
206 0.38759946966613645
207 0.44021229629629116
208 0.48223224814814586
