# block  <|P|>
1 0.0
2 0.6378954378954246
3 0.7520999999999974
4 0.8063730397063802
5 0.816499999999997
6 0.7898231564898178
7 0.8398732065398696
8 0.7932666666666635
9 0.7656666666666687
10 0.7861999999999991
11 0.8511465603190272
12 0.8450666666666556
13 0.8211666666666713
14 0.8295371295371354
15 0.8380619380619355
16 0.8322999999999974
17 0.8197333333333374
18 0.8528528528528564
19 0.8089666666666692
20 0.8034999999999967
21 0.8226226226226183
22 0.7836000000000025
23 0.8532333333333362
24 0.8115333333333332
25 0.7873666666666715
26 0.7720279720279669
27 0.7777333333333313
28 0.8218333333333291
29 0.8546999999999972
30 0.8136197136197121
31 0.8068666666666643
32 0.8462333333333181
33 0.8253920587253946
34 0.8195999999999967
35 0.811666666666672
36 0.8047666666666659
37 0.8147666666666697
38 0.7960333333333396
39 0.7799666666666667
40 0.8090243090243104
41 0.7798131464798103
42 0.8167333333333382
43 0.7822843822843859
44 0.7977999999999965
45 0.7818151484818103
46 0.7939726939726973
47 0.8000999000999085
48 0.7788333333333396
49 0.766399733066395
50 0.8386333333333298
51 0.8415584415584351
52 0.8011666666666544
53 0.7678975382568148
54 0.8076000000000072
55 0.7740333333333258
56 0.8015000000000005
57 0.7608333333333315
58 0.8193666666666608
59 0.8338333333333353
60 0.7771333333333278
61 0.8297999999999971
62 0.7712379045712325
63 0.7853146853146774
64 0.8291666666666628
65 0.8147666666666579
66 0.7828333333333335
67 0.8010989010988987
68 0.8265401265401242
69 0.7722333333333277
70 0.7822333333333339
71 0.8257666666666549
72 0.806133333333329
73 0.8074666666666604
74 0.8050999999999955
75 0.8031698365031662
76 0.8203666666666576
77 0.766566666666671
78 0.8719280719280592
79 0.8339333333333298
80 0.8285666666666575
81 0.7839160839160891
82 0.8272333333333287
83 0.7837504170837466
84 0.8024333333333371
85 0.781681681681672
86 0.7955000000000007
87 0.8350982350982264
88 0.8274333333333318
89 0.7969666666666672
90 0.8546666666666609
91 0.8022977022976939
92 0.8091908091908009
93 0.8025999999999965
94 0.7976333333333337
95 0.7925999999999938
96 0.8136469803136498
97 0.8156177156177116
98 0.8073999999999981
99 0.7868000000000004
100 0.7918333333333273
101 0.8006333333333328
102 0.7831834831834797
103 0.8140333333333387
104 0.8454666666666695
105 0.8299000000000099
106 0.7824666666666605
107 0.7556666666666654
108 0.7912333333333291
109 0.7509843176509814
110 0.7711333333333368
111 0.7902333333333238
112 0.7690666666666701
113 0.8191142191142191
114 0.8178999999999996
115 0.786280386280385
116 0.8159159159159121
117 0.8530666666666589
118 0.8076409743076315
119 0.7738666666666668
120 0.7898666666666663
121 0.7940333333333429
122 0.7802863802863764
123 0.768199999999993
124 0.8709956709956609
125 0.8084249084249127
126 0.8069736403069814
127 0.7852333333333376
128 0.7707333333333336
129 0.842224442224433
130 0.7929999999999994
131 0.782133333333333
132 0.782233333333337
133 0.8164835164835147
134 0.8007333333333306
135 0.8048715382048683
136 0.8050000000000026
137 0.8253999999999918
138 0.8363636363636429
139 0.7809000000000027
140 0.8245088245088209
141 0.8210877544210815
142 0.796033333333332
143 0.8031999999999995
144 0.8052666666666606
145 0.8047047047047002
146 0.8211211211211281
147 0.8388666666666609
148 0.791466666666671
149 0.7929000000000038
150 0.8072666666666645
151 0.7900900900901002
152 0.8212999999999961
153 0.8526526526526411
154 0.8127127127127192
155 0.8236569903236585
156 0.8139333333333367
157 0.7849849849849859
158 0.8084915084915086
159 0.7863530196863461
160 0.8432999999999902
161 0.8230666666666602
162 0.7453000000000082
163 0.8235333333333353
164 0.830902430902419
165 0.7617617617617551
166 0.8013999999999984
167 0.7730000000000015
168 0.8163163163163193
169 0.7983000000000027
170 0.7599666666666706
171 0.7678321678321602
172 0.7631999999999983
173 0.781599999999999
174 0.7977310643977317
175 0.8160493827160538
176 0.8233100233100213
177 0.8395999999999959
178 0.7785000000000016
179 0.7761999999999966
180 0.7997000000000022
181 0.779733333333341
182 0.8014000000000083
183 0.7653013653013687
184 0.794300000000002
185 0.8041625041625058
186 0.7867666666666698
187 0.834633333333338
188 0.8069999999999974
189 0.8464999999999848
190 0.8069666666666614
191 0.7602730602730714
192 0.7418666666666668
193 0.7852333333333359
194 0.814566666666672
195 0.863369963369963
196 0.7901764901764844
197 0.7313333333333328
198 0.7959999999999976
199 0.7885666666666625
200 0.8523333333333263
201 0.7817333333333235
202 0.8022621423819004
203 0.8104333333333364
204 0.8088999999999887
205 0.7428000000000017
206 0.7762903762903665
207 0.8055333333333343
208 0.8261666666666663
