# r  Cs(r) [pure estimator]
0.15 3.7654529103241454e-5
0.44999999999999996 3.8971935346056714e-5
0.75 3.642526686354049e-5
1.05 3.5320119241852775e-5
1.3499999999999999 3.6234811105035884e-5
1.65 3.378352784292706e-5
1.95 3.256400853999263e-5
2.25 3.598129129143069e-5
2.55 3.378394691160817e-5
2.85 3.274771762852796e-5
3.15 2.9691228883230956e-5
3.4499999999999997 3.416753109277399e-5
3.75 3.338436296788667e-5
4.05 3.1844474706358697e-5
4.35 3.0362137641412684e-5
4.6499999999999995 3.302826995617891e-5
4.95 3.04267830986943e-5
5.25 3.153627014757262e-5
5.55 3.171146236531246e-5
5.85 3.216377202601329e-5
6.1499999999999995 3.152501453128687e-5
6.45 2.9216153105025304e-5
6.75 3.073785968511943e-5
7.05 2.8085821304371514e-5
7.35 3.1461980600976635e-5
7.6499999999999995 2.877974465309697e-5
7.949999999999999 3.101281967240452e-5
8.25 3.0990103524020695e-5
8.549999999999999 2.659913298514186e-5
8.85 2.7282019024219345e-5
9.15 2.838955203629186e-5
9.45 2.860243306415236e-5
9.75 3.0008377027363666e-5
10.049999999999999 2.6496886185727927e-5
10.35 2.6866068113423213e-5
10.65 2.418623591049285e-5
10.95 2.6431214379989704e-5
11.25 2.9822365754651714e-5
11.549999999999999 2.66161661847387e-5
11.85 2.5358059532764494e-5
12.15 2.836174652808815e-5
12.45 2.3312999460109783e-5
12.75 2.521339093750091e-5
13.049999999999999 2.3651401475498165e-5
13.35 2.1758380684218433e-5
13.65 2.5693814281199454e-5
13.95 2.3684867581727284e-5
14.25 2.44586286547329e-5
14.549999999999999 2.3939226516294727e-5
14.85 2.221393279914267e-5
15.149999999999999 2.8962397425405507e-5
15.45 2.644285270859006e-5
15.75 2.7791582868348176e-5
16.05 2.1959256770881647e-5
16.349999999999998 2.568658269938887e-5
16.65 2.525982130975111e-5
16.95 2.331497883348607e-5
17.25 2.5554541497809475e-5
17.55 2.5896643462890698e-5
17.849999999999998 2.17130285634453e-5
18.15 2.0553889329730024e-5
18.45 2.5257867180987682e-5
18.75 2.42972524885882e-5
19.05 2.4358468485661058e-5
19.349999999999998 2.3260513607826497e-5
19.65 2.621414549052649e-5
19.95 2.3934807003052486e-5
20.25 2.4006959549936036e-5
20.55 2.5830902622658594e-5
20.849999999999998 2.3144138704728862e-5
21.15 2.125577412079012e-5
21.45 2.4128341841395468e-5
21.75 1.9339392518555045e-5
22.05 2.311161965243225e-5
22.349999999999998 2.3649185501108005e-5
22.65 2.2036993701974144e-5
22.95 2.2679698088171932e-5
23.25 2.5346375424698098e-5
23.55 2.1865995316943642e-5
23.849999999999998 2.394537070826402e-5
24.15 1.9620146993194647e-5
24.45 1.785664687226177e-5
24.75 2.0671299810792087e-5
25.05 1.901339221787765e-5
25.349999999999998 2.1597608674549287e-5
25.65 2.0982702073193977e-5
25.95 2.239055757489736e-5
26.25 2.0399803814402303e-5
26.55 2.6315649989510184e-5
26.849999999999998 2.0537406142706238e-5
27.15 2.0865342117433132e-5
27.45 2.113563137073489e-5
27.75 2.11363176281415e-5
28.05 1.9972045434790456e-5
28.349999999999998 2.2385805701738894e-5
28.65 2.1673157881347323e-5
28.95 1.9471741447480626e-5
29.25 2.0660937926445164e-5
29.549999999999997 1.9883329391633018e-5
29.849999999999998 1.9281605104607202e-5
