# P_value  count
-1.0 0.0
-0.9666666666666667 0.0
-0.9333333333333333 0.0
-0.9 0.0
-0.8666666666666667 0.0
-0.8333333333333334 0.0
-0.8 0.0
-0.7666666666666667 0.0
-0.7333333333333333 18.0
-0.7 27.0
-0.6666666666666666 4.0
-0.6333333333333333 69.0
-0.6 248.0
-0.5666666666666667 303.0
-0.5333333333333333 430.0
-0.5 858.0
-0.4666666666666667 1100.0
-0.43333333333333335 1523.0
-0.4 1950.0
-0.36666666666666664 3082.0
-0.3333333333333333 4002.0
-0.3 5114.0
-0.26666666666666666 6340.0
-0.23333333333333334 7313.0
-0.2 8315.0
-0.16666666666666666 10018.0
-0.13333333333333333 10438.0
-0.1 12435.0
-0.06666666666666667 11497.0
-0.03333333333333333 12851.0
0.0 13732.0
0.03333333333333333 11856.0
0.06666666666666667 12379.0
0.1 11540.0
0.13333333333333333 10442.0
0.16666666666666666 9026.0
0.2 8611.0
0.23333333333333334 6871.0
0.26666666666666666 5618.0
0.3 4804.0
0.3333333333333333 3440.0
0.36666666666666664 2602.0
0.4 1723.0
0.43333333333333335 1287.0
0.4666666666666667 841.0
0.5 722.0
0.5333333333333333 469.0
0.5666666666666667 141.0
0.6 193.0
0.6333333333333333 55.0
0.6666666666666666 20.0
0.7 6.0
0.7333333333333333 0.0
0.7666666666666667 48.0
0.8 0.0
0.8333333333333334 0.0
0.8666666666666667 0.0
0.9 0.0
0.9333333333333333 0.0
0.9666666666666667 0.0
1.0 0.0
