# k  S_s(k)
0.0 0.0
0.20943951023931953 0.45645110094319846
0.41887902047863906 1.6925968242791385
0.6283185307179586 0.4312454657585641
0.8377580409572781 1.4926017224676575
1.0471975511965976 1.7255549948796647
1.2566370614359172 0.8727600744349926
1.4660765716752366 0.8353503853687073
1.6755160819145563 1.0468956469410993
1.8849555921538759 1.1477854204460225
2.0943951023931953 1.0955991568412942
2.3038346126325147 1.3755288526503266
2.5132741228718345 0.8404269354993835
2.722713633111154 1.0706612868603316
2.9321531433504733 0.9728569831844502
3.141592653589793 1.0200971437178528
3.3510321638291125 1.1106024231160965
3.560471674068432 1.0279747693941181
3.7699111843077517 1.0723106699803062
3.979350694547071 1.0651998808717267
4.1887902047863905 0.8741524001156714
4.39822971502571 0.9722225904917376
4.607669225265029 0.8556480098303962
4.817108735504349 1.121618579503345
5.026548245743669 0.978476676641733
5.235987755982988 0.9132129950310871
5.445427266222308 1.000840102864166
5.654866776461628 1.0161527177940177
5.864306286700947 0.8799139001165049
6.073745796940266 0.9266287957809
6.283185307179586 1.0083917553588846
6.492624817418905 0.9653636715416729
6.702064327658225 0.9610857833180272
6.911503837897545 0.9952664382894393
7.120943348136864 1.0382338272130487
7.330382858376184 0.960286296536429
7.5398223686155035 0.9440063219021192
7.749261878854822 0.9590098343597819
7.958701389094142 1.0335896103255222
8.168140899333462 0.9762853618943099
8.377580409572781 0.9531606266146789
8.5870199198121 1.0005525849965904
8.79645943005142 1.0439853813759008
9.00589894029074 0.9366588596878656
9.215338450530059 0.921350676089992
9.42477796076938 1.0022124830087529
9.634217471008698 1.014132845191333
9.843656981248017 1.020329987052472
10.053096491487338 1.0625403953212833
10.262536001726657 0.9626443663077184
10.471975511965976 0.9471782750831352
10.681415022205297 1.0132563920323372
10.890854532444616 1.0618020638555101
11.100294042683934 0.9634205996043691
11.309733552923255 1.029035556163792
11.519173063162574 1.017332625281532
11.728612573401893 1.00965864025444
11.938052083641214 1.0056461506970829
12.147491593880533 0.9873101415007091
12.356931104119852 0.9652392117513127
12.566370614359172 1.0724559004212009
12.775810124598491 0.9855951326505584
12.98524963483781 1.0123724386912525
13.194689145077131 1.0308500200838415
13.40412865531645 0.9940381890884707
13.613568165555769 1.0078169902705658
13.82300767579509 1.0092398842706052
14.032447186034409 1.0076340552546312
14.241886696273728 1.0070166246200345
14.451326206513048 1.0100100537574408
14.660765716752367 0.9397610104781279
14.870205226991686 0.9429893958459
15.079644737231007 1.0290305934348078
15.289084247470326 0.9975102453412987
15.498523757709645 1.0360263228711013
15.707963267948966 0.9996586773501845
15.917402778188285 1.0205797945497097
16.126842288427603 0.9424487179903241
16.336281798666924 0.9512400646137166
16.54572130890624 1.0434805156216471
16.755160819145562 1.0198972547446992
16.964600329384883 1.0046796607908945
17.1740398396242 1.0615072212584793
17.38347934986352 1.0177360376706543
17.59291886010284 0.9879508124390097
17.80235837034216 1.0369464152236627
18.01179788058148 1.0457014342884736
18.2212373908208 0.9712727954748676
18.430676901060117 0.9719059974142112
18.640116411299438 1.0138850551577598
18.84955592153876 0.9247558893257337
19.058995431778076 1.03298205149485
19.268434942017397 0.9630827482580784
19.477874452256717 1.0089937773256417
19.687313962496034 0.9991349569736675
19.896753472735355 0.9832704725296113
20.106192982974676 0.9638597932918348
20.315632493213993 0.978857555238199
20.525072003453314 0.9548387206138207
20.734511513692635 0.9801202603000374
