# k  S_n(k)
0.0 50.0
0.12566370614359174 0.283284026331345
0.25132741228718347 1.0585454631900664
0.3769911184307752 0.9728868017060066
0.5026548245743669 0.6718721053350332
0.6283185307179586 0.2600193899618646
0.7539822368615504 0.49206787240757427
0.8796459430051422 1.1697470581818843
1.0053096491487339 1.1097449392130647
1.1309733552923256 0.44030673977673607
1.2566370614359172 0.44655120498279277
1.3823007675795091 1.2496662903666689
1.5079644737231008 0.4500313134475634
1.6336281798666925 0.8540539425509758
1.7592918860102844 0.6253944155954649
1.884955592153876 0.6840744489250355
2.0106192982974678 1.0547350614482491
2.1362830044410597 0.8096138946908547
2.261946710584651 0.9707887050077849
2.387610416728243 1.0398749515945311
2.5132741228718345 1.204188156062283
2.6389378290154264 1.207063015805982
2.7646015351590183 1.1084229067132285
2.8902652413026098 1.3463186334631823
3.0159289474462017 1.26657194326288
3.1415926535897936 0.8732384362558752
3.267256359733385 0.9050228290745249
3.392920065876977 0.9179505783871025
3.518583772020569 0.9615964669991677
3.6442474781641603 1.1126049048021402
3.769911184307752 1.1726407750341523
3.8955748904513436 0.8315017992484136
4.0212385965949355 0.9882955123407987
4.1469023027385274 1.107690606569266
4.272566008882119 0.9086955905631501
4.39822971502571 1.1104350085738246
4.523893421169302 0.869367726762766
4.649557127312894 1.0650501018437997
4.775220833456486 0.9364570656039297
4.900884539600078 0.9542311838347356
5.026548245743669 0.8501897635097887
5.152211951887261 1.100221923172602
5.277875658030853 0.9429001092127973
5.403539364174445 0.9345870528483181
5.529203070318037 1.051564353559408
5.6548667764616285 0.9318937035267233
5.7805304826052195 0.9880648460129138
5.906194188748811 1.0844835142069058
6.031857894892403 1.04025954971546
6.157521601035995 0.9122791350367655
6.283185307179587 0.92094989561959
6.408849013323178 1.0171622674495784
6.53451271946677 1.0170727714605856
6.660176425610362 0.9869109347682796
6.785840131753954 1.063236611426397
6.911503837897546 1.0085786282130553
7.037167544041138 1.1110194953331534
7.162831250184729 1.0975946179729121
7.288494956328321 1.097548780770082
7.4141586624719125 1.0089644082037312
7.539822368615504 0.9889907799654815
7.665486074759096 1.0072977075119878
7.791149780902687 0.9533614254881946
7.916813487046279 0.9801237410063678
8.042477193189871 0.983292950701968
8.168140899333462 1.0728917631938737
8.293804605477055 0.9387418663943079
8.419468311620646 1.1223199596027489
8.545132017764239 0.9850382787283564
8.67079572390783 0.8980802398499992
8.79645943005142 0.9645298310768449
8.922123136195014 0.9958967728061694
9.047786842338605 0.975328288298426
9.173450548482197 1.0378735713573581
9.299114254625788 1.0258203354713928
9.42477796076938 1.0599980335877703
9.550441666912972 0.9466103776884867
9.676105373056563 1.0486399687025898
9.801769079200156 1.0382366515205965
9.927432785343747 0.9432881296067177
10.053096491487338 1.0907880961734417
10.17876019763093 0.9967382080030248
10.304423903774522 1.0300130126472256
10.430087609918115 1.0096858031927423
10.555751316061706 0.9744094295542278
10.681415022205298 0.94352704182059
10.80707872834889 0.974467260729488
10.93274243449248 0.9729680090928942
11.058406140636073 0.980424520866718
11.184069846779664 0.9934184531855017
11.309733552923257 0.9566671172377706
11.435397259066848 0.9133116825381503
11.561060965210439 0.9168395343066642
11.686724671354032 0.9458125294884867
11.812388377497623 0.9436794153398966
11.938052083641216 0.9553269974421268
12.063715789784807 0.9979329546092357
12.189379495928398 1.0244716645325733
12.31504320207199 1.0199322962088493
12.440706908215581 0.9504010670430656
