0.125 0.9061986394557823
0.375 0.9319292517006803
0.625 0.9292136054421769
0.875 0.9141469387755102
1.125 0.9555891156462585
1.375 1.0155510204081633
1.625 1.0412408163265305
1.875 1.0838530612244899
2.125 1.0685278911564626
2.375 1.039295238095238
2.625 1.067099319727891
2.875 1.0276054421768708
3.125 1.0261414965986395
3.375 1.0172163265306122
3.625 1.0162884353741497
3.875 1.0350721088435375
4.125 1.053956462585034
4.375 1.017738775510204
4.625 1.0261306122448979
4.875 1.0185333333333333
5.125 1.0013414965986394
5.375 0.9781795918367346
5.625 0.980887074829932
5.875 0.9912081632653061
6.125 1.0061823129251701
6.375 0.9734748299319728
6.625 0.9859455782312925
6.875 0.9939891156462585
7.125 0.9565904761904762
7.375 0.9136734693877551
7.625 0.9619673469387755
7.875 1.002699319727891
8.125 0.9954367346938775
8.375 0.9953360544217688
8.625 0.9502557823129252
8.875 0.9624897959183674
9.125 0.9466857142857142
9.375 0.9251673469387756
9.625 0.9276707482993197
9.875 0.9173795918367347
10.125 0.9008952380952381
10.375 0.9017142857142857
10.625 0.9034340136054422
10.875 0.9155755102040817
11.125 0.902043537414966
11.375 0.9195727891156462
11.625 0.9185632653061224
11.875 0.9580136054421768
12.125 0.9521904761904761
12.375 0.9845605442176871
12.625 0.994712925170068
12.875 1.0307374149659865
13.125 1.0309115646258504
13.375 1.0539156462585033
13.625 1.058451700680272
13.875 1.0845795918367347
14.125 1.0759755102040816
14.375 1.0297904761904761
14.625 1.0388380952380953
14.875 1.0197768707482993
15.125 0.9869251700680272
15.375 1.0159238095238095
15.625 1.000704761904762
15.875 1.0126367346938776
16.125 1.073934693877551
16.375 1.0209877551020408
16.625 1.0239238095238095
16.875 1.0186448979591838
17.125 0.9809904761904762
17.375 1.0126421768707483
17.625 1.0045659863945577
17.875 1.0038204081632653
18.125 0.9891265306122449
18.375 1.0418585034013605
18.625 1.0126938775510204
18.875 1.0027401360544217
19.125 1.0290585034013606
19.375 1.0607891156462586
19.625 1.0666285714285715
19.875 1.049855782312925
20.125 1.0395401360544219
20.375 1.0653632653061225
20.625 1.036974149659864
20.875 0.9929061224489796
21.125 0.9515918367346938
21.375 0.964508843537415
21.625 1.0224761904761905
21.875 1.0600244897959183
22.125 1.086413605442177
22.375 1.119186394557823
22.625 1.0814857142857144
22.875 1.0612925170068028
23.125 0.9587619047619048
23.375 0.9808625850340136
23.625 1.000669387755102
23.875 1.0362448979591836
24.125 0.969869387755102
24.375 0.989447619047619
24.625 0.9754095238095238
24.875 0.966378231292517
