# r  Cs(r) [pure estimator]
0.075 3.551641511845317e-5
0.22499999999999998 3.0379566963619822e-5
0.375 4.4582032668016534e-5
0.525 3.116819920461403e-5
0.6749999999999999 3.316018009826255e-5
0.825 3.290581051251835e-5
0.975 3.220745165218379e-5
1.125 4.2214767456655876e-5
1.275 3.314466153077099e-5
1.425 3.775397882966898e-5
1.575 3.153425953481837e-5
1.7249999999999999 2.8823577416612552e-5
1.875 3.1065078971017884e-5
2.025 3.335405992200117e-5
2.175 3.8340106665258286e-5
2.3249999999999997 3.4971457804805405e-5
2.475 2.717739862038384e-5
2.625 2.639349428897481e-5
2.775 3.4935950946369457e-5
2.925 3.644850015332509e-5
3.0749999999999997 3.8765162998976755e-5
3.225 2.5959173899788538e-5
3.375 3.240411398642068e-5
3.525 2.975258214405274e-5
3.675 3.0920755245758174e-5
3.8249999999999997 2.238943265274174e-5
3.9749999999999996 3.4132678137198154e-5
4.125 2.461042270084432e-5
4.2749999999999995 2.8458121402835885e-5
4.425 2.526629856395771e-5
4.575 2.3322890775084247e-5
4.725 3.7630094926476046e-5
4.875 2.5140207914647718e-5
5.0249999999999995 2.47623055457487e-5
5.175 1.9796624390343013e-5
5.325 3.335745469801099e-5
5.475 2.779516387576323e-5
5.625 2.829780012216208e-5
5.7749999999999995 2.7326180445641402e-5
5.925 2.464806728445978e-5
6.075 3.107437963509328e-5
6.225 3.24452048600043e-5
6.375 2.2555262480930152e-5
6.5249999999999995 2.759121561633213e-5
6.675 2.7489672625080973e-5
6.825 2.414228420778064e-5
6.975 3.803520123130105e-5
7.125 3.284768666526495e-5
7.2749999999999995 3.2234381356192505e-5
7.425 2.0973521930814873e-5
7.574999999999999 2.8993559199877977e-5
7.725 2.8565511950219022e-5
7.875 2.9097355918540933e-5
8.025 2.351984209194337e-5
8.174999999999999 2.2227896958521965e-5
8.325 2.2647653286811903e-5
8.475 3.624209219712647e-5
8.625 3.487786339618048e-5
8.775 2.105287414204231e-5
8.924999999999999 2.485692301884125e-5
9.075 3.360737465266242e-5
9.225 2.5727359667487978e-5
9.375 2.0111382148144554e-5
9.525 1.9944414183965466e-5
9.674999999999999 2.1851733739971808e-5
9.825 2.141692448807136e-5
9.975 2.295962379636816e-5
10.125 2.1827136886426466e-5
10.275 2.5932253388020864e-5
10.424999999999999 1.5684276977062136e-5
10.575 3.41466114714901e-5
10.725 3.331482411381764e-5
10.875 2.742944057455483e-5
11.025 2.0731534118648895e-5
11.174999999999999 2.587935416313376e-5
11.325 3.0052645510037224e-5
11.475 2.9382200201323863e-5
11.625 1.626629692632412e-5
11.775 1.9977043254477266e-5
11.924999999999999 2.052006492581909e-5
12.075 2.9533772473920384e-5
12.225 2.4851305260321706e-5
12.375 2.0692471596093415e-5
12.525 2.850373044783188e-5
12.674999999999999 1.9926060169054677e-5
12.825 2.7200264410471007e-5
12.975 1.4415643073347962e-5
13.125 1.5391837393636938e-5
13.275 2.443200001531338e-5
13.424999999999999 1.988352963376123e-5
13.575 1.6036236808029522e-5
13.725 1.806993704250784e-5
13.875 2.376471984082681e-5
14.025 3.019418009907902e-5
14.174999999999999 2.9514691635263068e-5
14.325 1.7932794031761173e-5
14.475 2.441450153999787e-5
14.625 2.4177722306833956e-5
14.774999999999999 1.6887331720126397e-5
14.924999999999999 1.7301189225279576e-5
