# k  S_n(k)
0.0 30.0
0.20943951023931953 0.61587457364159
0.41887902047863906 0.4649702958860345
0.6283185307179586 2.0729501639192236
0.8377580409572781 1.0743649880446906
1.0471975511965976 0.8588770689085461
1.2566370614359172 1.0734123905422337
1.4660765716752366 1.305653641103767
1.6755160819145563 1.1127663675932153
1.8849555921538759 0.9960815979302898
2.0943951023931953 0.8937701652744239
2.3038346126325147 1.0914131446892459
2.5132741228718345 1.028028772579495
2.722713633111154 0.8163408162783473
2.9321531433504733 0.8741772116779781
3.141592653589793 0.9917439792918128
3.3510321638291125 0.9996355341041229
3.560471674068432 0.8979082460307386
3.7699111843077517 0.9649736306934259
3.979350694547071 0.9570877152811195
4.1887902047863905 0.9278600828468113
4.39822971502571 1.0744170368490864
4.607669225265029 1.1435384989027746
4.817108735504349 0.9548713086027487
5.026548245743669 1.036662119773165
5.235987755982988 0.944016793825829
5.445427266222308 0.9503443247783664
5.654866776461628 1.0317439627299987
5.864306286700947 1.0576538928748787
6.073745796940266 0.9916240636911403
6.283185307179586 1.015546339448197
6.492624817418905 0.9937533138764731
6.702064327658225 0.9216827614981624
6.911503837897545 0.9691418111457885
7.120943348136864 0.8979254885567629
7.330382858376184 1.0360351535458192
7.5398223686155035 1.0045093076091007
7.749261878854822 1.0651232977303808
7.958701389094142 0.8911425486034273
8.168140899333462 0.9991862672038085
8.377580409572781 1.0223958802027835
8.5870199198121 1.0403798735338952
8.79645943005142 1.002812836459657
9.00589894029074 0.9856301929025458
9.215338450530059 1.0058852324506977
9.42477796076938 0.9875196331218395
9.634217471008698 1.0134630649437046
9.843656981248017 0.9587673256213999
10.053096491487338 1.0266610765884825
10.262536001726657 1.0273041284257285
10.471975511965976 1.0993651158249511
10.681415022205297 0.9806498574306911
10.890854532444616 1.0106247306838247
11.100294042683934 1.013478615064862
11.309733552923255 1.0344491557935722
11.519173063162574 1.0181959950368826
11.728612573401893 1.030955006128881
11.938052083641214 0.9931429623080315
12.147491593880533 1.0014957794979067
12.356931104119852 0.9705485933263085
12.566370614359172 0.9909667578303134
12.775810124598491 1.0138203779637112
12.98524963483781 0.9494339541661904
13.194689145077131 1.0032188405575133
13.40412865531645 0.9870111573337031
13.613568165555769 0.9849095792410748
13.82300767579509 1.0340279520160052
14.032447186034409 0.9861553779090471
14.241886696273728 1.031096982284155
14.451326206513048 0.9944578541773544
14.660765716752367 1.052494942772276
14.870205226991686 0.9763588531092219
15.079644737231007 1.056634211336619
15.289084247470326 0.9558977947185546
15.498523757709645 1.0043572329307136
15.707963267948966 0.9859992432600868
15.917402778188285 0.9931541397636495
16.126842288427603 0.9853810919902366
16.336281798666924 0.9927971964869082
16.54572130890624 0.9620645402477133
16.755160819145562 0.9542549684154688
16.964600329384883 0.9850849867109474
17.1740398396242 1.0265688132779336
17.38347934986352 0.99553698196674
17.59291886010284 1.0000380451260527
17.80235837034216 1.000174102796309
18.01179788058148 1.0168813747419483
18.2212373908208 1.0412023823738048
18.430676901060117 0.9991229730895862
18.640116411299438 0.9626895543385049
18.84955592153876 0.967124835922864
19.058995431778076 0.9933366625683905
19.268434942017397 0.9689608385214862
19.477874452256717 0.9757870993403496
19.687313962496034 1.0454499121594654
19.896753472735355 0.9684952567705847
20.106192982974676 1.0170282199808596
20.315632493213993 0.9867661069577107
20.525072003453314 1.0353332531173038
20.734511513692635 0.9703378559041985
