# r  Cs(r) [pure estimator]
0.075 0.0006527221253820116
0.22499999999999998 0.000660223571974476
0.375 0.0006708664009649451
0.525 0.0006501042591075718
0.6749999999999999 0.0006632571780711837
0.825 0.000657865199691656
0.975 0.0006561424695137135
1.125 0.0006538342648310605
1.275 0.0006441139532334973
1.425 0.0006598380160756199
1.575 0.0006780994537984328
1.7249999999999999 0.0006696654415802451
1.875 0.0006592335631118321
2.025 0.0006460298771385814
2.175 0.000659074521886511
2.3249999999999997 0.0006634013237320137
2.475 0.0006503302970204792
2.625 0.0006519854509193056
2.775 0.0006491123100807469
2.925 0.0006595334340837413
3.0749999999999997 0.0006440408570164058
3.225 0.0006406030950351673
3.375 0.0006320255128348655
3.525 0.000656072289054713
3.675 0.0006658579407241231
3.8249999999999997 0.0006581084775153606
3.9749999999999996 0.0006711515065931064
4.125 0.0006372664453378064
4.2749999999999995 0.0006594909144721859
4.425 0.0006625604381705983
4.575 0.0006568723127563553
4.725 0.0006541029502836076
4.875 0.0006483823189154729
5.0249999999999995 0.0006434222039492657
5.175 0.0006491217061569235
5.325 0.0006557740940635775
5.475 0.000650936267410155
5.625 0.0006464766445322051
5.7749999999999995 0.000642335851939974
5.925 0.0006702583474151553
6.075 0.0006424796423196047
6.225 0.0006292957959043624
6.375 0.0006437611423943852
6.5249999999999995 0.0006373726303118533
6.675 0.0006397748883811118
6.825 0.0006547464344860235
6.975 0.0006467333320147405
7.125 0.0006453760662950258
7.2749999999999995 0.0006117343612754139
7.425 0.0006458135464849429
7.574999999999999 0.0006401465048211519
7.725 0.0006670270597104503
7.875 0.000660545962934007
8.025 0.0006506367147121464
8.174999999999999 0.0006642173986030889
8.325 0.0006451536066351868
8.475 0.0006722309489704864
8.625 0.000658513821602205
8.775 0.0006591119972209481
8.924999999999999 0.0006438096576391499
9.075 0.0006620574378076321
9.225 0.0006420756339343767
9.375 0.000652416788522065
9.525 0.0006485115203458436
9.674999999999999 0.0006448494037380828
9.825 0.0006479388539700649
9.975 0.0006447989695665912
10.125 0.0006494375342656524
10.275 0.0006334142557661243
10.424999999999999 0.0006365720496168726
10.575 0.0006516808102240208
10.725 0.0006433951432868963
10.875 0.0006549356275389123
11.025 0.0006377403360945632
11.174999999999999 0.0006508775983334483
11.325 0.0006532975162203008
11.475 0.0006459527456558441
11.625 0.0006392318266306009
11.775 0.000654098245900303
11.924999999999999 0.0006544924121942845
12.075 0.0006621647000319019
12.225 0.0006662788332806374
12.375 0.0006460713474751257
12.525 0.0006568531064464423
12.674999999999999 0.0006479965108715102
12.825 0.0006452037357530668
12.975 0.0006539247739642947
13.125 0.0006559148540518523
13.275 0.0006563844895274296
13.424999999999999 0.0006695257939284952
13.575 0.0006633958893777315
13.725 0.0006351373686997268
13.875 0.0006725609387439127
14.025 0.0006499730215536403
14.174999999999999 0.0006409214064532646
14.325 0.0006671401121176916
14.475 0.0006481113523151629
14.625 0.0006329925783908431
14.774999999999999 0.0006472231630010518
14.924999999999999 0.000640514250132858
