# P_value  count
-1.0 11038.0
-0.9333333333333333 31396.0
-0.8666666666666667 54073.0
-0.8 44102.0
-0.7333333333333333 32053.0
-0.6666666666666666 17780.0
-0.6 8741.0
-0.5333333333333333 3589.0
-0.4666666666666667 2116.0
-0.4 764.0
-0.3333333333333333 117.0
-0.26666666666666666 41.0
-0.2 30.0
-0.13333333333333333 14.0
-0.06666666666666667 3.0
0.0 985.0
0.06666666666666667 0.0
0.13333333333333333 3.0
0.2 0.0
0.26666666666666666 0.0
0.3333333333333333 6.0
0.4 5.0
0.4666666666666667 40.0
0.5333333333333333 45.0
0.6 39.0
0.6666666666666666 175.0
0.7333333333333333 51.0
0.8 112.0
0.8666666666666667 15.0
0.9333333333333333 1.0
1.0 0.0
