# block  <P^2>
1 0.0
2 0.28947555555555277
3 0.686679999999997
4 0.6167333333333263
5 0.6480311111111111
6 0.46034666666666796
7 0.666800000000002
8 0.5946800000000025
9 0.6652933333333387
10 0.5329422222222178
11 0.5739511111111061
12 0.7229288888888772
13 0.5518821313836262
14 0.5367955555555581
15 0.5989866666666722
16 0.7950858535504565
17 0.6744711111111003
18 0.6634488888888977
19 0.6838844444444379
20 0.6977555333110876
21 0.8240559440559477
22 0.6334177777777814
23 0.6827333333333351
24 0.539866666666674
25 0.6503777777777697
26 0.863235555555556
27 0.6256400000000025
28 0.5301288888888874
29 0.8357644444444485
30 0.58413777777778
31 0.6955244444444433
32 0.5640311111111165
33 0.6220711111111099
34 0.6390444444444365
35 0.5717022222222231
36 0.6328016905794701
37 0.6219686353019586
38 0.7655344233122017
39 0.6557777777777775
40 0.6398398398398388
41 0.6844800000000085
42 0.7739199999999944
43 0.7639911111111082
44 0.6122700478256036
45 0.7077155555555562
46 0.6792629592629644
47 0.781742222222226
48 0.6977866666666658
49 0.6145777777777829
50 0.7855022222222209
51 0.5091288888888926
52 0.6655111111111104
53 0.7667999999999896
54 0.5901787101787127
55 0.5239066666666637
56 0.7297831164497819
57 0.600013333333334
58 0.5695422222222242
59 0.6174755555555513
60 0.7922399999999973
61 0.6558399999999994
62 0.5937377777777819
63 0.536773333333332
64 0.4825066666666636
65 0.5953422222222164
66 0.7454533333333413
67 0.7551866666666643
68 0.7411155555555535
69 0.7490222222222199
70 0.515991111111111
71 0.6931911111111084
72 0.6614525636747834
73 0.6223377777777793
74 0.7345955555555522
75 0.6742088888888803
76 0.6833733333333264
77 0.6995128461795055
78 0.6607822222222215
79 0.7005733333333327
80 0.726899766899759
81 0.575666666666672
82 0.6887687687687624
83 0.7210577777777798
84 0.6022510822510786
85 0.6739288888888908
86 0.6542987431876326
87 0.7456666666666603
88 0.569346666666669
89 0.7403199999999989
90 0.7551422222222202
91 0.6650222222222208
92 0.550049950049954
93 0.5319600000000062
94 0.7015955555555615
95 0.7299288888888872
96 0.6044399999999949
97 0.8268309468309509
98 0.651853333333327
99 0.6246331446331443
100 0.7268266666666705
101 0.6324622222222249
102 0.5889266289266306
103 0.7000844444444468
104 0.6405199999999972
105 0.5396730063396642
106 0.4645088245088322
107 0.6123511111111049
108 0.7483705928150333
109 0.7283333333333265
110 0.7056088888888916
111 0.8971511111111067
112 0.8869866666666656
113 0.8463866666666652
114 0.7103644444444425
115 0.5154888888888807
116 0.85664557664557
117 0.6871999999999998
118 0.9596799999999969
119 0.6458369480591809
120 0.6182177777777818
121 0.5069819069819054
122 0.536448888888887
123 0.6624133333333339
124 0.5972728283839415
125 0.5960133333333382
126 0.6546012679346002
127 0.5634825205967555
128 0.6233544233544152
129 0.870773333333326
130 0.7838799999999944
131 0.7820844444444409
132 0.7308780108780077
133 0.8084666666666612
134 0.6922311111111112
135 0.4714222222222161
136 0.6150266666666689
137 0.9303555555555535
138 0.7203955555555535
139 0.5863241018796558
140 0.6280266666666703
141 0.7351111111111087
142 0.6268755555555536
143 0.5250571650571619
144 0.7360594960594972
145 0.6589511111111115
146 0.7224977777777766
147 0.7767422222222153
148 0.65791555555556
149 0.5986711111111103
150 0.7072711111111059
151 0.8121955555555473
152 0.7580222222222193
153 0.7374980574980523
154 0.6328266666666663
155 0.6188133333333319
156 0.6725214102991873
157 0.6617333333333314
158 0.603360000000007
159 0.5453244444444474
160 0.6015081748415139
161 0.6229999999999896
162 0.5796336996336957
163 0.7067155555555493
164 0.7355488822155465
165 0.7773377777777754
166 0.6428266666666584
167 0.7599067599067524
168 0.742983745268315
169 0.45218666666666507
170 0.5603111111111092
171 0.6489200000000057
172 0.6376622222222107
173 0.8468888888888807
174 0.5907066666666665
175 0.6405777777777688
176 0.7182800000000016
177 0.5977822222222204
178 0.690066666666667
179 0.6530982479485538
180 0.7991377777777717
181 0.8958158158158036
182 0.7566167166167133
183 0.6786355555555625
184 0.6691599999999956
185 0.595915555555547
186 0.5688888888888955
187 0.7818444444444418
188 0.6229422222222215
189 0.6892799999999968
190 0.6142809476142811
191 0.7791142191142102
192 0.5736622222222241
193 0.777399621844062
194 0.5962177777777898
195 0.7726133333333287
196 0.7464844444444415
197 0.5788133333333308
198 0.7325244444444378
199 0.8675813075812947
200 0.5927066666666643
201 0.5725652125652166
202 0.5885022222222211
203 0.5753644444444462
204 0.6877066666666605
205 0.5276800000000003
206 0.6599689509869163
207 0.681431111111107
208 0.6994977777777803
