# block  <P^4>
1 0.0
2 0.09273331358024633
3 0.48856918518518827
4 0.3924756740740776
5 0.4635530864197551
6 0.23943668148148253
7 0.4642591999999952
8 0.3743891555555552
9 0.46420485925926097
10 0.29870095802469454
11 0.34700316049383073
12 0.5361410172839581
13 0.3242883694595195
14 0.31933295802468525
15 0.3833611851851767
16 0.6527847765345973
17 0.46314698271605287
18 0.4586251061728364
19 0.48620819753086564
20 0.50888122690592
21 0.7266479298479275
22 0.4303124345678999
23 0.4897370666666683
24 0.30357274074073926
25 0.44466668641975454
26 0.7709972543209862
27 0.41779478518518676
28 0.29872092839506487
29 0.7282921679012303
30 0.3635609086419772
31 0.5001353679012309
32 0.3379459753086401
33 0.42300559012345257
34 0.41425068641975804
35 0.34729775802469254
36 0.4148618346741789
37 0.3995574240907643
38 0.6046837158145785
39 0.4663883456790123
40 0.4339815964112335
41 0.49280071111111085
42 0.6217877333333383
43 0.596607012345677
44 0.4012777419394708
45 0.5212822913580187
46 0.5039255657922327
47 0.6397631209876623
48 0.5366837333333316
49 0.39401513086419293
50 0.6340688987654329
51 0.2811536987654291
52 0.4613035456790039
53 0.6083461925925893
54 0.36586818613485383
55 0.2940646518518543
56 0.541100448596742
57 0.3806241777777742
58 0.3700633876543157
59 0.4001340839506199
60 0.6458677333333309
61 0.4602221037036998
62 0.369265204938274
63 0.3038555259259236
64 0.2655089777777782
65 0.3619471802469175
66 0.5875141333333322
67 0.5854306962962957
68 0.5655563654321002
69 0.5776144987654291
70 0.2766532345679008
71 0.4904278123456759
72 0.4511557087952121
73 0.40521382716049353
74 0.5564261135802382
75 0.4632498765432116
76 0.49184740740741206
77 0.5061245541838081
78 0.45450848395061516
79 0.5009651555555545
80 0.5469753949753975
81 0.35744634074074205
82 0.5002887331776211
83 0.5469648197530943
84 0.3727639471639503
85 0.4865652543209851
86 0.4657827209926001
87 0.5610212148148028
88 0.33394494814814873
89 0.570177659259262
90 0.5903795950617255
91 0.47835595061729114
92 0.34133777333777143
93 0.3057856592592554
94 0.5154431802469178
95 0.5515672098765422
96 0.37549398518518745
97 0.7260216129549437
98 0.4349722666666723
99 0.41520425253758436
100 0.5713128296296303
101 0.4386305580246934
102 0.3681936828603476
103 0.5170099160493871
104 0.43327922962963206
105 0.29821792162533123
106 0.23228877788877203
107 0.3885455604938312
108 0.6050881498782683
109 0.5583652148148213
110 0.5127822617283917
111 0.8370611160493779
112 0.8190340740740685
113 0.7575416296296288
114 0.5255683160493883
115 0.2803378765432126
116 0.7663561722228319
117 0.501493570370372
118 0.9368410074074052
119 0.4289082761774132
120 0.4181697382716084
121 0.27036108582775326
122 0.31337159506172835
123 0.47164758518517913
124 0.37816463376956844
125 0.3845511703703646
126 0.4444260556853102
127 0.33100991118038475
128 0.39577384590718195
129 0.7898235259259186
130 0.635569718518522
131 0.6313320493827228
132 0.541120903787564
133 0.6693683555555583
134 0.512051990123455
135 0.24178137283950946
136 0.40549137777777566
137 0.889462795061726
138 0.5396523654321009
139 0.3588466886639746
140 0.42232805925925254
141 0.5715423604938209
142 0.4124240395061702
143 0.2947158125824798
144 0.5864296098962802
145 0.44748807901234333
146 0.5770317827160515
147 0.6167103802469118
148 0.4519020839506095
149 0.369841560493829
150 0.505344790123451
151 0.6927966024691304
152 0.5948453728395078
153 0.5507063997730576
154 0.4263309037037059
155 0.41295045925925933
156 0.46476513056265606
157 0.46873351111111844
158 0.3913599999999963
159 0.3164842271604894
160 0.3917322952582166
161 0.4061957333333356
162 0.34497792577792846
163 0.5140256987654332
164 0.5649567196826477
165 0.6214305382716008
166 0.4300650666666654
167 0.5877174677174657
168 0.5711110715257623
169 0.23161422222222466
170 0.3300764049382716
171 0.4495754074074041
172 0.4177403654321002
173 0.7269253135802445
174 0.36569285925926204
175 0.41969394567901996
176 0.5339796740740785
177 0.37705918024691476
178 0.4991044148148074
179 0.43979480052240805
180 0.6472748641975338
181 0.8152239350461485
182 0.5927796055796062
183 0.49371435061728963
184 0.48463875555556046
185 0.36835399506173166
186 0.33527932839506125
187 0.6359807012345715
188 0.40090409876543076
189 0.486941392592593
190 0.40584756608459893
191 0.6471253191253185
192 0.35756851358024344
193 0.6421261360125462
194 0.38395332345679245
195 0.6178987851851793
196 0.5744681679012382
197 0.34648219259259416
198 0.5429766716049295
199 0.7696846955513508
200 0.36454121481481633
201 0.3449588238921562
202 0.3778048987654301
203 0.3529476938271553
204 0.4909742222222183
205 0.2906569481481493
206 0.4537911239249847
207 0.4750259753086434
208 0.5198010271604976
