# block  <|P|>
1 0.0
2 0.5298666666666525
3 0.82459999999999
4 0.7817999999999937
5 0.7936666666666656
6 0.6641333333333348
7 0.8109333333333328
8 0.7645999999999945
9 0.8100666666666654
10 0.724533333333329
11 0.7519333333333393
12 0.8471333333333233
13 0.7372549019607842
14 0.7226000000000138
15 0.7671999999999912
16 0.8871385842472442
17 0.8192000000000002
18 0.810000000000004
19 0.8226666666666589
20 0.8300300300300222
21 0.8979020979020974
22 0.7884666666666631
23 0.8207333333333254
24 0.7305333333333368
25 0.8008666666666684
26 0.9245333333333333
27 0.7827333333333258
28 0.720599999999998
29 0.9084666666666628
30 0.7571333333333297
31 0.8298000000000048
32 0.7446000000000076
33 0.7766666666666765
34 0.7977999999999948
35 0.7499333333333356
36 0.7915915915915976
37 0.785385385385376
38 0.8709376042709329
39 0.7998666666666676
40 0.7931931931931848
41 0.8209333333333331
42 0.8743999999999889
43 0.8713333333333221
44 0.7751084417751113
45 0.8355999999999965
46 0.8119214119214091
47 0.8777333333333271
48 0.8246666666666725
49 0.7793333333333338
50 0.8823999999999843
51 0.7054666666666682
52 0.8105333333333363
53 0.8716000000000013
54 0.7635697635697583
55 0.7159333333333373
56 0.8522522522522482
57 0.7680666666666703
58 0.738600000000004
59 0.7794666666666635
60 0.8861333333333171
61 0.8009333333333282
62 0.7642000000000018
63 0.726533333333337
64 0.6803999999999975
65 0.7691999999999922
66 0.856466666666662
67 0.8656666666666567
68 0.8569999999999833
69 0.8617333333333226
70 0.7149333333333382
71 0.8302666666666654
72 0.8093426760093442
73 0.7828000000000028
74 0.8534666666666609
75 0.8187333333333364
76 0.8199333333333265
77 0.8323656990323708
78 0.8070666666666647
79 0.8347333333333307
80 0.8479520479520443
81 0.7510000000000042
82 0.8238905572238889
83 0.842666666666656
84 0.77322677322678
85 0.8121333333333304
86 0.7983983983983931
87 0.8624666666666697
88 0.7516666666666679
89 0.8555999999999859
90 0.8644666666666528
91 0.8062666666666555
92 0.72773892773893
93 0.722466666666666
94 0.8323333333333304
95 0.8495999999999903
96 0.7743333333333361
97 0.9014319014319019
98 0.804599999999988
99 0.7832833832833803
100 0.8434666666666603
101 0.7837333333333296
102 0.7606393606393631
103 0.8304666666666618
104 0.79433333333333
105 0.7319986653320055
106 0.6749916749916766
107 0.7784666666666583
108 0.8553219886553104
109 0.8464666666666557
110 0.8365333333333342
111 0.9409999999999933
112 0.9359999999999932
113 0.9121999999999996
114 0.8381333333333222
115 0.7119333333333419
116 0.9197469197469097
117 0.8215999999999901
118 0.9765333333333301
119 0.80053386720054
120 0.7764666666666565
121 0.7069597069597069
122 0.7242000000000068
123 0.8059333333333322
124 0.7660994327660984
125 0.763399999999992
126 0.8048048048048047
127 0.7466933867735464
128 0.7876789876789976
129 0.9274666666666584
130 0.8805999999999878
131 0.8800666666666542
132 0.8532800532800499
133 0.8957999999999798
134 0.8238666666666603
135 0.6784000000000061
136 0.7754000000000066
137 0.9599999999999993
138 0.8440666666666597
139 0.7604270937604148
140 0.7841333333333385
141 0.850800000000001
142 0.7860666666666644
143 0.7172827172827217
144 0.8454878454878322
145 0.8081333333333239
146 0.8334666666666574
147 0.8787333333333237
148 0.8059333333333375
149 0.7703333333333389
150 0.839733333333337
151 0.8945333333333235
152 0.8660666666666651
153 0.8573426573426609
154 0.7881333333333284
155 0.7776666666666727
156 0.8168168168168202
157 0.8059999999999853
158 0.7684000000000011
159 0.7319999999999989
160 0.7667667667667741
161 0.7844666666666698
162 0.7585747585747543
163 0.8369999999999942
164 0.852786119452768
165 0.8779333333333156
166 0.7971999999999976
167 0.8695304695304621
168 0.857915831663319
169 0.6588000000000028
170 0.7428000000000029
171 0.7975333333333365
172 0.7956000000000042
173 0.9181333333333129
174 0.7639333333333396
175 0.7973333333333213
176 0.8435333333333239
177 0.7669999999999968
178 0.8246000000000017
179 0.8045908183632732
180 0.8921333333333196
181 0.9442108775441894
182 0.8654678654678587
183 0.8153999999999924
184 0.809133333333326
185 0.767933333333329
186 0.7506666666666717
187 0.8787333333333138
188 0.7857333333333408
189 0.8271999999999985
190 0.7751084417751103
191 0.873792873792855
192 0.7484000000000066
193 0.8739406072739347
194 0.7644666666666666
195 0.8749333333333374
196 0.8603333333333264
197 0.7568666666666647
198 0.8541333333333386
199 0.9284715284715135
200 0.7659333333333342
201 0.7511155511155543
202 0.7568666666666711
203 0.7524666666666667
204 0.8242666666666658
205 0.7220000000000024
206 0.8071856287425194
207 0.8230666666666628
208 0.8288666666666585
