# block  <P^2>
1 0.0
2 0.0747122222222223
3 0.1255477855477863
4 0.19018777777777912
5 0.16633777777777767
6 0.18479000000000068
7 0.1298633333333335
8 0.1685771543086164
9 0.20745222222222282
10 0.19421666666666623
11 0.17685111111111096
12 0.19998333333333404
13 0.20996669996670128
14 0.20545111111111128
15 0.20743222222222277
16 0.16064444444444534
17 0.12660111111111066
18 0.19242888888888898
19 0.17720555555555462
20 0.14244333333333295
21 0.18685129574018366
22 0.129381603826048
23 0.19916444444444553
24 0.2109011111111121
25 0.14513333333333253
26 0.17592444444444336
27 0.18446224001779526
28 0.15417666666666666
29 0.14197777777777834
30 0.16003777777777692
31 0.2102055555555555
32 0.20148111111111222
33 0.11253222222222302
34 0.15249111111111077
35 0.22591888888888886
36 0.1914699999999987
37 0.1875266666666649
38 0.1510333333333342
39 0.14993444444444418
40 0.15594738594738536
41 0.15621888888889013
42 0.19166333333333171
43 0.17333333333333342
44 0.1657166666666663
45 0.17095793095792974
46 0.1358977777777782
47 0.1906511111111113
48 0.16427111111111029
49 0.15315888888888962
50 0.15813035257479793
51 0.13562333333333354
52 0.25501000000000107
53 0.16417666666666705
54 0.15910555555555528
55 0.15311910311910285
56 0.19171222222222223
57 0.3119986653320045
58 0.26807
59 0.2207900000000003
60 0.1481533333333319
61 0.1332988888888886
62 0.20911888888889021
63 0.2471419076105026
64 0.1643411111111114
65 0.1550595039483936
66 0.1666255555555542
67 0.17434333333333232
68 0.22480963480963537
69 0.22277666666666712
70 0.1722133333333321
71 0.18630444444444438
72 0.2569566666666667
73 0.19995777777777665
74 0.18919999999999945
75 0.3122988888888917
76 0.22860028860028905
77 0.20954111111111026
78 0.1557733333333328
79 0.18849444444444396
80 0.24356555555555742
81 0.25390888888888963
82 0.19910222222222104
83 0.19285888888888886
84 0.2119577777777775
85 0.15507666666666642
86 0.17483777777777793
87 0.15343323343323356
88 0.15696666666666542
89 0.21043333333333475
90 0.18633333333333355
91 0.22143222222222228
92 0.24658111111111222
93 0.18814111111111084
94 0.15496111111111024
95 0.15861777777777814
96 0.1430877777777776
97 0.16737555555555472
98 0.2687412587412611
99 0.218300522744966
100 0.18630777777777718
101 0.1629184740295855
102 0.15382506382506342
103 0.2803099999999987
104 0.20419777777777792
105 0.15390444444444334
106 0.19772222222222252
107 0.20294444444444396
108 0.2558233333333339
109 0.20043555555555484
110 0.15311088866644415
111 0.2186055555555552
112 0.20612333333333166
113 0.14002669336002618
114 0.19310333333333313
115 0.1920477777777785
116 0.2658525191858522
117 0.3005777777777815
118 0.269107996885777
119 0.20107222222222265
120 0.20815333333333347
121 0.16824952824952866
122 0.20911333333333154
123 0.2536291847402948
124 0.1707892107892096
125 0.26304222222222023
126 0.21131777777777752
127 0.15656111111111048
128 0.14637888888888825
129 0.1812078745412068
130 0.17371777777777844
131 0.2331211111111106
132 0.24472083472083567
133 0.2102544444444452
134 0.23892666666666906
135 0.18408111111111086
136 0.19046111111111075
137 0.20456666666666617
138 0.24025666666666795
139 0.1965921477032584
140 0.1852899999999994
141 0.19669111111110954
142 0.15050111111111145
143 0.14044155266377456
144 0.18757666666666664
145 0.15732555555555486
146 0.11939111111111085
147 0.2155878100322539
148 0.16253888888888854
149 0.1784699999999991
150 0.1777256077256075
151 0.1986377777777772
152 0.3024033333333321
153 0.2121555555555558
154 0.21377198842128672
155 0.26561888888888774
156 0.26079444444444605
157 0.1846399999999992
158 0.18448229792919152
159 0.16514222222222197
160 0.16918333333333382
161 0.17565444444444417
162 0.1535299999999999
163 0.20037111111111097
164 0.16274842140246018
165 0.12916333333333405
166 0.22151666666666653
167 0.20906111111111142
168 0.22570222222222058
169 0.15595999999999915
170 0.12079333333333356
171 0.14156222222222178
172 0.20226777777777863
173 0.140656010656011
174 0.14241425241425287
175 0.20009111111111103
176 0.22009888888888673
177 0.1643088888888885
178 0.13911333333333353
179 0.1646755555555559
180 0.16266400266400233
181 0.15090888888888895
182 0.21767888888888906
183 0.2506888888888892
184 0.21348222222222196
185 0.1780977777777781
186 0.14346444444444398
187 0.16898989898989902
188 0.12406815406815515
189 0.18899888888888816
190 0.1719044444444435
191 0.282101111111113
192 0.2111144444444443
193 0.276144444444443
194 0.22432877321766223
195 0.14801444444444414
196 0.17735708735708533
197 0.25297111111110965
198 0.16543444444444455
199 0.16215333333333393
200 0.2137788888888881
201 0.16170111111111032
202 0.1795333333333334
203 0.2427066666666646
204 0.2308955555555532
205 0.18739964515413568
206 0.18000555555555572
207 0.13832777777777747
208 0.15387999999999977
