block_size         error    difference      rel_diff
-------------------------------------------------------
       2  1.750339e-07  7.245373e-08  4.139412e-01
       4  2.474876e-07  1.024002e-07  4.137591e-01
       8  3.498879e-07  1.446359e-07  4.133777e-01
      16  4.945237e-07  2.040578e-07  4.126351e-01
      32  6.985816e-07  2.872884e-07  4.112454e-01
      64  9.858700e-07  4.029083e-07  4.086829e-01
     128  1.388778e-06  5.612627e-07  4.041413e-01
     256  1.950041e-06  7.727145e-07  3.962555e-01
     512  2.722755e-06  1.046947e-06  3.845175e-01
    1024  3.769703e-06  1.386266e-06  3.677389e-01
    2048  5.155969e-06  1.777764e-06  3.447973e-01
    4096  6.933733e-06  2.320602e-06  3.346829e-01
    8192  9.254335e-06  3.029655e-06  3.273769e-01
   16384  1.228399e-05  3.612468e-06  2.940794e-01
   32768  1.589646e-05  4.379048e-06  2.754732e-01
   65536  2.027551e-05  1.882918e-06  9.286664e-02
  131072  2.215842e-05           ---           ---
