# r  Cs(r) [pure estimator]
0.05 7.079862140827006e-5
0.15000000000000002 6.772176994947635e-5
0.25 6.997221840569955e-5
0.35000000000000003 7.413847084023506e-5
0.45 7.290379962684295e-5
0.55 6.688995354173082e-5
0.65 7.208217212794579e-5
0.75 6.899166787941118e-5
0.8500000000000001 7.27975876251312e-5
0.9500000000000001 7.38121924796452e-5
1.05 6.879544946652842e-5
1.1500000000000001 6.184029564107158e-5
1.25 6.616888437715146e-5
1.35 6.439509708985223e-5
1.4500000000000002 6.292446494052637e-5
1.55 6.909921502218952e-5
1.6500000000000001 7.206415525305547e-5
1.75 6.625155121191414e-5
1.85 6.716206994048067e-5
1.9500000000000002 6.896889392171483e-5
2.0500000000000003 6.510147303530265e-5
2.15 6.912715984789545e-5
2.25 6.145410743953411e-5
2.35 6.368020143297501e-5
2.45 7.011242870629787e-5
2.5500000000000003 6.551036681683712e-5
2.6500000000000004 5.050759329156825e-5
2.75 7.009837598179972e-5
2.85 6.12815653528232e-5
2.95 6.654272688129455e-5
3.0500000000000003 6.467996547535512e-5
3.1500000000000004 6.580881960422237e-5
3.25 6.675601410734037e-5
3.35 5.507282042467856e-5
3.45 6.913550249168175e-5
3.5500000000000003 6.23683346415445e-5
3.6500000000000004 6.723088279271532e-5
3.75 6.540722097280182e-5
3.85 6.969460961875645e-5
3.95 6.074735318427319e-5
4.05 6.898566727915281e-5
4.15 6.872936010563699e-5
4.25 6.76634537600304e-5
4.3500000000000005 6.696185933184694e-5
4.45 6.569150228960764e-5
4.55 6.664407011525783e-5
4.65 6.188413019054195e-5
4.75 7.049395058264388e-5
4.8500000000000005 6.050037933152327e-5
4.95 6.484906124997735e-5
5.050000000000001 5.832817610298176e-5
5.15 5.930507914396116e-5
5.25 6.691742432831005e-5
5.3500000000000005 5.8544430395944864e-5
5.45 6.141833346539234e-5
5.550000000000001 6.179773263005061e-5
5.65 6.58519850998259e-5
5.75 6.715443856045077e-5
5.8500000000000005 5.865938913297085e-5
5.95 6.241931605233727e-5
6.050000000000001 6.759192780514406e-5
6.15 7.108206101723083e-5
6.25 5.904243895514869e-5
6.3500000000000005 6.142882703515186e-5
6.45 6.12414358746137e-5
6.550000000000001 6.328838050327857e-5
6.65 6.142956385004654e-5
6.75 6.634167957536299e-5
6.8500000000000005 6.200298573425683e-5
6.95 6.584105639769087e-5
7.050000000000001 7.356137836859504e-5
7.15 6.576955862293997e-5
7.25 5.9641092514915285e-5
7.3500000000000005 6.735489421361317e-5
7.45 6.674913773726577e-5
7.550000000000001 7.282732637445307e-5
7.65 6.427507559975106e-5
7.75 5.911362091560213e-5
7.8500000000000005 6.362515585682007e-5
7.95 6.296716267595629e-5
8.05 6.16533852947499e-5
8.15 6.651612776469958e-5
8.25 6.082721953431028e-5
8.35 5.9638104327913266e-5
8.450000000000001 6.276601644338355e-5
8.55 6.0005502891159155e-5
8.65 6.390512346150516e-5
8.75 5.8655313678007024e-5
8.85 6.877722088909346e-5
8.950000000000001 6.106335313569216e-5
9.05 6.002456360267005e-5
9.15 6.396915747407607e-5
9.25 7.058871669793526e-5
9.35 6.133065271794032e-5
9.450000000000001 6.37394123704282e-5
9.55 6.183874898037495e-5
9.65 5.848446246929473e-5
9.75 6.364235993600907e-5
9.850000000000001 6.128419689764355e-5
9.950000000000001 5.8123753232261535e-5
