# k values and corresponding S(k) [pure estimator]
0.0 2.1671611572346747
0.3141592653589793 0.9834755480504288
0.6283185307179586 0.975739912276928
0.9424777960769379 0.9812937745313267
1.2566370614359172 0.9715540356463639
1.5707963267948966 0.9801350137651669
1.8849555921538759 0.9744348466615178
2.199114857512855 0.9602374896527722
2.5132741228718345 0.969057400597896
2.827433388230814 0.9752033615499754
3.141592653589793 0.9720838350237506
3.4557519189487724 0.9768587754909546
3.7699111843077517 0.9600920902597512
4.084070449666731 0.9736603453713197
4.39822971502571 0.9708639320434658
4.71238898038469 0.9638289747393115
5.026548245743669 0.9646034277976167
5.340707511102648 0.9693832966115031
5.654866776461628 0.9643713283453896
5.969026041820607 0.9702035082276077
6.283185307179586 0.9756732533086161
6.5973445725385655 0.9730505867282534
6.911503837897545 0.9737724714906401
7.225663103256524 0.9713457981214279
7.5398223686155035 0.9748879485154082
7.853981633974483 0.971201247979196
8.168140899333462 0.9748504068861921
8.482300164692441 0.9712483716069213
8.79645943005142 0.9636027749661008
9.1106186954104 0.9708475435035819
9.42477796076938 0.9607037953424906
9.738937226128359 0.9608496897411487
10.053096491487338 0.9739024296348544
10.367255756846317 0.9670588213193012
10.681415022205297 0.9700790663090986
10.995574287564276 0.9735584541852665
11.309733552923255 0.9627919967954414
11.623892818282235 0.9717599178939629
11.938052083641214 0.9677511419030054
12.252211349000193 0.9802223876808783
12.566370614359172 0.9721482324922426
12.880529879718152 0.9692613471222313
13.194689145077131 0.9704971861693501
13.50884841043611 0.9740831060854691
13.82300767579509 0.962709169410385
14.137166941154069 0.9763299683364423
14.451326206513048 0.9760299977418049
14.765485471872028 0.9694811331553994
15.079644737231007 0.9729796675149585
15.393804002589986 0.9772425705690206
15.707963267948966 0.9774174983803626
16.022122533307943 0.970982276776543
16.336281798666924 0.967810416462655
16.650441064025905 0.9693248495466591
16.964600329384883 0.9718612533138367
17.27875959474386 0.9646477655296721
17.59291886010284 0.9799329606798017
17.907078125461823 0.977866504807525
18.2212373908208 0.9651813437269438
18.535396656179778 0.9802225910531721
18.84955592153876 0.9614026069950017
19.16371518689774 0.972333084433136
19.477874452256717 0.97075402336283
19.792033717615695 0.9781947013319461
20.106192982974676 0.9696245663862634
20.420352248333657 0.9738185612251311
20.734511513692635 0.9661219983335105
21.048670779051612 0.9651117461576953
21.362830044410593 0.9694525839515198
21.676989309769574 0.9689410117443765
21.991148575128552 0.9655793982822021
22.30530784048753 0.9775265553269672
22.61946710584651 0.9634334712628836
22.93362637120549 0.9708613714208747
23.24778563656447 0.97713959037044
