# r  Cs(r) [pure estimator]
0.225 0.0005364930794314361
0.675 0.0005337657720119873
1.125 0.0005361540656049673
1.575 0.0005341555239949653
2.025 0.0005344079341424194
2.475 0.000531420903367565
2.9250000000000003 0.0005328343013800339
3.375 0.0005315475921508641
3.825 0.0005292596589850874
4.275 0.0005306344028497346
4.7250000000000005 0.0005305447486911817
5.175 0.0005276679654285122
5.625 0.0005287274210841101
6.075 0.000526086503128459
6.525 0.0005299284795985829
6.9750000000000005 0.0005288013314678028
7.425 0.0005296464769532983
7.875 0.0005293804477503295
8.325000000000001 0.0005278394872534503
8.775 0.0005298024354001697
9.225 0.000526799842884172
9.675 0.000529323011635756
10.125 0.0005280620805945374
10.575000000000001 0.0005280065251056667
11.025 0.0005292066673957704
11.475 0.0005248204689542122
11.925 0.0005254453557968161
12.375 0.0005260412151589094
12.825000000000001 0.0005250903531250979
13.275 0.000526043607683751
13.725 0.0005255280482253401
14.175 0.0005262075948576837
14.625 0.0005258987108790545
15.075000000000001 0.0005253528890311337
15.525 0.0005244463788198642
15.975 0.0005226984233239884
16.425 0.0005268250085108028
16.875 0.0005240074382901111
17.325 0.000525379335962519
17.775000000000002 0.0005234958760446209
18.225 0.0005235128472043861
18.675 0.0005239903517020581
19.125 0.0005259490024330617
19.575 0.0005251187811024359
20.025000000000002 0.0005246382556785531
20.475 0.0005235437574403963
20.925 0.0005220903227588653
21.375 0.0005244958117020519
21.825 0.000526682980451734
22.275000000000002 0.0005222329188300331
22.725 0.0005226951574671654
23.175 0.0005249021202200557
23.625 0.0005242334042880539
24.075 0.0005227461159683464
24.525000000000002 0.0005257385665888975
24.975 0.000522050746350232
25.425 0.0005248437208733229
25.875 0.0005231720977630972
26.325 0.0005247085390051909
26.775000000000002 0.0005243583201748004
27.225 0.000524737160509086
27.675 0.0005223874281001726
28.125 0.0005251829292127738
28.575 0.0005243167415666808
29.025000000000002 0.000524374844234036
29.475 0.0005236123159323174
29.925 0.0005257229148528477
30.375 0.000521682133715567
30.825 0.0005214945431514421
31.275000000000002 0.0005235295419181348
31.725 0.0005236684747254845
32.175000000000004 0.0005230181525992376
32.625 0.0005266160681433978
33.075 0.0005221486922789826
33.525 0.0005216429361407008
33.975 0.000522372360880281
34.425000000000004 0.0005229417484951684
34.875 0.0005223673311522313
35.325 0.0005235772982872239
35.775 0.0005231585257371143
36.225 0.0005232418007912298
36.675000000000004 0.00052358354477618
37.125 0.0005196542225132744
37.575 0.0005254228509927053
38.025 0.0005246984397489831
38.475 0.0005246391427881372
38.925000000000004 0.0005243764306550551
39.375 0.0005282594699533973
39.825 0.0005241919453507528
40.275 0.0005258889128628807
40.725 0.0005236155444273873
41.175000000000004 0.0005229923504116648
41.625 0.0005252848343202128
42.075 0.000525496981426603
42.525 0.0005214513679562302
42.975 0.0005255047403948482
43.425000000000004 0.000522752930571808
43.875 0.0005200397260043969
44.325 0.0005234095643184816
44.775 0.0005245993644812202
