block_size         error    difference      rel_diff
-------------------------------------------------------
       2  2.684502e-07  1.111473e-07  4.140331e-01
       4  3.795974e-07  1.571183e-07  4.139076e-01
       8  5.367157e-07  2.220085e-07  4.136427e-01
      16  7.587242e-07  3.134548e-07  4.131341e-01
      32  1.072179e-06  4.419169e-07  4.121671e-01
      64  1.514096e-06  6.212293e-07  4.102972e-01
     128  2.135325e-06  8.690019e-07  4.069647e-01
     256  3.004327e-06  1.205263e-06  4.011756e-01
     512  4.209590e-06  1.648472e-06  3.915992e-01
    1024  5.858062e-06  2.191785e-06  3.741486e-01
    2048  8.049847e-06  2.803643e-06  3.482852e-01
    4096  1.085349e-05  3.531880e-06  3.254142e-01
    8192  1.438537e-05  4.394631e-06  3.054931e-01
   16384  1.878000e-05  3.414487e-06  1.818151e-01
   32768  2.219449e-05  -8.696086e-08  3.918129e-03
   65536  2.210753e-05  -1.016209e-06  4.596666e-02
  131072  2.109132e-05           ---           ---
