# r  Cs(r) [pure estimator]
0.125 -4.302479797706712e-6
0.375 -7.0943069345044445e-6
0.625 -3.518559761547327e-6
0.875 -4.796408727490431e-6
1.125 -5.422899706788579e-6
1.375 -5.896461847267833e-6
1.625 -6.7804741035270225e-6
1.875 -3.603184331204808e-6
2.125 -6.009872381948728e-6
2.375 -6.114106917585411e-6
2.625 -4.233946417160065e-6
2.875 -4.980556976046745e-6
3.125 -2.00262960443313e-6
3.375 -5.4833220676435945e-6
3.625 -5.346895098008191e-6
3.875 -6.474764794882214e-6
4.125 -5.180152618291851e-6
4.375 -6.1121692684224446e-6
4.625 -5.464462120226179e-6
4.875 -5.980333342295807e-6
5.125 -4.690019088257206e-6
5.375 -6.5152524257013795e-6
5.625 -5.399180395466072e-6
5.875 -3.7537640846406162e-6
6.125 -3.869828872704033e-6
6.375 -2.942379359043215e-6
6.625 -5.629553216282774e-6
6.875 -5.643846686444381e-6
7.125 -2.964186998476781e-6
7.375 -3.1782190912362767e-6
7.625 -3.169793822723997e-6
7.875 -3.888939501874309e-6
8.125 -4.118036007025333e-6
8.375 -5.282291384307302e-6
8.625 -5.679024691340994e-6
8.875 -3.5034140840207252e-6
9.125 -4.526766602499103e-6
9.375 -4.157927436574391e-6
9.625 -2.458741418658204e-6
9.875 -3.0057820727340306e-6
10.125 -4.279108753500347e-6
10.375 -4.491599274402488e-6
10.625 -3.030974917251622e-6
10.875 -2.4098132110323037e-6
11.125 -1.8763063696879977e-6
11.375 -3.056135385100124e-6
11.625 -2.627413548635228e-6
11.875 -5.628955961175872e-6
12.125 -5.786423147270485e-6
12.375 -2.3987869058539414e-6
12.625 -3.169661279037501e-6
12.875 -4.838593728412895e-6
13.125 -4.039877638301236e-6
13.375 -1.1319116117883683e-6
13.625 -4.296057729330978e-6
13.875 -3.3883887177660812e-6
14.125 -3.7242588656871206e-6
14.375 -2.918992186694851e-6
14.625 -5.153826007851992e-6
14.875 -4.490713268795542e-6
15.125 -5.471007030178296e-6
15.375 -4.858194281595983e-6
15.625 -3.921882576750362e-6
15.875 -3.86586574074891e-6
16.125 -2.631802265264645e-6
16.375 -2.5681769556818507e-6
16.625 -3.313038217782067e-6
16.875 -3.499026463054778e-6
17.125 -4.29860427939558e-6
17.375 -2.8572457216420472e-6
17.625 -3.374080795971349e-6
17.875 -2.724346097913858e-6
18.125 -3.5499564845692015e-6
18.375 -3.7504706583294594e-6
18.625 -3.7827134038936124e-6
18.875 -1.4788725730340252e-6
19.125 -3.5449255815559226e-6
19.375 -1.761427373207201e-6
19.625 -5.232625689987572e-6
19.875 -3.2673976606370635e-6
20.125 -2.602609087416097e-6
20.375 -2.6927058249674285e-6
20.625 -3.471552702273194e-6
20.875 -2.6242641869413953e-6
21.125 -2.471984695903921e-6
21.375 -3.1158137376853314e-6
21.625 -2.556028771837449e-6
21.875 -4.99954530060953e-6
22.125 -2.247196371017638e-6
22.375 -4.409637228380771e-6
22.625 -3.7958642746541053e-6
22.875 -3.4770474815394724e-6
23.125 -4.366536291889688e-6
23.375 -5.013730748606037e-6
23.625 -3.1075813783610157e-6
23.875 -5.220376414320431e-6
24.125 -2.561695135232115e-6
24.375 -3.909756729731796e-6
24.625 -4.808183433296707e-6
24.875 -4.931402762372141e-6
