block_size         error    difference      rel_diff
-------------------------------------------------------
       2  1.792325e-08  7.415197e-09  4.137195e-01
       4  2.533845e-08  1.047297e-08  4.133232e-01
       8  3.581141e-08  1.477258e-08  4.125105e-01
      16  5.058400e-08  2.078550e-08  4.109105e-01
      32  7.136950e-08  2.910724e-08  4.078386e-01
      64  1.004767e-07  4.039118e-08  4.019954e-01
     128  1.408679e-07  5.516741e-08  3.916251e-01
     256  1.960353e-07  7.282659e-08  3.714973e-01
     512  2.688619e-07  9.168167e-08  3.409991e-01
    1024  3.605436e-07  1.045027e-07  2.898477e-01
    2048  4.650463e-07  1.023859e-07  2.201627e-01
    4096  5.674322e-07  7.584380e-08  1.336614e-01
    8192  6.432760e-07  6.441468e-08  1.001354e-01
   16384  7.076907e-07  5.003536e-08  7.070231e-02
   32768  7.577260e-07  7.917481e-08  1.044900e-01
   65536  8.369008e-07  1.271884e-07  1.519755e-01
  131072  9.640892e-07           ---           ---
