# P_value  count
-1.0 0.0
-0.9333333333333333 0.0
-0.8666666666666667 0.0
-0.8 17.0
-0.7333333333333333 68.0
-0.6666666666666666 207.0
-0.6 606.0
-0.5333333333333333 1351.0
-0.4666666666666667 2629.0
-0.4 4934.0
-0.3333333333333333 8254.0
-0.26666666666666666 11698.0
-0.2 15938.0
-0.13333333333333333 19988.0
-0.06666666666666667 22694.0
0.0 24480.0
0.06666666666666667 22626.0
0.13333333333333333 19699.0
0.2 15792.0
0.26666666666666666 11420.0
0.3333333333333333 7857.0
0.4 4873.0
0.4666666666666667 2654.0
0.5333333333333333 1347.0
0.6 569.0
0.6666666666666666 208.0
0.7333333333333333 53.0
0.8 18.0
0.8666666666666667 0.0
0.9333333333333333 0.0
1.0 0.0
