# r  Cs(r) [pure estimator]
0.2 9.77951076411765e-6
0.6000000000000001 8.072902565337208e-6
1.0 6.971515223917386e-6
1.4000000000000001 7.976251646134694e-6
1.8 8.056892111201672e-6
2.2 7.483772080523583e-6
2.6 7.115498923720313e-6
3.0 8.519809586699404e-6
3.4000000000000004 7.523572002010667e-6
3.8000000000000003 7.165658997771133e-6
4.2 6.931968825951121e-6
4.6000000000000005 6.920474591792575e-6
5.0 7.212899143939946e-6
5.4 8.182831740199133e-6
5.800000000000001 5.541120906851797e-6
6.2 8.760473341770896e-6
6.6000000000000005 6.004501066419305e-6
7.0 5.146159268899539e-6
7.4 7.350164260256059e-6
7.800000000000001 6.57261255251541e-6
8.200000000000001 6.952078534668757e-6
8.6 8.068638923038865e-6
9.0 7.397543169190573e-6
9.4 7.0328856922858976e-6
9.8 7.611468769106617e-6
10.200000000000001 7.876372154842952e-6
10.600000000000001 8.162213250904427e-6
11.0 6.7775664731537e-6
11.4 7.750107420951412e-6
11.8 5.298890727343454e-6
12.200000000000001 5.4521820024462735e-6
12.600000000000001 5.190269217446663e-6
13.0 5.92121162134878e-6
13.4 5.9455507250680525e-6
13.8 6.7550542984550125e-6
14.200000000000001 4.457748659241837e-6
14.600000000000001 6.600171770016921e-6
15.0 8.105498191878155e-6
15.4 7.103938235129159e-6
15.8 6.892636991148863e-6
16.2 6.692348860946506e-6
16.6 7.166512785066004e-6
17.0 5.145961677479357e-6
17.400000000000002 5.563114704296569e-6
17.8 6.188999406407953e-6
18.2 4.754532814469849e-6
18.6 6.362283981429983e-6
19.0 7.6179196057844374e-6
19.400000000000002 5.728471988737424e-6
19.8 7.083648704149315e-6
20.200000000000003 6.554786088064905e-6
20.6 4.464479655242204e-6
21.0 4.109543027540697e-6
21.400000000000002 8.370672437136888e-6
21.8 5.170238165157731e-6
22.200000000000003 5.278749416589741e-6
22.6 6.6164527233007e-6
23.0 5.643669208356373e-6
23.400000000000002 3.6381657399427147e-6
23.8 7.499997762159955e-6
24.200000000000003 4.515993995230959e-6
24.6 5.04383437740868e-6
25.0 4.503822468851606e-6
25.400000000000002 3.2678470689188367e-6
25.8 5.657349164221345e-6
26.200000000000003 5.08197155590057e-6
26.6 5.97548134743854e-6
27.0 4.527121923718459e-6
27.400000000000002 5.79287681252742e-6
27.8 5.527117262449792e-6
28.200000000000003 6.100764666573488e-6
28.6 5.63101113420559e-6
29.0 7.803950078532958e-6
29.400000000000002 6.2033230927123495e-6
29.8 8.011004909040342e-6
30.200000000000003 5.895182064882108e-6
30.6 6.836649870801853e-6
31.0 5.45534781897722e-6
31.400000000000002 5.61554094785438e-6
31.8 4.323300609169867e-6
32.2 6.37817904756277e-6
32.6 6.795718104622282e-6
33.0 5.053913880473943e-6
33.4 4.971652824302569e-6
33.800000000000004 3.6784473630846853e-6
34.2 5.710723907952093e-6
34.6 4.587040095952829e-6
35.0 3.3049375535795616e-6
35.4 5.7928449781922936e-6
35.800000000000004 5.509406720253099e-6
36.2 4.52571022982016e-6
36.6 6.070568869625989e-6
37.0 3.832429013851738e-6
37.4 4.574632695989402e-6
37.800000000000004 3.787327808451525e-6
38.2 6.225551592620772e-6
38.6 4.433992922302978e-6
39.0 3.856449850045854e-6
39.400000000000006 3.3438808525281368e-6
39.800000000000004 5.47993688144037e-6
