# block  <P^2>
1 0.0
2 0.0217777777777779
3 0.025122222222222372
4 0.028555555555555796
5 0.023862222222222226
6 0.02497888888888899
7 0.018895555555555596
8 0.02374666666666669
9 0.02126333333333336
10 0.023152222222222275
11 0.017467777777777815
12 0.018850000000000124
13 0.020131111111111252
14 0.025937777777777872
15 0.022232232232232405
16 0.02057111111111125
17 0.020863333333333425
18 0.0193566666666668
19 0.017787787787787803
20 0.021801111111111233
21 0.024411077744411157
22 0.023530000000000165
23 0.017345555555555586
24 0.016826666666666688
25 0.02131555555555556
26 0.02333777333777336
27 0.031370000000000196
28 0.01788888888888891
29 0.018611388611388665
30 0.014678888888888906
31 0.020924630924631083
32 0.023510000000000232
33 0.02474333333333347
34 0.02112111111111111
35 0.02551888888888905
36 0.023367777777777973
37 0.02038888888888896
38 0.031508888888889024
39 0.019686038744155095
40 0.024140000000000075
41 0.021406666666666716
42 0.027076666666666836
43 0.018335555555555733
44 0.02004111111111113
45 0.02039627039627042
46 0.02397047397047417
47 0.021911111111111197
48 0.024840000000000084
49 0.024096666666666797
50 0.017416666666666712
51 0.021822222222222312
52 0.027697697697697903
53 0.019840000000000104
54 0.022572222222222337
55 0.01722610722610732
56 0.021735555555555612
57 0.020876666666666755
58 0.02205555555555564
59 0.024751111111111175
60 0.028286666666666727
61 0.01643222222222222
62 0.019577777777777895
63 0.03547111111111112
64 0.020876666666666693
65 0.024740000000000154
66 0.029190000000000185
67 0.019315982649315985
68 0.015582248915582247
69 0.021792222222222372
70 0.02328444444444462
71 0.0201300000000001
72 0.017565555555555654
73 0.02238666666666677
74 0.02002222222222223
75 0.022635555555555756
76 0.02878333333333348
77 0.019833166499833143
78 0.021564444444444483
79 0.022653333333333418
80 0.021858888888888837
81 0.021086666666666795
82 0.01694499889110672
83 0.025710000000000153
84 0.019567777777777857
85 0.023882222222222246
86 0.01885666666666666
87 0.02191333333333349
88 0.023611111111111315
89 0.01563222222222226
90 0.02368555555555567
91 0.025310000000000263
92 0.016067266067266137
93 0.021541541541541562
94 0.020743333333333395
95 0.019558888888888945
96 0.01460777777777777
97 0.019222222222222196
98 0.027157777777777933
99 0.01882888888888889
100 0.019777777777777943
101 0.03217569513681201
102 0.02201777777777795
103 0.0170911111111112
104 0.020493827160493902
105 0.023179043179043252
106 0.02350000000000007
107 0.017939837939837982
108 0.01891333333333343
109 0.021486666666666692
110 0.021170000000000043
111 0.020317777777777844
112 0.02017555555555563
113 0.023490000000000007
114 0.030253333333333448
115 0.02097875653431212
116 0.016221111111111117
117 0.022292152292152388
118 0.019304444444444506
119 0.021380000000000076
120 0.02030000000000001
121 0.02219333333333345
122 0.01633411188966744
123 0.01857000000000011
124 0.02628628628628638
125 0.027315555555555628
126 0.02727333333333348
127 0.021717777777777923
128 0.019045555555555576
129 0.024064444444444524
130 0.02381555555555571
131 0.029817777777777953
132 0.020151111111111175
133 0.02913357802246696
134 0.022214436658881367
135 0.0225722222222223
136 0.02733666666666672
137 0.030024444444444524
138 0.02041444444444447
139 0.02154333333333353
140 0.021106666666666673
141 0.02265179265179278
142 0.021028888888889014
143 0.026147777777777905
144 0.0195277777777779
145 0.026948888888889015
146 0.01916666666666679
147 0.023343333333333483
148 0.018941111111111145
149 0.02402375402375421
150 0.018583333333333413
151 0.021953333333333453
152 0.028141111111111214
153 0.019786666666666727
154 0.023121111111111224
155 0.02259777777777781
156 0.02814258703147609
157 0.02188777777777798
158 0.023756666666666804
159 0.020280000000000124
160 0.0277411111111112
161 0.02359920239282169
162 0.024263333333333425
163 0.020215771326882515
164 0.024573333333333378
165 0.022035742035741986
166 0.020037777777777835
167 0.015147075147075108
168 0.018661338661338796
169 0.021991111111111277
170 0.024617777777777905
171 0.021346902458013607
172 0.03100222222222231
173 0.019956709956709937
174 0.024910000000000175
175 0.02061111111111133
176 0.02456666666666665
177 0.020482222222222308
178 0.019966666666666646
179 0.023042222222222353
180 0.025384615384615367
181 0.019725280836392047
182 0.022194444444444628
183 0.02252414252414256
184 0.02271444444444453
185 0.024046666666666796
186 0.02084333333333347
187 0.015203333333333319
188 0.02235333333333343
189 0.024823333333333527
190 0.023555555555555698
191 0.025636666666666818
192 0.020304444444444483
193 0.016563333333333423
194 0.028377777777777852
195 0.028133333333333496
196 0.023032015065913507
197 0.01915333333333337
198 0.02369369369369387
199 0.020047730047730153
200 0.027132222222222224
201 0.026736666666666846
202 0.02076333333333337
203 0.026372222222222366
204 0.025237777777777803
205 0.022986319652986417
206 0.017447447447447376
207 0.023448888888888984
208 0.022804444444444603
