block_size         error    difference      rel_diff
-------------------------------------------------------
       2  6.134843e-08  2.539735e-08  4.139853e-01
       4  8.674578e-08  3.589716e-08  4.138202e-01
       8  1.226429e-07  5.071128e-08  4.134871e-01
      16  1.733542e-07  7.157230e-08  4.128674e-01
      32  2.449265e-07  1.008489e-07  4.117518e-01
      64  3.457755e-07  1.417312e-07  4.098938e-01
     128  4.875067e-07  1.984035e-07  4.069759e-01
     256  6.859101e-07  2.767162e-07  4.034293e-01
     512  9.626264e-07  3.845604e-07  3.994908e-01
    1024  1.347187e-06  5.341595e-07  3.964999e-01
    2048  1.881346e-06  7.389825e-07  3.927945e-01
    4096  2.620329e-06  9.884127e-07  3.772094e-01
    8192  3.608741e-06  1.260165e-06  3.491979e-01
   16384  4.868906e-06  1.426208e-06  2.929217e-01
   32768  6.295115e-06  1.220033e-06  1.938063e-01
   65536  7.515147e-06  1.088330e-06  1.448181e-01
  131072  8.603477e-06           ---           ---
