block_size         error    difference      rel_diff
-------------------------------------------------------
       2  3.239403e-07  1.334459e-07  4.119461e-01
       4  4.573862e-07  1.876412e-07  4.102468e-01
       8  6.450274e-07  2.624320e-07  4.068539e-01
      16  9.074594e-07  3.632996e-07  4.003480e-01
      32  1.270759e-06  4.938084e-07  3.885933e-01
      64  1.764567e-06  6.493906e-07  3.680169e-01
     128  2.413958e-06  8.075274e-07  3.345242e-01
     256  3.221485e-06  8.969493e-07  2.784272e-01
     512  4.118435e-06  8.411326e-07  2.042360e-01
    1024  4.959567e-06  6.694423e-07  1.349800e-01
    2048  5.629009e-06  3.955377e-07  7.026772e-02
    4096  6.024547e-06  3.106057e-07  5.155668e-02
    8192  6.335153e-06  3.403311e-07  5.372106e-02
   16384  6.675484e-06  -3.160869e-07  4.735041e-02
   32768  6.359397e-06  9.310999e-08  1.464132e-02
   65536  6.452507e-06  -4.576653e-07  7.092830e-02
  131072  5.994842e-06           ---           ---
