# k values and corresponding S(k) [pure estimator]
0.0 1.7948753107514162
0.20943951023931953 1.0502302748148782
0.41887902047863906 1.0014846990264168
0.6283185307179586 0.9840063915676432
0.8377580409572781 0.9703356257724055
1.0471975511965976 0.966249716568222
1.2566370614359172 0.9701435599535925
1.4660765716752366 0.9717599709982448
1.6755160819145563 0.9659508981715634
1.8849555921538759 0.9789551046833611
2.0943951023931953 0.9706502034829401
2.3038346126325147 0.9586688906227203
2.5132741228718345 0.9904828785112508
2.722713633111154 0.9807467593514422
2.9321531433504733 0.9800131003957232
3.141592653589793 0.9636562953219504
3.3510321638291125 0.9498555105659398
3.560471674068432 0.9813113368492381
3.7699111843077517 0.988517518958713
3.979350694547071 0.9731123901440358
4.1887902047863905 0.9750447447453028
4.39822971502571 0.9823738735033105
4.607669225265029 0.9663793037165769
4.817108735504349 0.9525748104046033
5.026548245743669 0.9755858253722843
5.235987755982988 0.9606795165877722
5.445427266222308 0.9828151460952013
5.654866776461628 0.9581625797893539
5.864306286700947 0.9626073690350206
6.073745796940266 0.9542594186904617
6.283185307179586 0.9982197180700453
6.492624817418905 0.9621738261795001
6.702064327658225 0.9866529511479979
6.911503837897545 0.9797980911936117
7.120943348136864 0.9794303845643552
7.330382858376184 0.9809372973168335
7.5398223686155035 0.9680898289348052
7.749261878854822 0.9785885081132188
7.958701389094142 0.9779541670435388
8.168140899333462 0.9670288239374858
8.377580409572781 0.9737282937473997
8.5870199198121 0.9665966812299163
8.79645943005142 0.988092759102652
9.00589894029074 0.9828824185061223
9.215338450530059 0.9576827345450782
9.42477796076938 0.9734780981142657
9.634217471008698 0.9735767958760235
9.843656981248017 0.9690003914106505
10.053096491487338 0.9895606551260371
10.262536001726657 0.9924396135964171
10.471975511965976 0.9765934705832497
10.681415022205297 0.9909879991196666
10.890854532444616 0.9855691687580728
11.100294042683934 0.9758880442648554
11.309733552923255 0.9627900064673979
11.519173063162574 0.9852189399519374
11.728612573401893 0.9654760286497819
11.938052083641214 0.9794614886781635
12.147491593880533 0.9675728890965716
12.356931104119852 0.9750191919559518
12.566370614359172 0.9672543954299072
12.775810124598491 0.9699427454063398
12.98524963483781 0.9678272982071372
13.194689145077131 0.9736903013644113
13.40412865531645 0.9649464536130162
13.613568165555769 0.9717265536137971
13.82300767579509 0.9916215209821586
14.032447186034409 0.9625276411438789
14.241886696273728 0.9649813846914553
14.451326206513048 0.9714071070360255
14.660765716752367 0.9931512399227397
14.870205226991686 0.9691309705766293
15.079644737231007 0.9710685864527127
15.289084247470326 0.9776091401110025
15.498523757709645 0.9678867600610417
