# r  Cs(r) [pure estimator]
0.125 0.000496981440945182
0.375 0.0005040407612283369
0.625 0.000501546644930933
0.875 0.0005018009665656437
1.125 0.0005031114733386216
1.375 0.0005026197140368369
1.625 0.000503755748620691
1.875 0.0004984558597460501
2.125 0.0005063463091671568
2.375 0.0005033760632569134
2.625 0.000503126953122121
2.875 0.0004995888351447165
3.125 0.0005003917930320784
3.375 0.0005020792690329033
3.625 0.0005016748150365207
3.875 0.0005022495846651061
4.125 0.0005023794964316827
4.375 0.0004992385928376317
4.625 0.0005034439450711258
4.875 0.0005012012754087194
5.125 0.0004968057937597077
5.375 0.0004998335137217485
5.625 0.0004998443357632584
5.875 0.000499523368533203
6.125 0.0004967442585522704
6.375 0.0004984401424250754
6.625 0.000500910871926491
6.875 0.0004997437458098276
7.125 0.0005013719521608663
7.375 0.0004967247508862128
7.625 0.0004998842373484994
7.875 0.000502460338669224
8.125 0.000499752520750239
8.375 0.000502952496708992
8.625 0.000501592408275012
8.875 0.0004978914691197123
9.125 0.0005022716625550124
9.375 0.0004993066964005156
9.625 0.0005015408228367871
9.875 0.0005011109385429336
10.125 0.0004983456829171184
10.375 0.0004982244714904904
10.625 0.0004983658507914374
10.875 0.0005004812668582964
11.125 0.0005001322033867285
11.375 0.0004992663173120266
11.625 0.0004998962321285986
11.875 0.0004996730583664367
12.125 0.0004997814306674955
12.375 0.0004976340720002652
12.625 0.0004998151655214538
12.875 0.0004947503752871774
13.125 0.0005030353165171434
13.375 0.0005004990869373433
13.625 0.0005026044544251606
13.875 0.0004971325538759094
14.125 0.0005027042798595425
14.375 0.0004979524225127873
14.625 0.0005002781636142958
14.875 0.0004984216086393212
15.125 0.0004989843276595067
15.375 0.0004984154997767609
15.625 0.0004988141148433809
15.875 0.0005002545563279739
16.125 0.0004987964757302775
16.375 0.0004976875058288747
16.625 0.0004999424102011813
16.875 0.0004981156602528827
17.125 0.0004974184874768203
17.375 0.000500162222590616
17.625 0.0004986159209822762
17.875 0.000497771965314264
18.125 0.0004995147750478899
18.375 0.0004997939032414045
18.625 0.0004961757872509268
18.875 0.0004978626745495045
19.125 0.0004974474929160648
19.375 0.0004989527796051835
19.625 0.0004996869490993896
19.875 0.0004986309848768073
20.125 0.0004975930566439784
20.375 0.000495779662651248
20.625 0.0004967170564999868
20.875 0.0004974704005831105
21.125 0.0004967156522165307
21.375 0.0004981657931558849
21.625 0.0004945806346572581
21.875 0.0004992355774993735
22.125 0.0005002276844100961
22.375 0.0005019606533115381
22.625 0.0004993538572354273
22.875 0.0004992616671549374
23.125 0.000499997599852953
23.375 0.0004994094032152434
23.625 0.0005011967224793939
23.875 0.0004978360132063738
24.125 0.0004928023633296583
24.375 0.0004995163863830981
24.625 0.0004972672662771325
24.875 0.0004964072693765797
