# k values and corresponding S(k) [pure estimator]
0.0 24.71405753227722
0.12566370614359174 0.8450675797333916
0.25132741228718347 0.9098043485236277
0.3769911184307752 0.9503499893216248
0.5026548245743669 0.9662509118349628
0.6283185307179586 0.9598891682065681
0.7539822368615504 0.9614353077908624
0.8796459430051422 0.9604406195025182
1.0053096491487339 0.9503768538262328
1.1309733552923256 0.9597618755904108
1.2566370614359172 0.9534621777861517
1.3823007675795091 0.9790498444802526
1.5079644737231008 0.9621226350242502
1.6336281798666925 0.9810882167392742
1.7592918860102844 0.955348626490037
1.884955592153876 0.9713227157324178
2.0106192982974678 0.9586601180548381
2.1362830044410597 0.9627443471329193
2.261946710584651 0.9717180238429889
2.387610416728243 0.9630198625274375
2.5132741228718345 0.9623023232299771
2.6389378290154264 0.9661395209446371
2.7646015351590183 0.9764125575591246
2.8902652413026098 0.971630153194035
3.0159289474462017 0.9612459933356058
3.1415926535897936 0.9722909507644397
3.267256359733385 0.9725019506989876
3.392920065876977 0.9589842283474483
3.518583772020569 0.9681826739554651
3.6442474781641603 0.9668943792212948
3.769911184307752 0.9738486927131638
3.8955748904513436 0.9661487211101802
4.0212385965949355 0.9539085853648217
4.1469023027385274 0.9632209169135728
4.272566008882119 0.966057523884116
4.39822971502571 0.9597869848059914
4.523893421169302 0.9778167171891766
4.649557127312894 0.9663743650069258
4.775220833456486 0.9660371290194774
4.900884539600078 0.9542528719192925
5.026548245743669 0.9555839184256677
5.152211951887261 0.9779485282340651
5.277875658030853 0.9753890603043011
5.403539364174445 0.9780402612529221
5.529203070318037 0.9662653445723957
5.6548667764616285 0.982015899688224
5.7805304826052195 0.9772512320046637
5.906194188748811 0.9761041430851728
6.031857894892403 0.9659295326165576
6.157521601035995 0.9625599839535127
6.283185307179587 0.9613127230251636
6.408849013323178 0.9700619639769629
6.53451271946677 0.9617525242942497
6.660176425610362 0.9707192822889752
6.785840131753954 0.9579837711573383
6.911503837897546 0.9660500432540415
7.037167544041138 0.965157546521843
7.162831250184729 0.9666728189696434
7.288494956328321 0.9568237508524142
7.4141586624719125 0.9743856095734167
7.539822368615504 0.9690844034351855
7.665486074759096 0.9722596781825618
7.791149780902687 0.9581553122612426
7.916813487046279 0.9792181986484336
8.042477193189871 0.984115341059585
8.168140899333462 0.9740295634733772
8.293804605477055 0.9779724382112199
8.419468311620646 0.9598372289440836
8.545132017764239 0.9769003572333526
8.67079572390783 0.9732225204854809
8.79645943005142 0.9850991079699386
8.922123136195014 0.9812242283440881
9.047786842338605 0.9665797625000813
9.173450548482197 0.9649007645471508
9.299114254625788 0.9767567271188395
