# P_value  count
-1.0 0.0
-0.9333333333333333 41.0
-0.8666666666666667 1882.0
-0.8 3991.0
-0.7333333333333333 6825.0
-0.6666666666666666 8317.0
-0.6 10209.0
-0.5333333333333333 11588.0
-0.4666666666666667 10429.0
-0.4 9913.0
-0.3333333333333333 8693.0
-0.26666666666666666 8314.0
-0.2 6945.0
-0.13333333333333333 5897.0
-0.06666666666666667 6100.0
0.0 6414.0
0.06666666666666667 6158.0
0.13333333333333333 6343.0
0.2 6669.0
0.26666666666666666 7533.0
0.3333333333333333 9308.0
0.4 9378.0
0.4666666666666667 10384.0
0.5333333333333333 11031.0
0.6 9719.0
0.6666666666666666 9776.0
0.7333333333333333 6863.0
0.8 5601.0
0.8666666666666667 1128.0
0.9333333333333333 1079.0
1.0 185.0
