# block  <P^4>
1 0.0
2 0.036842864197531015
3 0.09124412839506174
4 0.12082050370370338
5 0.16155034074074134
6 0.10125839012345629
7 0.14870040493827097
8 0.15882901728395155
9 0.09663745185185206
10 0.10434694320987652
11 0.06978848395061726
12 0.08228383209876483
13 0.09364158024691326
14 0.11164781884781858
15 0.11260742716049348
16 0.17847454814814798
17 0.12354495874495891
18 0.1210554864197526
19 0.44666420986421396
20 0.24047518024691314
21 0.06284685432098731
22 0.06907454814814801
23 0.08201989135802432
24 0.17513639506172946
25 0.06747073580246941
26 0.07873752098765449
27 0.15201813333333272
28 0.07155747160493829
29 0.051646439506172856
30 0.11336005925925899
31 0.14057305679012366
32 0.1337728197530867
33 0.07334151111111108
34 0.19028079012345606
35 0.10828803950617297
36 0.06691419259259303
37 0.09625104197530879
38 0.12107906424943458
39 0.14007235555555542
40 0.04384401771068467
41 0.07821921975308596
42 0.24113717668285345
43 0.11909977283950643
44 0.05634964938271597
45 0.09166056296296335
46 0.050780049382716394
47 0.05974465185185174
48 0.04251247407407377
49 0.02901651358024707
50 0.11441641481481414
51 0.1748826666666675
52 0.1059539555555552
53 0.06643760987654322
54 0.07682277530864176
55 0.10287124938271619
56 0.17595180246913802
57 0.08210289382716023
58 0.06779448888888868
59 0.10292979753086437
60 0.0641018666666672
61 0.062449343209876496
62 0.034184936051602936
63 0.10347271111111075
64 0.05985617777777783
65 0.091006083950617
66 0.0899280592592592
67 0.08963010370370389
68 0.041698686419753196
69 0.1447069827160492
70 0.12101305679012354
71 0.1447960691358022
72 0.10900630123456727
73 0.050946962962962763
74 0.09859254819254841
75 0.06857833086419798
76 0.10458482962962908
77 0.09012792098765396
78 0.19050157037036836
79 0.07021842962962999
80 0.07464499753086451
81 0.1725137777777785
82 0.060129106172839654
83 0.06317544691358071
84 0.15910080000000013
85 0.055687367901234006
86 0.04799342222222205
87 0.07845353086419746
88 0.042620879012345826
89 0.057340464197530756
90 0.0642300839506169
91 0.11971320493827178
92 0.15658007178007124
93 0.04951905185185228
94 0.08005712592592543
95 0.14194554074074045
96 0.22092250864197585
97 0.09874103703703688
98 0.05421641481481472
99 0.06865943474338489
100 0.09051772839506148
101 0.07873331358024625
102 0.08067245432098756
103 0.07756491851851832
104 0.13366577777777713
105 0.11014499121700175
106 0.055818271604938303
107 0.05182089022089068
108 0.10790220246913557
109 0.12741708641975363
110 0.09834394074074054
111 0.05128098765432097
112 0.05393281975308664
113 0.0371332740740742
114 0.06747711547711549
115 0.037877234567901215
116 0.062279703703703594
117 0.07621406419753057
118 0.046550716049382754
119 0.06292762469135887
120 0.0855993796388608
121 0.11707111111111107
122 0.0494294913580245
123 0.07655731358024713
124 0.047515990123456905
125 0.06363219003219027
126 0.1104464197530866
127 0.09083460740740737
128 0.07251869629629626
129 0.11683849775701619
130 0.11824420740740646
131 0.19546688395061734
132 0.08901466404676267
133 0.07975843950617233
134 0.1478747092771779
135 0.0841933629629631
136 0.11108596543209878
137 0.09301813333333303
138 0.052434380434380264
139 0.08216633423546908
140 0.10425625679012296
141 0.06831498271604963
142 0.11672453611295909
143 0.09367891358024648
144 0.32589459753086264
145 0.13858301234567902
146 0.06917277771598757
147 0.040583348148147985
148 0.06757252345679055
149 0.0436897777777781
150 0.1547855999999981
151 0.22137564444444355
152 0.10991802469135803
153 0.2330372543209873
154 0.46631658271605436
155 0.08536056536056555
156 0.06566097777777813
157 0.11418356543209947
158 0.16499897283950782
159 0.16290879490879437
160 0.11369032242118594
161 0.07246387257979148
162 0.0816518913580243
163 0.1431578864197526
164 0.08161222716049345
165 0.061641461728395165
166 0.08012136296296289
167 0.07592865185185152
168 0.0436084543209879
169 0.042268740740740836
170 0.05192948148148149
171 0.037806775308642036
172 0.035925669135802536
173 0.032185501234568176
174 0.12431278351278288
175 0.06507251358024711
176 0.12487768888888899
177 0.04667593086419739
178 0.11766538646538605
179 0.12284625991292611
180 0.08820483950617317
181 0.07333977283950611
182 0.08230775308642002
183 0.057134222222222496
184 0.07737714567901235
185 0.08466101728394974
186 0.06646808888888855
187 0.05282109629629634
188 0.05892912592592559
189 0.15780551111111119
190 0.13246236049382665
191 0.11097252345679037
192 0.057628286419753316
193 0.06578174418174337
194 0.10185171358024668
195 0.0731365925925921
196 0.09641485432098765
197 0.08177696790123484
198 0.039188562962963074
199 0.04957441975308652
200 0.059039446913580096
201 0.05706765432098771
202 0.0313696000000001
203 0.04670435555555537
204 0.06274538271604965
205 0.10645517616381764
206 0.33882417777777735
207 0.1851229827160497
208 0.11386002639335983
