block_size         error    difference      rel_diff
-------------------------------------------------------
       2  2.275752e-07  9.425271e-08  4.141608e-01
       4  3.218279e-07  1.332768e-07  4.141246e-01
       8  4.551047e-07  1.884367e-07  4.140513e-01
      16  6.435414e-07  2.663689e-07  4.139110e-01
      32  9.099103e-07  3.763840e-07  4.136496e-01
      64  1.286294e-06  5.314884e-07  4.131935e-01
     128  1.817783e-06  7.496322e-07  4.123882e-01
     256  2.567415e-06  1.055691e-06  4.111885e-01
     512  3.623106e-06  1.483680e-06  4.095049e-01
    1024  5.106786e-06  2.079884e-06  4.072784e-01
    2048  7.186670e-06  2.904891e-06  4.042054e-01
    4096  1.009156e-05  3.991840e-06  3.955622e-01
    8192  1.408340e-05  5.224109e-06  3.709409e-01
   16384  1.930751e-05  6.334420e-06  3.280807e-01
   32768  2.564193e-05  6.428326e-06  2.506959e-01
   65536  3.207025e-05  1.124147e-06  3.505264e-02
  131072  3.319440e-05           ---           ---
