# k values and corresponding S(k) [pure estimator]
0.0 7.182683482561501
0.20943951023931953 1.0029906584744905
0.41887902047863906 0.9856439696395891
0.6283185307179586 0.994017587229127
0.8377580409572781 0.9711113469338566
1.0471975511965976 1.0022826783582959
1.2566370614359172 0.9880577032107649
1.4660765716752366 0.990271949118351
1.6755160819145563 0.9979757314320726
1.8849555921538759 0.9542156440958086
2.0943951023931953 0.9818862437306943
2.3038346126325147 0.9860861535650768
2.5132741228718345 0.9910495248631002
2.722713633111154 0.9865689271525324
2.9321531433504733 0.9817796042124196
3.141592653589793 1.005535197252115
3.3510321638291125 0.986896105220456
3.560471674068432 0.9718463625908103
3.7699111843077517 0.9810649878384077
3.979350694547071 0.9988594934100773
4.1887902047863905 0.9656148897601426
4.39822971502571 0.9612224924165047
4.607669225265029 0.9859504437926317
4.817108735504349 0.9651280185465254
5.026548245743669 0.9872188630862767
5.235987755982988 0.9666012924546946
5.445427266222308 0.9951581630253666
5.654866776461628 0.9898703847397037
5.864306286700947 1.0061777929623037
6.073745796940266 0.9754226784785593
6.283185307179586 0.9731988139820243
6.492624817418905 0.9722959290605906
6.702064327658225 0.991188311135412
6.911503837897545 0.9748708788910775
7.120943348136864 0.9891596646576535
7.330382858376184 0.9824010940895144
7.5398223686155035 0.9761900755743286
7.749261878854822 0.9755622376929746
7.958701389094142 0.9935478149222011
8.168140899333462 1.023575285255038
8.377580409572781 1.0019579684104793
8.5870199198121 0.9871378488798194
8.79645943005142 0.9877944216406807
9.00589894029074 1.0027646657785785
9.215338450530059 0.9833524712528585
9.42477796076938 0.968230947089273
9.634217471008698 0.9897751956877563
9.843656981248017 0.9732026909520649
10.053096491487338 0.9816722390674381
10.262536001726657 0.9785842190092726
10.471975511965976 0.9839756845232384
10.681415022205297 0.9715148732393613
10.890854532444616 0.9800682726300031
11.100294042683934 0.9964111802125888
11.309733552923255 0.9787398676085499
11.519173063162574 0.979009091942946
11.728612573401893 0.995498267535965
11.938052083641214 0.9946240939882348
12.147491593880533 1.0042024145577835
12.356931104119852 0.9910183483757778
12.566370614359172 0.9870309283920448
12.775810124598491 0.9793620808267123
12.98524963483781 0.977784430334339
13.194689145077131 0.9916428583182477
13.40412865531645 0.9891497402435897
13.613568165555769 0.9855734987279651
13.82300767579509 0.9632677963448474
14.032447186034409 1.003667207400137
14.241886696273728 0.9923543028169243
14.451326206513048 0.9847897068010091
14.660765716752367 0.9809554013091183
14.870205226991686 0.9960806102972539
15.079644737231007 0.9921856432646874
15.289084247470326 0.9835261934394596
15.498523757709645 0.9892621013205496
