# r  Cs(r) [pure estimator]
0.05 0.0008130507842040599
0.15000000000000002 0.0008148811223658179
0.25 0.0008051590022767885
0.35000000000000003 0.0008213655910126522
0.45 0.0007998131513886738
0.55 0.0008223502461096368
0.65 0.0008174721670557342
0.75 0.0008188808205925156
0.8500000000000001 0.000820315119198519
0.9500000000000001 0.0008035959711789931
1.05 0.0008134846248517572
1.1500000000000001 0.0008020990011085545
1.25 0.0008141307896786966
1.35 0.0008070263227944569
1.4500000000000002 0.0007889063757549751
1.55 0.0008093627558362643
1.6500000000000001 0.0008067089958145078
1.75 0.0008128179047229038
1.85 0.0007940203415239973
1.9500000000000002 0.0008101637532577655
2.0500000000000003 0.0008205185907701123
2.15 0.0007993017321145958
2.25 0.0007966621609281618
2.35 0.0008086940799504487
2.45 0.0008124042867863346
2.5500000000000003 0.0008014395118115098
2.6500000000000004 0.0008222830129465671
2.75 0.0008138209171587899
2.85 0.0007998688472217021
2.95 0.0008135575605238366
3.0500000000000003 0.0007961276088748665
3.1500000000000004 0.0008016871291258613
3.25 0.0008077033342810374
3.35 0.0008117216093236918
3.45 0.000809507443028299
3.5500000000000003 0.0008094765455903413
3.6500000000000004 0.0008087953322956826
3.75 0.0007988678730134551
3.85 0.0007922850905934233
3.95 0.000788643631549114
4.05 0.0008001565198413451
4.15 0.0008062337644106609
4.25 0.0008042726285980688
4.3500000000000005 0.0007983421796972139
4.45 0.0007816886018684417
4.55 0.0008037887388369573
4.65 0.0007949950671664105
4.75 0.0007891895612117721
4.8500000000000005 0.00081967669572947
4.95 0.0008146574562161943
5.050000000000001 0.0008090500899062248
5.15 0.0007856874438585462
5.25 0.0007964359363861472
5.3500000000000005 0.0008073066204238292
5.45 0.0008107891398571918
5.550000000000001 0.0007858097143655731
5.65 0.0008039852992159118
5.75 0.0008129136931337555
5.8500000000000005 0.0008054104157089503
5.95 0.0008146650820562671
6.050000000000001 0.0007990757011660427
6.15 0.0008086064014291605
6.25 0.0008094610049196045
6.3500000000000005 0.0008041362647369545
6.45 0.0007932942635506449
6.550000000000001 0.0008080626604502524
6.65 0.000814446652079714
6.75 0.0007921185031227031
6.8500000000000005 0.000810560257822912
6.95 0.0008096263087552291
7.050000000000001 0.0008222819891256346
7.15 0.0008196172840007095
7.25 0.0008171252118613008
7.3500000000000005 0.0008026594598179769
7.45 0.0008103581526321393
7.550000000000001 0.0008134654284177497
7.65 0.000800200360012362
7.75 0.0008097562995307543
7.8500000000000005 0.000807690146601146
7.95 0.0008190456716741103
8.05 0.0008040399272785305
8.15 0.0008149375076274782
8.25 0.0007915577920200419
8.35 0.0007964250172565863
8.450000000000001 0.0008085678187393842
8.55 0.0008199969423045328
8.65 0.0008011703184167119
8.75 0.000797007632341007
8.85 0.0007954588512209118
8.950000000000001 0.0008203655520321825
9.05 0.0007942615732619135
9.15 0.0007996409315275102
9.25 0.0008193043899264323
9.35 0.000800629175066592
9.450000000000001 0.0008054111107485488
9.55 0.0008104354856689035
9.65 0.0008016353631065475
9.75 0.0008024028808498139
9.850000000000001 0.000809295545446036
9.950000000000001 0.0007813024968407206
