# k  S_n(k)
0.0 20.0
0.3141592653589793 0.34396883770190134
0.6283185307179586 0.9520306073457634
0.9424777960769379 0.8244069052139568
1.2566370614359172 0.712755470237082
1.5707963267948966 0.9725359699153462
1.8849555921538759 0.812921310985639
2.199114857512855 0.8756760273923571
2.5132741228718345 0.9802917632323717
2.827433388230814 0.9824963574756242
3.141592653589793 0.8190239211427032
3.4557519189487724 0.8956042801186369
3.7699111843077517 1.0724462633013436
4.084070449666731 1.0796186671782873
4.39822971502571 0.9846990409992875
4.71238898038469 0.9692063685373266
5.026548245743669 0.9834699958145601
5.340707511102648 1.1120170637448001
5.654866776461628 0.9444110314137782
5.969026041820607 1.075780844309708
6.283185307179586 1.0849338895679665
6.5973445725385655 1.0411430213110104
6.911503837897545 0.964434256506285
7.225663103256524 0.9314464942991993
7.5398223686155035 1.0663057706744965
7.853981633974483 1.0619591333594474
8.168140899333462 0.925027823682725
8.482300164692441 1.0586870567421989
8.79645943005142 1.0292121443870186
9.1106186954104 0.9840644814537326
9.42477796076938 0.9683026033848975
9.738937226128359 0.9956452065253814
10.053096491487338 0.9944205996564385
10.367255756846317 1.0094952020897703
10.681415022205297 0.9820756233771034
10.995574287564276 0.9666665445056618
11.309733552923255 0.9676292059146311
11.623892818282235 1.01137081784659
11.938052083641214 0.973281960138035
12.252211349000193 0.9775157799389027
12.566370614359172 0.9915857496704218
12.880529879718152 0.9590706957858239
13.194689145077131 0.9979605549498564
13.50884841043611 0.9811330193613492
13.82300767579509 0.981800608904933
14.137166941154069 0.9975460939418174
14.451326206513048 0.980812865435954
14.765485471872028 0.9740322762020611
15.079644737231007 1.025722809225299
15.393804002589986 0.9654136977377754
15.707963267948966 1.0072894008475946
16.022122533307943 0.987807469266166
16.336281798666924 1.0005945429584737
16.650441064025905 1.014394754744444
16.964600329384883 1.0308503730995853
17.27875959474386 1.0038406644754934
17.59291886010284 1.0060193848599035
17.907078125461823 1.0197014934762774
18.2212373908208 1.0206279171937715
18.535396656179778 1.000139536127531
18.84955592153876 0.9766417830497283
19.16371518689774 0.9981735950202076
19.477874452256717 0.9969370125528877
19.792033717615695 0.9924625168270509
20.106192982974676 0.9791515144029317
20.420352248333657 1.0040284321509243
20.734511513692635 0.9959479912400788
21.048670779051612 1.0171905492968776
21.362830044410593 0.9992765174083761
21.676989309769574 0.9961923082693916
21.991148575128552 1.0054489406661387
22.30530784048753 1.038808232200383
22.61946710584651 1.0051194375787036
22.93362637120549 0.9677677083930962
23.24778563656447 1.049184463940923
23.561944901923447 0.9889501855294004
23.876104167282428 1.0382204402583597
24.19026343264141 0.9809484618344061
24.504422698000386 0.973984722236203
24.818581963359364 1.0126491016252261
25.132741228718345 1.00638565895016
25.446900494077326 0.9989526779336748
25.761059759436304 0.9959400508733465
26.07521902479528 1.0192120501648605
26.389378290154262 1.04200621798553
26.703537555513243 0.9653768291734194
27.01769682087222 1.021321844919474
27.3318560862312 1.0089934741276936
27.64601535159018 1.0079121794789605
27.96017461694916 1.0121919910228716
28.274333882308138 1.0341534770742353
28.588493147667116 0.996049089249901
28.902652413026097 0.9951759068770941
29.216811678385078 1.0280748548727943
29.530970943744055 0.9874409187492708
29.845130209103033 0.9934610467409536
30.159289474462014 1.024627765515224
30.473448739820995 1.021120334748194
30.787608005179973 0.9910649039278837
31.10176727053895 0.9765706041068225
