# r  Cs(r) [pure estimator]
0.2 2.7676233724220596e-6
0.6000000000000001 3.946892265403786e-6
1.0 4.408861937900091e-6
1.4000000000000001 1.4551322775771873e-5
1.8 7.83534275688164e-6
2.2 4.7072726447700505e-6
2.6 -7.835796036105028e-7
3.0 1.178459338765766e-5
3.4000000000000004 8.192957871530688e-6
3.8000000000000003 -3.1110840996716694e-6
4.2 -1.9446577944109857e-6
4.6000000000000005 1.4853276949400182e-6
5.0 2.9512827141831584e-6
5.4 9.10323478530035e-6
5.800000000000001 -5.977715189689151e-6
6.2 7.270619638810991e-6
6.6000000000000005 5.495426301624726e-6
7.0 1.4422360659408084e-6
7.4 3.365180211210153e-6
7.800000000000001 1.0997650329108197e-5
8.200000000000001 -3.6666407618383616e-8
8.6 -1.2899348252012624e-6
9.0 -2.704857152951491e-6
9.4 -9.435366463210103e-6
9.8 -6.291599315611727e-6
10.200000000000001 5.43920525528245e-6
10.600000000000001 1.9369808426161068e-6
11.0 5.671280333962747e-6
11.4 4.0721161941284725e-6
11.8 -4.970357316316011e-6
12.200000000000001 6.207248175122053e-6
12.600000000000001 1.6294371969628571e-6
13.0 7.014623387368389e-6
13.4 -3.834972405075715e-6
13.8 -9.378685785801052e-6
14.200000000000001 4.846068383286556e-6
14.600000000000001 9.504181326614692e-7
15.0 3.249003760298742e-6
15.4 1.58390952117737e-7
15.8 -1.0102834140959708e-5
16.2 -3.6366948986928532e-6
16.6 7.557839147981908e-7
17.0 -1.4223965137194913e-6
17.400000000000002 -5.096900424861585e-7
17.8 -1.5816470061014052e-6
18.2 -1.2419173079433678e-5
18.6 -1.2370813079940765e-5
19.0 4.3955301823517695e-6
19.400000000000002 -1.1189134918187047e-6
19.8 -6.460237646656575e-6
20.200000000000003 -4.662720927042814e-6
20.6 -3.6909293162955003e-6
21.0 5.811453350560214e-6
21.400000000000002 -4.758702547442368e-6
21.8 4.014807189325494e-6
22.200000000000003 -6.168450870118074e-7
22.6 4.994916762161558e-6
23.0 4.678672362634301e-6
23.400000000000002 6.778298564474282e-7
23.8 4.15655692273288e-6
24.200000000000003 -1.4125853695367306e-7
24.6 3.083506703990097e-6
25.0 -3.8714347495330197e-8
25.400000000000002 3.099731819476162e-6
25.8 -2.399603807542756e-6
26.200000000000003 4.792918377786635e-6
26.6 -1.6830780475036504e-6
27.0 -4.884367394372916e-6
27.400000000000002 -1.795549292707969e-6
27.8 -5.011521890384652e-6
28.200000000000003 -9.044477722495374e-6
28.6 -1.0181547885578407e-5
29.0 6.011652399986014e-7
29.400000000000002 -2.424734611786285e-6
29.8 -1.236965382092883e-6
30.200000000000003 9.213735460882321e-6
30.6 -6.6244792089248565e-6
31.0 -4.921548345876984e-6
31.400000000000002 -2.1405977555085924e-6
31.8 1.7176823332474605e-6
32.2 5.8356409877753615e-6
32.6 1.19009865393405e-6
33.0 -1.0760234734911578e-6
33.4 2.588592087450305e-6
33.800000000000004 1.1019200097843098e-6
34.2 -5.354715060061849e-6
34.6 8.870339466640819e-6
35.0 -2.444515947495476e-7
35.4 6.086830219666047e-6
35.800000000000004 -2.1205821997899666e-6
36.2 1.4646322132185362e-6
36.6 -6.82947513891098e-7
37.0 6.87143081092337e-6
37.4 7.302686926767503e-6
37.800000000000004 6.5183609706195205e-6
38.2 3.843973151404678e-6
38.6 -3.9364807050586716e-6
39.0 -5.460651359717025e-7
39.400000000000006 -2.736680029982212e-6
39.800000000000004 7.086999515380432e-6
