# P_value  count
-1.0 0.0
-0.975 0.0
-0.95 0.0
-0.925 0.0
-0.9 0.0
-0.875 0.0
-0.85 0.0
-0.825 0.0
-0.8 0.0
-0.775 0.0
-0.75 0.0
-0.725 0.0
-0.7 0.0
-0.675 0.0
-0.65 0.0
-0.625 0.0
-0.6 0.0
-0.575 0.0
-0.55 0.0
-0.525 0.0
-0.5 0.0
-0.475 0.0
-0.45 0.0
-0.425 36.0
-0.4 0.0
-0.375 55.0
-0.35 324.0
-0.325 567.0
-0.3 476.0
-0.275 547.0
-0.25 1489.0
-0.225 1637.0
-0.2 4751.0
-0.175 6295.0
-0.15 7775.0
-0.125 11821.0
-0.1 10889.0
-0.075 14142.0
-0.05 17234.0
-0.025 16880.0
0.0 17244.0
0.025 17574.0
0.05 17568.0
0.075 15573.0
0.1 15906.0
0.125 9771.0
0.15 6390.0
0.175 5290.0
0.2 5984.0
0.225 3010.0
0.25 1886.0
0.275 610.0
0.3 161.0
0.325 662.0
0.35 114.0
0.375 170.0
0.4 0.0
0.425 27.0
0.45 0.0
0.475 0.0
0.5 0.0
0.525 0.0
0.55 0.0
0.575 0.0
0.6 0.0
0.625 0.0
0.65 0.0
0.675 0.0
0.7 0.0
0.725 0.0
0.75 0.0
0.775 0.0
0.8 0.0
0.825 0.0
0.85 0.0
0.875 0.0
0.9 0.0
0.925 0.0
0.95 0.0
0.975 0.0
1.0 0.0
