block_size         error    difference      rel_diff
-------------------------------------------------------
       2  1.115968e-06  4.615766e-07  4.136111e-01
       4  1.577544e-06  6.517385e-07  4.131348e-01
       8  2.229283e-06  9.188201e-07  4.121595e-01
      16  3.148103e-06  1.291708e-06  4.103132e-01
      32  4.439811e-06  1.806200e-06  4.068190e-01
      64  6.246011e-06  2.501068e-06  4.004264e-01
     128  8.747078e-06  3.403428e-06  3.890931e-01
     256  1.215051e-05  4.457504e-06  3.668575e-01
     512  1.660801e-05  5.536958e-06  3.333908e-01
    1024  2.214497e-05  5.845915e-06  2.639839e-01
    2048  2.799088e-05  4.783043e-06  1.708786e-01
    4096  3.277393e-05  3.005482e-06  9.170344e-02
    8192  3.577941e-05  2.045926e-06  5.718166e-02
   16384  3.782533e-05  2.018447e-06  5.336231e-02
   32768  3.984378e-05  4.942654e-06  1.240508e-01
   65536  4.478644e-05  7.418373e-07  1.656388e-02
  131072  4.552827e-05           ---           ---
