# k values and corresponding S(k) [pure estimator]
0.0 1.020942339875849
0.07853981633974483 1.0065306190798604
0.15707963267948966 1.067009569130082
0.23561944901923448 0.9857367035058853
0.3141592653589793 1.001195072766076
0.39269908169872414 0.9400511412060155
0.47123889803846897 0.9844059306200302
0.5497787143782138 1.0391951152868268
0.6283185307179586 0.9329892119113431
0.7068583470577035 0.9340340165213328
0.7853981633974483 0.9972484066878302
0.8639379797371931 0.9895437829057611
0.9424777960769379 0.9673317131344715
1.0210176124166828 1.0075275530420245
1.0995574287564276 0.9681370979746189
1.1780972450961724 0.9750899821951985
1.2566370614359172 0.940753122149517
1.335176877775662 0.9256575018550905
1.413716694115407 0.9362960109416064
1.4922565104551517 0.9627374893866344
1.5707963267948966 0.943749864504568
1.6493361431346414 0.9869575533828758
1.7278759594743862 0.9797221978279921
1.806415775814131 0.9512648673695211
1.8849555921538759 0.9755323591349149
1.9634954084936207 0.9536292157596884
2.0420352248333655 0.9356661222416198
2.1205750411731104 0.9684840765917083
2.199114857512855 0.9892086321146032
2.2776546738526 0.9699721336125363
2.356194490192345 1.0022379727337092
2.4347343065320897 0.9464261606918034
2.5132741228718345 1.0189727786986607
2.5918139392115793 0.9570046525193879
2.670353755551324 0.9400264597166446
2.748893571891069 0.9077137120022933
2.827433388230814 0.9293315666201574
2.9059732045705586 0.9847034301144725
2.9845130209103035 1.0165662372668909
3.0630528372500483 0.9466776649910907
3.141592653589793 0.9201944262971686
3.220132469929538 0.9220395131202712
3.2986722862692828 0.970666981998021
3.3772121026090276 0.9704358249474972
3.4557519189487724 0.9501672022800404
3.5342917352885173 0.987584724328128
3.612831551628262 1.0009605284580148
3.691371367968007 0.9721022235687277
3.7699111843077517 0.9901501759531117
3.8484510006474966 0.9981844897202505
3.9269908169872414 1.0376116539162703
4.005530633326986 0.9840403428829618
4.084070449666731 0.9602254970603107
4.162610266006476 0.9727380952938505
4.241150082346221 0.9884725420002831
4.319689898685965 0.9873758886022289
4.39822971502571 0.9445001043707614
4.476769531365456 0.964763432558881
4.5553093477052 0.9776659621131678
4.633849164044944 0.9597457703895123
4.71238898038469 0.9475660843857739
4.790928796724435 0.9696104039206119
4.869468613064179 0.9862755678011917
4.948008429403924 0.9618291238059955
5.026548245743669 0.9671205167828146
5.105088062083414 0.9474857180222286
5.183627878423159 0.9450667759905943
5.262167694762903 0.9660234380483814
5.340707511102648 0.9395256088946645
5.419247327442394 0.9569753890155608
5.497787143782138 0.9494941399779961
5.576326960121882 0.9655275046334574
5.654866776461628 1.012452172579024
5.733406592801373 0.9968548794131122
5.811946409141117 1.0286904014363483
