# k values and corresponding S(k) [pure estimator]
0.0 41.85575573430503
0.07853981633974483 0.7703808671948612
0.15707963267948966 0.8582134453936608
0.23561944901923448 0.8987547680898517
0.3141592653589793 0.9215912734172682
0.39269908169872414 0.9407973931217206
0.47123889803846897 0.9317702517553977
0.5497787143782138 0.9615358714725952
0.6283185307179586 0.9485664059210188
0.7068583470577035 0.9609067897129436
0.7853981633974483 0.959454606562352
0.8639379797371931 0.9544453528714577
0.9424777960769379 0.9553424551701059
1.0210176124166828 0.951356977778409
1.0995574287564276 0.9598349226600396
1.1780972450961724 0.9659817773710607
1.2566370614359172 0.9470920066651446
1.335176877775662 0.9874328410661348
1.413716694115407 0.9637418354691135
1.4922565104551517 0.972836777139163
1.5707963267948966 0.9689887281382444
1.6493361431346414 0.9591943985797889
1.7278759594743862 0.9671896572371077
1.806415775814131 0.9868025003570225
1.8849555921538759 0.9683601096709551
1.9634954084936207 0.9749907807167045
2.0420352248333655 0.9745372850296691
2.1205750411731104 0.9532569073841315
2.199114857512855 0.9606530106162858
2.2776546738526 0.9655525591525154
2.356194490192345 0.9706774911266799
2.4347343065320897 0.9692534413356924
2.5132741228718345 0.9701911808775818
2.5918139392115793 0.960772313227999
2.670353755551324 0.9612978113967363
2.748893571891069 0.9759357176280465
2.827433388230814 0.9588531353175384
2.9059732045705586 0.9663838338995854
2.9845130209103035 0.9807553129354234
3.0630528372500483 0.9685128975108356
3.141592653589793 0.9582967513884268
3.220132469929538 0.9840585311125731
3.2986722862692828 0.9380879845911342
3.3772121026090276 0.9688299909488762
3.4557519189487724 0.9639526631851668
3.5342917352885173 0.9850169855407788
3.612831551628262 0.981971822405251
3.691371367968007 0.9507396312978342
3.7699111843077517 0.9675105476974589
3.8484510006474966 0.9745053629818261
3.9269908169872414 0.9501435816857403
4.005530633326986 0.9816949765513305
4.084070449666731 0.9859721056151254
4.162610266006476 0.9733703147333436
4.241150082346221 0.9706983662802549
4.319689898685965 0.9513175612021558
4.39822971502571 0.9724679548163868
4.476769531365456 0.9627319501043005
4.5553093477052 0.9565891199330044
4.633849164044944 0.9709565578070355
4.71238898038469 0.955327486178613
4.790928796724435 0.9607376193913493
4.869468613064179 0.9673530231836673
4.948008429403924 0.9747701306251914
5.026548245743669 0.9786452752917333
5.105088062083414 0.9672968741911402
5.183627878423159 0.9833129444159622
5.262167694762903 0.9677803567090699
5.340707511102648 0.964112977068379
5.419247327442394 0.9656630694493434
5.497787143782138 0.9684971816913355
5.576326960121882 0.9524389986393473
5.654866776461628 0.9772497441591894
5.733406592801373 0.9749324515530918
5.811946409141117 0.9743007537243135
