# r  Cs(r) [pure estimator]
0.2 -3.830892646536805e-6
0.6000000000000001 -1.3004240005674726e-6
1.0 -7.90223013618999e-7
1.4000000000000001 -1.4996586337708118e-6
1.8 5.25768876433947e-7
2.2 2.5378870379429647e-7
2.6 1.6083972581219363e-6
3.0 -4.91427904018832e-7
3.4000000000000004 -2.3341915249497156e-6
3.8000000000000003 5.171900747415222e-7
4.2 -1.3150730370886749e-6
4.6000000000000005 -2.028541609133416e-6
5.0 1.0013887488005665e-6
5.4 -1.001245262020055e-6
5.800000000000001 -6.432441084090242e-7
6.2 2.088994056774539e-6
6.6000000000000005 -7.481690182679358e-7
7.0 -2.5147103935158907e-6
7.4 2.54371324803457e-7
7.800000000000001 -7.416968157986988e-7
8.200000000000001 -8.949107735826529e-7
8.6 -1.0420972573402725e-6
9.0 -8.322748890240146e-7
9.4 1.0467405324867686e-6
9.8 -1.279934497293565e-7
10.200000000000001 -5.789433536648496e-8
10.600000000000001 5.629025532641157e-8
11.0 4.70349318404796e-7
11.4 -3.4900284584628783e-7
11.8 -9.63437325384362e-7
12.200000000000001 -1.7754202761752569e-6
12.600000000000001 -2.766086216581708e-6
13.0 1.7222762824708414e-6
13.4 -1.524161396255311e-6
13.8 5.39501900207489e-7
14.200000000000001 -1.2100082658556622e-6
14.600000000000001 8.485485272241311e-7
15.0 -4.541691784471961e-7
15.4 -1.9637753911198907e-6
15.8 4.955487507093676e-7
16.2 5.41992185999395e-7
16.6 9.419417107563583e-7
17.0 3.704358449870688e-6
17.400000000000002 -1.6415367770644422e-6
17.8 -1.1425443810184776e-7
18.2 -7.861407291189623e-8
18.6 -1.2428531722880026e-6
19.0 1.826604292869517e-6
19.400000000000002 -2.7195369999312307e-7
19.8 -2.2042970055676644e-6
20.200000000000003 6.506242645793181e-8
20.6 -6.881620082020765e-7
21.0 1.3117898858105929e-6
21.400000000000002 -1.4528264826249725e-6
21.8 -5.000556022177234e-7
22.200000000000003 -5.305675456973589e-7
22.6 -5.53338709611169e-7
23.0 2.966078261983446e-6
23.400000000000002 -6.820031500693901e-7
23.8 -6.343591970008914e-9
24.200000000000003 -1.5564597214015507e-6
24.6 1.413986915044145e-7
25.0 -2.451483522724947e-6
25.400000000000002 -3.543104578364714e-7
25.8 -5.137710805998898e-7
26.200000000000003 -2.4899560378308012e-6
26.6 1.8440908701232547e-6
27.0 -2.5093676914748016e-7
27.400000000000002 -1.0456928627209895e-6
27.8 -2.1182773132944268e-7
28.200000000000003 -1.6465629409520753e-6
28.6 1.1357691360101873e-6
29.0 -1.7944188534759125e-6
29.400000000000002 9.078567912056983e-7
29.8 -5.347178018089074e-7
30.200000000000003 -2.19291199780205e-6
30.6 -1.2033893764243171e-6
31.0 1.3248214749263122e-7
31.400000000000002 -6.540007637302475e-7
31.8 -1.6848204733244579e-6
32.2 9.122144970272768e-7
32.6 -2.5261583324268437e-6
33.0 -1.474577686428936e-6
33.4 -1.1095546240663266e-6
33.800000000000004 1.408474702937451e-6
34.2 -6.2241554295527e-7
34.6 -4.426651724205118e-7
35.0 -5.529104541657854e-7
35.4 -1.0786514010886483e-6
35.800000000000004 -3.851790719015353e-6
36.2 -2.9781143564804383e-6
36.6 -2.6331751059775055e-6
37.0 -1.3140627255702175e-6
37.4 1.8976243831581183e-6
37.800000000000004 -1.443441082956175e-6
38.2 -1.6779710216298165e-6
38.6 -1.1728418936241591e-6
39.0 5.390559070715106e-7
39.400000000000006 1.3426268283835024e-6
39.800000000000004 6.682674767016277e-8
