# k values and corresponding S(k) [pure estimator]
0.0 0.9337173538584793
0.07853981633974483 0.9792386539048694
0.15707963267948966 0.9605190906342225
0.23561944901923448 0.9684466602193506
0.3141592653589793 0.9764880378837889
0.39269908169872414 0.9699630898455053
0.47123889803846897 0.9724152570145043
0.5497787143782138 0.9626348299859389
0.6283185307179586 0.9762116798395283
0.7068583470577035 0.9675640042956573
0.7853981633974483 0.980278796928725
0.8639379797371931 0.9633181613479522
0.9424777960769379 0.9695980504563283
1.0210176124166828 0.9575372497635689
1.0995574287564276 0.982267255483187
1.1780972450961724 0.9703089652328903
1.2566370614359172 0.9679482459194948
1.335176877775662 0.9715629482367795
1.413716694115407 0.9656315959168404
1.4922565104551517 0.9655203006643629
1.5707963267948966 0.960731567026339
1.6493361431346414 0.9684939880421467
1.7278759594743862 0.9626726450437888
1.806415775814131 0.9753032057521563
1.8849555921538759 0.9796483889095616
1.9634954084936207 0.9710399503013089
2.0420352248333655 0.9673577286354702
2.1205750411731104 0.9686935798111347
2.199114857512855 0.9859238245252738
2.2776546738526 0.9677091791749509
2.356194490192345 0.9869985046827598
2.4347343065320897 0.9638842242421929
2.5132741228718345 0.9723218449485556
2.5918139392115793 0.9738843406888198
2.670353755551324 0.975576331741766
2.748893571891069 0.9770379640855938
2.827433388230814 0.9681570689086849
2.9059732045705586 0.9719758827707601
2.9845130209103035 0.9864090635809417
3.0630528372500483 0.9753204185358806
3.141592653589793 0.9637910526872837
3.220132469929538 0.9721137329362868
3.2986722862692828 0.9747279537107824
3.3772121026090276 0.9781539384854928
3.4557519189487724 0.9631332673331279
3.5342917352885173 0.9731939451945524
3.612831551628262 0.9573179767792892
3.691371367968007 0.9712187963580166
3.7699111843077517 0.9721773665779104
3.8484510006474966 0.9721301002085918
3.9269908169872414 0.9747466556584292
4.005530633326986 0.9672769496154859
4.084070449666731 0.9719843021269083
4.162610266006476 0.9696045931129331
4.241150082346221 0.9766706736348851
4.319689898685965 0.9669613110784157
4.39822971502571 0.9685230957496029
4.476769531365456 0.974568545550169
4.5553093477052 0.9568681359127723
4.633849164044944 0.974590676023074
4.71238898038469 0.9733467468786586
4.790928796724435 0.964377907945713
4.869468613064179 0.9928497731968936
4.948008429403924 0.9791643481529415
5.026548245743669 0.9661357487746403
5.105088062083414 0.969190238198712
5.183627878423159 0.9806175164786841
5.262167694762903 0.9868458754423203
5.340707511102648 0.9709181114890819
5.419247327442394 0.9653497271510412
5.497787143782138 0.9706676122270871
5.576326960121882 0.9611025696168167
5.654866776461628 0.9728046060037466
5.733406592801373 0.9608401547123142
5.811946409141117 0.9608345129768303
