# r  Cs(r) [pure estimator]
0.075 2.6863615329964466e-6
0.22499999999999998 7.882898143157245e-7
0.375 -2.695253257718168e-6
0.525 -3.089982442083101e-6
0.6749999999999999 -8.491661858238312e-7
0.825 -9.907179941832426e-7
0.975 -2.3222661347835465e-6
1.125 -5.874155564626438e-6
1.275 2.334999349643064e-8
1.425 -5.623413454935669e-6
1.575 -2.764531861489403e-6
1.7249999999999999 -2.4157164064362538e-6
1.875 -4.063922572673631e-7
2.025 -8.718957362853861e-7
2.175 1.5644350886530436e-6
2.3249999999999997 -4.61536528187191e-6
2.475 -3.0849915278647236e-6
2.625 -8.986300218520312e-7
2.775 -8.553512197778422e-7
2.925 1.9279878581567064e-6
3.0749999999999997 -2.5902730646704157e-6
3.225 -7.413446555122289e-6
3.375 1.0311804901087454e-7
3.525 -8.593060169350939e-7
3.675 -6.446525943588717e-6
3.8249999999999997 -8.267959451154608e-7
3.9749999999999996 1.1507651572357345e-6
4.125 6.446623390374854e-7
4.2749999999999995 -2.0858834645435194e-6
4.425 -1.7905856569129155e-6
4.575 -1.2747287488601505e-6
4.725 -5.120278519407127e-7
4.875 3.283155193098718e-8
5.0249999999999995 -1.9575209471670016e-6
5.175 -5.210001667913858e-6
5.325 2.2182050840570155e-6
5.475 -1.5643983383168936e-6
5.625 -9.67442457512053e-7
5.7749999999999995 -2.4615367462054573e-6
5.925 -2.901066833363939e-7
6.075 -3.060644217196693e-8
6.225 -5.569099337719419e-6
6.375 -1.7881932570188413e-6
6.5249999999999995 5.294454145563519e-7
6.675 -7.291145191114763e-7
6.825 -1.290990618734804e-6
6.975 -2.6099636509295357e-6
7.125 -2.4136548521445872e-6
7.2749999999999995 1.2759292481334781e-6
7.425 6.028881547907715e-7
7.574999999999999 -2.6809880826677e-6
7.725 -7.752022903837037e-7
7.875 -7.861217079473823e-6
8.025 -4.311835696944531e-6
8.174999999999999 -1.2262426460054044e-6
8.325 -2.694985330689806e-6
8.475 -1.1244436780920672e-6
8.625 -2.7763901094232973e-6
8.775 -4.23368042463892e-7
8.924999999999999 3.1182090743415775e-7
9.075 2.2670626293208956e-6
9.225 -3.798227144846628e-6
9.375 -5.493442135899533e-7
9.525 -4.388822335971342e-6
9.674999999999999 -5.950995749317376e-7
9.825 1.8194414014079015e-7
9.975 -4.986384986914596e-6
10.125 -1.0974662684824688e-6
10.275 -2.640317231538116e-6
10.424999999999999 4.564080884805053e-7
10.575 -1.243804790637288e-6
10.725 -8.733793299263421e-7
10.875 -2.2293041834222417e-6
11.025 -3.040532964966761e-6
11.174999999999999 -3.3070450813398968e-6
11.325 1.047638304453802e-6
11.475 1.9657703573730732e-7
11.625 -5.370744314852278e-6
11.775 -4.4683693313439145e-7
11.924999999999999 -2.9536343407000914e-6
12.075 -3.973175533403022e-6
12.225 -2.164910998017271e-6
12.375 -2.497517200710723e-6
12.525 -4.479175516730038e-6
12.674999999999999 -7.529286357853565e-7
12.825 5.41679370937047e-7
12.975 -2.161062787831276e-6
13.125 -5.960378021768818e-6
13.275 -1.418786972317395e-6
13.424999999999999 -3.841497344479444e-6
13.575 -5.373036014431385e-6
13.725 -2.8555071142264934e-6
13.875 1.161283051072254e-6
14.025 -4.100265141114757e-6
14.174999999999999 -4.91306081456898e-6
14.325 -1.0558323480867243e-6
14.475 -2.5036891370160374e-6
14.625 -2.4281617595381185e-6
14.774999999999999 -1.2051415736256821e-6
14.924999999999999 -7.186186490532334e-7
