# k  S_n(k)
0.0 40.0
0.15707963267948966 0.07720610580547536
0.3141592653589793 0.2173128604059501
0.47123889803846897 0.43609418349497014
0.6283185307179586 1.3802678867523301
0.7853981633974483 1.004841216039595
0.9424777960769379 1.3879465633866206
1.0995574287564276 0.8784957476269163
1.2566370614359172 1.192474263367177
1.413716694115407 0.8052695642767996
1.5707963267948966 1.0091603487162382
1.7278759594743862 1.2220380338427355
1.8849555921538759 0.7250023140046628
2.0420352248333655 1.1603880354524794
2.199114857512855 0.9303898186261634
2.356194490192345 1.1925254481495076
2.5132741228718345 0.7500157486242652
2.670353755551324 0.961858264744806
2.827433388230814 1.2736973737260762
2.9845130209103035 0.8174796099148347
3.141592653589793 1.1409744323258106
3.2986722862692828 1.257049271611493
3.4557519189487724 1.0316758698118171
3.612831551628262 1.1238205666056362
3.7699111843077517 0.8509452580122215
3.9269908169872414 0.8512981417168523
4.084070449666731 1.0491599738045974
4.241150082346221 0.9234989992392735
4.39822971502571 0.880808704085558
4.5553093477052 0.9770706660175952
4.71238898038469 1.0958947631427085
4.869468613064179 0.8809431708987817
5.026548245743669 1.0826672581514118
5.183627878423159 0.8141433261596691
5.340707511102648 1.186334093751362
5.497787143782138 0.9985650066326855
5.654866776461628 1.0945841075465907
5.811946409141117 0.8705072298714032
5.969026041820607 1.137539366762903
6.126105674500097 0.9744431919595383
6.283185307179586 0.93657417231785
6.440264939859076 0.8679138332866903
6.5973445725385655 1.1981219622299726
6.754424205218055 0.9609172046898864
6.911503837897545 1.0722034391015727
7.0685834705770345 0.8759791570231847
7.225663103256524 0.9848808327646459
7.382742735936014 0.9346966132820395
7.5398223686155035 1.0252222985212183
7.696902001294993 1.0463318968216735
7.853981633974483 1.064437749231185
8.011061266653972 1.0993426671799622
8.168140899333462 0.9189791854215992
8.325220532012953 1.053280695753742
8.482300164692441 0.9468046884956414
8.63937979737193 0.9956391569319278
8.79645943005142 1.0548681716142325
8.953539062730911 0.9545629087820585
9.1106186954104 0.9482568954383721
9.267698328089889 1.0202861061337234
9.42477796076938 0.9368900208648094
9.58185759344887 1.0118745643281901
9.738937226128359 0.8919460531419854
9.896016858807847 0.9462181558922681
10.053096491487338 0.9908936665883131
10.210176124166829 0.9933917120087
10.367255756846317 1.0721697366928413
10.524335389525806 0.9466272525754337
10.681415022205297 1.058052959481253
10.838494654884787 0.9663535847175148
10.995574287564276 0.9577913742118606
11.152653920243765 0.9541500924170858
11.309733552923255 1.0150595884771014
11.466813185602746 1.0061111677384813
11.623892818282235 1.051544532857962
11.780972450961723 1.0233220771787412
11.938052083641214 0.9539304010433526
12.095131716320704 1.0110271439519174
12.252211349000193 1.0306946296364365
12.409290981679682 1.0760277429964686
12.566370614359172 1.0038897541630278
12.723450247038663 1.02466965359897
12.880529879718152 0.9467651015372393
13.03760951239764 0.9816772797110569
13.194689145077131 0.9971586607097737
13.351768777756622 1.079236603310804
13.50884841043611 0.9165652207639102
13.6659280431156 0.9966093085825802
13.82300767579509 1.032341407047424
13.98008730847458 0.9722936877728233
14.137166941154069 0.9368067942768812
14.294246573833558 1.0321590273805905
14.451326206513048 0.9671657923950469
14.608405839192539 1.0688955272271699
14.765485471872028 1.0481290833616659
14.922565104551516 1.0104842185613652
15.079644737231007 1.0034046818165543
15.236724369910498 1.0297712012232834
15.393804002589986 0.9684750508924147
15.550883635269475 0.9985546424831099
