# k  S_s(k)
0.0 0.0
0.12566370614359174 0.5034459521574616
0.25132741228718347 1.7389285357624555
0.3769911184307752 0.4964208849194682
0.5026548245743669 0.6546646615838443
0.6283185307179586 1.2717499355848496
0.7539822368615504 0.9494524327600774
0.8796459430051422 1.0581585884576112
1.0053096491487339 1.2417592129958144
1.1309733552923256 1.0512765079823059
1.2566370614359172 1.8752890317338513
1.3823007675795091 1.0180897284741195
1.5079644737231008 1.301750715807303
1.6336281798666925 1.1276194093517673
1.7592918860102844 0.9978728153957587
1.884955592153876 1.2634416783128215
2.0106192982974678 0.9016029713822434
2.1362830044410597 0.9202064336125514
2.261946710584651 0.7925504344609725
2.387610416728243 1.2435178317475708
2.5132741228718345 1.1519208642382168
2.6389378290154264 0.9180450887548848
2.7646015351590183 1.0584634275173956
2.8902652413026098 0.9830897163609805
3.0159289474462017 0.9488672831891155
3.1415926535897936 0.9180370151535988
3.267256359733385 1.0498750561433494
3.392920065876977 1.0528026602526388
3.518583772020569 0.970485617212535
3.6442474781641603 1.0240612897971142
3.769911184307752 0.972382817012872
3.8955748904513436 0.9988025055571145
4.0212385965949355 1.1381769156389212
4.1469023027385274 1.0530032893026966
4.272566008882119 1.0923876081883794
4.39822971502571 1.1904965812945727
4.523893421169302 1.0399726597035681
4.649557127312894 0.9707625339882322
4.775220833456486 0.8921316892427101
4.900884539600078 1.0526700275752119
5.026548245743669 0.9205337280245635
5.152211951887261 0.9912335643672338
5.277875658030853 0.9309301631213978
5.403539364174445 1.1771310714521561
5.529203070318037 1.04033781570448
5.6548667764616285 1.1209482686008496
5.7805304826052195 0.9231589230323829
5.906194188748811 1.0408301095209755
6.031857894892403 1.044810888319595
6.157521601035995 0.9819708675819249
6.283185307179587 0.9463656476629694
6.408849013323178 1.0883512488487932
6.53451271946677 0.9512675109724986
6.660176425610362 1.0811074790236588
6.785840131753954 0.9635626692945555
6.911503837897546 0.8136153231486902
7.037167544041138 0.9132642877847139
7.162831250184729 0.9050468316795031
7.288494956328321 1.0192937589398954
7.4141586624719125 1.1308475373602906
7.539822368615504 0.9318088974712955
7.665486074759096 1.169314276806853
7.791149780902687 1.0706390503111483
7.916813487046279 1.0246529800853879
8.042477193189871 0.9637310000512246
8.168140899333462 0.9915880692140044
8.293804605477055 0.9905555827751292
8.419468311620646 0.963513629590745
8.545132017764239 0.9668817321757855
8.67079572390783 1.0265195491709023
8.79645943005142 0.8784488274974593
8.922123136195014 1.1445458891328069
9.047786842338605 1.0193940319786625
9.173450548482197 0.958684998633709
9.299114254625788 1.0631179846080598
9.42477796076938 1.0172312010381157
9.550441666912972 1.016720213433833
9.676105373056563 1.1278865606792137
9.801769079200156 0.9714181841633348
9.927432785343747 1.021492722161237
10.053096491487338 0.9262351725607786
10.17876019763093 1.0665905952834651
10.304423903774522 1.0331578309025609
10.430087609918115 0.9635545017617011
10.555751316061706 0.9807213947632886
10.681415022205298 1.011076861777752
10.80707872834889 0.966984054030782
10.93274243449248 1.034929947559004
11.058406140636073 0.9509414997810662
11.184069846779664 1.1071110323428337
11.309733552923257 1.0378907222740885
11.435397259066848 1.050308918580658
11.561060965210439 0.9742818154210591
11.686724671354032 1.0291516966098828
11.812388377497623 1.1095356908685903
11.938052083641216 0.934010457749709
12.063715789784807 0.9797425305250336
12.189379495928398 1.0112527591616745
12.31504320207199 1.0599359403370712
12.440706908215581 1.0385724729110106
