# k  S_n(k)
0.0 90.0
0.06981317007977318 0.8542663095663311
0.13962634015954636 0.2502970287481144
0.20943951023931956 0.4348929242867282
0.2792526803190927 0.2811369925236774
0.3490658503988659 1.0226038955080292
0.4188790204786391 0.3954825444090441
0.4886921905584123 0.7405697043126583
0.5585053606381855 0.33147002906571527
0.6283185307179586 0.19801691969662294
0.6981317007977318 0.45992394594663455
0.767944870877505 1.9608217933638237
0.8377580409572782 0.22545587084634203
0.9075712110370514 1.9718148805950473
0.9773843811168246 1.8295081373803974
1.0471975511965976 0.7444005453979288
1.117010721276371 0.44749848781377266
1.1868238913561442 2.1711302661534737
1.2566370614359172 1.2267948798588066
1.3264502315156905 1.1787199770177879
1.3962634015954636 1.1911324193181674
1.4660765716752369 0.605229599092989
1.53588974175501 1.1304490774700648
1.6057029118347832 0.8074037850428188
1.6755160819145565 0.4341581751074123
1.7453292519943295 0.5968754805308705
1.8151424220741028 1.2683523279927749
1.8849555921538759 1.2510744656259436
1.9547687622336491 1.8767612462922934
2.0245819323134224 1.284307275312976
2.0943951023931953 1.183167337556399
2.1642082724729685 0.6292389428332856
2.234021442552742 1.1429139657069083
2.303834612632515 0.8576726311707608
2.3736477827122884 0.8045947090316994
2.443460952792061 0.9759986125895882
2.5132741228718345 0.6757738174403809
2.5830872929516078 0.7793061736851015
2.652900463031381 0.9705208684809312
2.722713633111154 0.9311130344327029
2.792526803190927 0.824937739560041
2.8623399732707004 1.1997609977472166
2.9321531433504737 1.1020398271147067
3.001966313430247 1.113878120176007
3.07177948351002 1.0020942552277488
3.141592653589793 1.004727782463436
3.2114058236695664 1.1099320203184795
3.2812189937493397 1.3417757062854376
3.351032163829113 1.5114535370934454
3.420845333908886 0.7559150635753737
3.490658503988659 0.8689550714579761
3.5604716740684323 0.7519262672369755
3.6302848441482056 0.8372596021853947
3.7000980142279785 1.1222539371097247
3.7699111843077517 0.8716557819558688
3.839724354387525 0.8918034136860756
3.9095375244672983 1.0191939641460486
3.9793506945470716 1.3900404520933012
4.049163864626845 0.7867453934212998
4.118977034706618 1.2691920287016598
4.1887902047863905 1.0388531029986945
4.258603374866164 0.9078440247793116
4.328416544945937 1.0931238686196745
4.39822971502571 1.0100695836165154
4.468042885105484 0.9861905364593835
4.537856055185257 0.6708794863224145
4.60766922526503 0.9583112484805163
4.6774823953448035 0.8545892492858278
4.747295565424577 0.7177987036930961
4.817108735504349 0.8288706153375186
4.886921905584122 0.9895455181769442
4.956735075663896 1.5340665958733333
5.026548245743669 1.0707775743190697
5.096361415823442 1.283950430925976
5.1661745859032155 1.1191195965969984
5.235987755982989 0.8314210511905772
5.305800926062762 0.9140180998124222
5.375614096142535 0.973816421792607
5.445427266222308 0.8100665128221146
5.515240436302081 0.8070359457376688
5.585053606381854 0.8317835583726868
5.654866776461628 1.0626068671351356
5.724679946541401 1.0079198941014005
5.794493116621174 1.0176208335650543
5.8643062867009474 0.9444903614878338
5.934119456780721 1.2536831459722353
6.003932626860494 1.061490218855891
6.073745796940266 0.9167927246826433
6.14355896702004 1.0402462344420447
6.213372137099813 0.8551105803638713
6.283185307179586 1.0049103863896993
6.3529984772593595 1.1358743266233515
6.422811647339133 1.1592676766052694
6.492624817418906 0.920927955818761
6.562437987498679 1.0206991061550506
6.632251157578453 1.0739033355661656
6.702064327658226 1.0121255383897971
6.771877497737998 1.0627492053618224
6.841690667817772 1.0956861903726811
6.911503837897545 0.9669574083190101
