block_size         error    difference      rel_diff
-------------------------------------------------------
       2  1.304256e-07  5.397537e-08  4.138402e-01
       4  1.844010e-07  7.625725e-08  4.135403e-01
       8  2.606583e-07  1.076318e-07  4.129230e-01
      16  3.682901e-07  1.516303e-07  4.117142e-01
      32  5.199203e-07  2.128600e-07  4.094089e-01
      64  7.327804e-07  2.967251e-07  4.049305e-01
     128  1.029505e-06  4.085980e-07  3.968877e-01
     256  1.438103e-06  5.481062e-07  3.811313e-01
     512  1.986210e-06  7.046668e-07  3.547797e-01
    1024  2.690877e-06  8.398915e-07  3.121256e-01
    2048  3.530768e-06  8.694298e-07  2.462438e-01
    4096  4.400198e-06  7.139801e-07  1.622609e-01
    8192  5.114178e-06  3.197931e-07  6.253069e-02
   16384  5.433971e-06  4.356708e-07  8.017539e-02
   32768  5.869642e-06  6.027327e-07  1.026864e-01
   65536  6.472374e-06  3.836151e-07  5.926960e-02
  131072  6.855990e-06           ---           ---
