# k  S_s(k)
0.0 0.0
0.07853981633974483 1.1405576041407182
0.15707963267948966 0.3279136649875955
0.23561944901923448 0.9272822609501955
0.3141592653589793 0.8972759557793093
0.39269908169872414 0.39044155331513475
0.47123889803846897 0.7112514216807325
0.5497787143782138 1.91408500865018
0.6283185307179586 0.5303214652707223
0.7068583470577035 0.2740277522646943
0.7853981633974483 3.0785543498668337
0.8639379797371931 0.6606336257384059
0.9424777960769379 0.2410456708889641
1.0210176124166828 0.2402558334507107
1.0995574287564276 0.7210777823952128
1.1780972450961724 1.2093392263990732
1.2566370614359172 0.6772756183088026
1.335176877775662 0.5008138189163215
1.413716694115407 2.4035164815945818
1.4922565104551517 0.6811987940434854
1.5707963267948966 1.4282968667535414
1.6493361431346414 0.7996662322693864
1.7278759594743862 0.6342359366359793
1.806415775814131 1.6479275185352014
1.8849555921538759 0.630360922110306
1.9634954084936207 0.7187001598150577
2.0420352248333655 0.5936721033847585
2.1205750411731104 1.648511749917995
2.199114857512855 1.1696325078597634
2.2776546738526 0.666130463986636
2.356194490192345 0.8354507062551196
2.4347343065320897 0.9825248125215612
2.5132741228718345 1.0910979933293212
2.5918139392115793 1.2389246918685168
2.670353755551324 1.4548533647603987
2.748893571891069 1.1097575225976133
2.827433388230814 0.6957949214128422
2.9059732045705586 1.286640841478564
2.9845130209103035 1.1991318162665374
3.0630528372500483 1.2488673547413753
3.141592653589793 0.8166933321769898
3.220132469929538 0.6732153683553238
3.2986722862692828 1.2466258446023575
3.3772121026090276 1.4715313037239166
3.4557519189487724 0.7467465734391536
3.5342917352885173 0.9565451932059514
3.612831551628262 0.8224179410129361
3.691371367968007 0.9073058742446822
3.7699111843077517 0.9119152767811239
3.8484510006474966 1.0062803931196047
3.9269908169872414 0.8985313225910126
4.005530633326986 1.09867088036552
4.084070449666731 1.0013533005747641
4.162610266006476 1.0307207782672725
4.241150082346221 1.2682933740686166
4.319689898685965 1.070920053039813
4.39822971502571 0.9294087498521408
4.476769531365456 1.3299871618989876
4.5553093477052 1.1275596494278175
4.633849164044944 0.8677238583377614
4.71238898038469 0.9704303063169085
4.790928796724435 1.1452437276060643
4.869468613064179 1.003728797782451
4.948008429403924 0.9680172955496115
5.026548245743669 1.3609744638288903
5.105088062083414 0.8729676689671024
5.183627878423159 0.9917103830034835
5.262167694762903 0.9088865215783196
5.340707511102648 1.0471648425897597
5.419247327442394 1.1479573501902651
5.497787143782138 1.0151321748481001
5.576326960121882 0.9646670935424542
5.654866776461628 0.9301635609073469
5.733406592801373 1.0169367349117995
5.811946409141117 1.082883751501288
5.890486225480862 0.9936471760223967
5.969026041820607 0.9870484390432107
6.047565858160352 1.0196258769650886
6.126105674500097 0.9247702482663385
6.204645490839841 0.8869345006853198
6.283185307179586 0.96585539068084
6.3617251235193315 1.0639784883497825
6.440264939859076 1.0336673046744917
6.51880475619882 0.9491335331859598
6.5973445725385655 1.009871877513779
6.675884388878311 1.1811297085205492
6.754424205218055 1.0335859410727046
6.8329640215578 1.1216824169829145
6.911503837897545 0.957226124956422
6.99004365423729 1.2350740960545428
7.0685834705770345 1.0881883833762434
7.147123286916779 1.0854953299024597
7.225663103256524 0.9498417492802234
7.304202919596269 0.8954280042349995
7.382742735936014 1.0458104185267636
7.461282552275758 1.1302404156318757
7.5398223686155035 0.8998187614577369
7.618362184955249 0.9988279803342792
7.696902001294993 1.1782651785075744
7.7754418176347375 1.049257564499295
