# k  S_s(k)
0.0 0.0
0.07853981633974483 1.103829880973677
0.15707963267948966 0.2777309019762575
0.23561944901923448 0.7495179899732799
0.3141592653589793 1.0852568314564548
0.39269908169872414 0.25350297584165726
0.47123889803846897 0.8353837257446327
0.5497787143782138 1.7103224772134447
0.6283185307179586 0.6634401087820454
0.7068583470577035 0.4428939533309117
0.7853981633974483 2.462588283218453
0.8639379797371931 0.4078119054563589
0.9424777960769379 0.23986168780599143
1.0210176124166828 0.2731863708680094
1.0995574287564276 0.6556613254166076
1.1780972450961724 1.2507577552628486
1.2566370614359172 0.6792288351326929
1.335176877775662 0.675804494402754
1.413716694115407 1.3781600279460002
1.4922565104551517 0.9760511998264694
1.5707963267948966 1.502701771557188
1.6493361431346414 0.6179107102654986
1.7278759594743862 0.7072788209061933
1.806415775814131 1.7368867953056621
1.8849555921538759 0.5533939888674646
1.9634954084936207 0.6971674042238628
2.0420352248333655 0.5781233961743412
2.1205750411731104 1.607219407378617
2.199114857512855 0.9939389617163811
2.2776546738526 0.92510831708749
2.356194490192345 0.6785833791628985
2.4347343065320897 1.060543485998505
2.5132741228718345 0.8822636493560307
2.5918139392115793 1.017459464974383
2.670353755551324 1.0077699214683855
2.748893571891069 1.3665496587538237
2.827433388230814 0.6971374491659558
2.9059732045705586 0.8831195769507951
2.9845130209103035 1.3186537020200055
3.0630528372500483 0.9325439679623168
3.141592653589793 0.8518846467388872
3.220132469929538 1.1727031315755978
3.2986722862692828 0.7584524721614088
3.3772121026090276 1.3092803717046142
3.4557519189487724 1.1835214144699564
3.5342917352885173 1.1408832980374488
3.612831551628262 0.8496899249305211
3.691371367968007 0.7588721708259164
3.7699111843077517 0.8768971082432904
3.8484510006474966 1.0860869656363126
3.9269908169872414 1.0689352820442024
4.005530633326986 1.086090533990595
4.084070449666731 1.226940026181913
4.162610266006476 0.9603409205826411
4.241150082346221 0.8835183923444869
4.319689898685965 0.9096322744536679
4.39822971502571 0.895956401350178
4.476769531365456 0.8175057457853273
4.5553093477052 1.1350617197884942
4.633849164044944 0.9307402835664176
4.71238898038469 1.0304536399812108
4.790928796724435 1.1174478688608624
4.869468613064179 1.141607684302649
4.948008429403924 1.3580964853596635
5.026548245743669 0.9983097344089127
5.105088062083414 0.9506092383442103
5.183627878423159 0.8486735942312469
5.262167694762903 1.094625662437604
5.340707511102648 0.989492066306166
5.419247327442394 1.0487260372112956
5.497787143782138 1.010751547338014
5.576326960121882 1.015240102384378
5.654866776461628 0.8432187212426766
5.733406592801373 0.9484474987915067
5.811946409141117 0.9787940388554431
5.890486225480862 0.9533112837159116
5.969026041820607 0.8029684637874627
6.047565858160352 0.9889030821464665
6.126105674500097 1.0101857282054076
6.204645490839841 0.8521306191063631
6.283185307179586 0.928423718705408
6.3617251235193315 1.0145816942347519
6.440264939859076 0.9179604533767992
6.51880475619882 1.1748866515823528
6.5973445725385655 1.0963258715993247
6.675884388878311 0.9261069962944697
6.754424205218055 0.9992401005220128
6.8329640215578 0.9082421273104929
6.911503837897545 0.9657954661772413
6.99004365423729 0.9093290171048504
7.0685834705770345 0.9411444517587159
7.147123286916779 0.9305019759678326
7.225663103256524 0.9509886141071373
7.304202919596269 0.915220550893174
7.382742735936014 0.9732845346403883
7.461282552275758 1.0558009596573033
7.5398223686155035 1.0451683930944973
7.618362184955249 1.0622006465005591
7.696902001294993 0.8991529199262305
7.7754418176347375 1.0692112622853478
