# P_value  count
-1.0 0.0
-0.975 0.0
-0.95 0.0
-0.925 0.0
-0.9 0.0
-0.875 0.0
-0.85 0.0
-0.825 0.0
-0.8 0.0
-0.775 0.0
-0.75 0.0
-0.725 0.0
-0.7 0.0
-0.675 0.0
-0.65 0.0
-0.625 0.0
-0.6 0.0
-0.575 0.0
-0.55 0.0
-0.525 0.0
-0.5 0.0
-0.475 0.0
-0.45 0.0
-0.425 20.0
-0.4 204.0
-0.375 209.0
-0.35 173.0
-0.325 438.0
-0.3 480.0
-0.275 828.0
-0.25 2128.0
-0.225 3030.0
-0.2 3095.0
-0.175 7846.0
-0.15 7637.0
-0.125 8898.0
-0.1 11600.0
-0.075 16915.0
-0.05 12958.0
-0.025 18790.0
0.0 18380.0
0.025 15423.0
0.05 16277.0
0.075 15412.0
0.1 12584.0
0.125 9577.0
0.15 7121.0
0.175 4810.0
0.2 3119.0
0.225 3949.0
0.25 2292.0
0.275 1407.0
0.3 428.0
0.325 341.0
0.35 551.0
0.375 75.0
0.4 5.0
0.425 0.0
0.45 0.0
0.475 0.0
0.5 0.0
0.525 0.0
0.55 0.0
0.575 0.0
0.6 0.0
0.625 0.0
0.65 0.0
0.675 0.0
0.7 0.0
0.725 0.0
0.75 0.0
0.775 0.0
0.8 0.0
0.825 0.0
0.85 0.0
0.875 0.0
0.9 0.0
0.925 0.0
0.95 0.0
0.975 0.0
1.0 0.0
