# block  <P>
1 0.0
2 0.002268935602268931
3 -0.006866666666666692
4 -0.022288955622288865
5 -0.034602538410153566
6 -0.0007007007007007055
7 -0.02593333333333321
8 -0.0023333333333333656
9 -0.01340652029274779
10 -0.0337000000000001
11 -0.014033333333333288
12 -0.03853333333333341
13 -0.009066666666666676
14 -0.02226666666666664
15 0.007533333333333342
16 -0.01579999999999998
17 -0.018099999999999995
18 -0.012066666666666613
19 0.017552657973921804
20 0.0067333333333332995
21 0.017433333333333342
22 -0.02400000000000006
23 -0.008566666666666646
24 0.01123333333333331
25 -0.004366666666666654
26 0.02156666666666665
27 0.0016666666666666577
28 -0.0360999999999999
29 -0.0025000000000000196
30 -0.022633333333333297
31 0.007300000000000078
32 -0.006066666666666658
33 -0.008833333333333325
34 -0.015799999999999995
35 -0.01578244911578243
36 0.03723333333333348
37 -0.012133333333333393
38 -0.0165666666666666
39 -0.010223110223110265
40 -0.026099999999999953
41 0.005194805194805184
42 0.008466666666666674
43 0.010266666666666648
44 0.003899999999999982
45 -6.666666666663078e-5
46 -0.012366666666666696
47 -0.00476190476190478
48 0.0027000000000000058
49 -0.0019019019019019074
50 0.02086666666666636
51 0.07799999999999987
52 0.025000000000000078
53 0.029403929403929482
54 0.01990000000000002
55 -0.003133333333333234
56 0.01806666666666665
57 -0.00810000000000005
58 0.018333333333333354
59 -0.014966666666666687
60 -0.053133333333333435
61 -0.029766666666666684
62 -0.011400000000000014
63 0.021499999999999908
64 0.006027306027306061
65 -0.04393333333333329
66 -0.02946666666666654
67 0.001833333333333356
68 -0.00996666666666673
69 -0.0023999999999999395
70 -0.012533333333333308
71 -0.0222555889222556
72 -0.03573333333333351
73 -0.018533333333333336
74 0.01043333333333335
75 -0.027699999999999936
76 0.00833333333333338
77 0.005400000000000018
78 0.055266666666666416
79 0.0634333333333333
80 0.06410256410256415
81 0.03250000000000002
82 -0.04459999999999993
83 -0.01581751581751577
84 -0.028399999999999998
85 -0.03949999999999992
86 -0.005799999999999992
87 0.02123333333333342
88 0.01036666666666672
89 -0.0007666666666666506
90 0.02479999999999987
91 0.037641950567802486
92 -0.0064666666666666674
93 0.014566666666666598
94 -0.023733333333333346
95 -0.01526666666666671
96 -0.03383333333333335
97 -0.009533333333333262
98 0.010833333333333342
99 0.0056000000000000355
100 0.006966666666666565
101 -0.014300000000000033
102 -0.02840000000000009
103 -0.021700000000000108
104 -0.03780000000000018
105 0.005333333333333299
106 -0.0012321012321012204
107 0.04169999999999997
108 0.03300000000000013
109 0.02370000000000005
110 -0.009266666666666725
111 -0.006959706959706987
112 0.027433333333333223
113 0.025441225441225387
114 0.0041999999999999885
115 -0.04554554554554546
116 0.02379999999999999
117 0.03853333333333344
118 0.034666666666666714
119 -0.0188666666666667
120 0.025166666666666733
121 -0.006100000000000047
122 0.03300000000000009
123 0.007766666666666674
124 -0.006366666666666721
125 0.01146666666666665
126 -0.04023333333333344
127 -0.020646020646020707
128 -0.009666666666666605
129 0.02676666666666664
130 -0.006233333333333351
131 0.005400000000000012
132 -0.006573239906573269
133 -0.011200000000000015
134 0.026366666666666747
135 0.0451548451548451
136 0.004499999999999999
137 -0.022899999999999945
138 -0.00816666666666672
139 0.0007333333333333479
140 0.013199999999999995
141 0.028333333333333436
142 0.02620000000000005
143 0.002066666666666659
144 -0.013399999999999948
145 -0.04503333333333344
146 -0.005166666666666666
147 -0.00443333333333332
148 0.034833333333333376
149 0.012699999999999986
150 0.004366666666666715
151 0.01673333333333333
152 0.01939999999999991
153 0.00033333333333332584
154 -0.014833333333333327
155 -0.024766666666666683
156 -0.017433333333333332
157 0.007300000000000012
158 0.016000000000000028
159 0.0014999999999999966
160 -0.01161161161161163
161 0.01805138471805127
162 0.011233333333333326
163 -0.006859806859806881
164 0.009966666666666674
165 0.026033333333333398
166 0.009066666666666686
167 -0.002899999999999947
168 -0.008633333333333335
169 0.0021000000000000216
170 -0.041100000000000025
171 -0.0035666666666666702
172 -0.004204204204204201
173 -0.026133333333333317
174 -0.003633333333333329
175 -0.007566666666666796
176 0.0007333333333332854
177 -0.00396666666666667
178 -0.008733333333333357
179 -0.0007000000000000433
180 0.007300000000000002
181 0.010566666666666679
182 6.666666666665056e-5
183 -0.04920000000000017
184 -0.05663333333333343
185 -0.051885218551885416
186 -0.020600000000000004
187 -0.002000000000000043
188 -0.012920412920412924
189 0.005438772105438763
190 0.026693360026693237
191 -0.0025666666666665445
192 0.025900000000000235
193 -0.025166666666666702
194 -0.021466666666666755
195 -0.02394272394272397
196 -0.02990342990342989
197 -0.02966666666666664
198 0.009200000000000057
199 -0.023343323343323372
200 0.014299999999999978
201 -0.006466666666666665
202 0.004033333333333286
203 0.0179487179487179
204 -0.009433333333333339
205 0.00993333333333332
206 0.01610000000000003
207 0.02702702702702701
208 0.008599999999999998
