# block  <|P|>
1 0.0
2 0.12746079412746097
3 0.1282666666666666
4 0.1496162829496154
5 0.13426853707414763
6 0.12809476142809462
7 0.12999999999999967
8 0.11879999999999999
9 0.13702594810379182
10 0.1443666666666662
11 0.1241666666666663
12 0.1352
13 0.14333333333333437
14 0.14513333333333325
15 0.13040000000000032
16 0.1369999999999994
17 0.13509999999999966
18 0.15113333333333304
19 0.1486793714476758
20 0.11186666666666642
21 0.13970000000000002
22 0.13979999999999898
23 0.13476666666666673
24 0.1338333333333334
25 0.1319666666666667
26 0.13876666666666657
27 0.12913333333333357
28 0.1652999999999998
29 0.146299999999999
30 0.1455666666666656
31 0.14009999999999984
32 0.13853333333333373
33 0.12123333333333337
34 0.1194000000000002
35 0.12222222222222168
36 0.1518999999999991
37 0.13639999999999983
38 0.12743333333333282
39 0.1618714618714611
40 0.13883333333333256
41 0.13912753912753872
42 0.11753333333333371
43 0.11813333333333323
44 0.1342999999999994
45 0.13379999999999945
46 0.1301666666666669
47 0.11145521145521078
48 0.14289999999999986
49 0.13229896563229887
50 0.13766666666666585
51 0.13606666666666664
52 0.13646666666666682
53 0.13236763236763216
54 0.13176666666666664
55 0.13726666666666582
56 0.14573333333333313
57 0.12036666666666646
58 0.13026666666666636
59 0.14129999999999954
60 0.12880000000000072
61 0.12036666666666693
62 0.12319999999999923
63 0.12696666666666587
64 0.14269064269064236
65 0.14506666666666646
66 0.1252
67 0.13049999999999995
68 0.16103333333333322
69 0.1446000000000001
70 0.14553333333333307
71 0.12615949282615951
72 0.11866666666666648
73 0.1296666666666669
74 0.122033333333333
75 0.14663333333333217
76 0.12873333333333314
77 0.12873333333333323
78 0.15039999999999906
79 0.14670000000000064
80 0.13809523809523766
81 0.14890000000000003
82 0.13799999999999973
83 0.1349650349650346
84 0.12613333333333304
85 0.14669999999999866
86 0.12180000000000044
87 0.1437666666666659
88 0.12576666666666608
89 0.12163333333333338
90 0.1385333333333327
91 0.12802271209084848
92 0.14246666666666705
93 0.13409999999999947
94 0.13859999999999914
95 0.14033333333333256
96 0.1486333333333322
97 0.13599999999999987
98 0.1507000000000001
99 0.1213333333333336
100 0.15536666666666615
101 0.15716666666666573
102 0.1296666666666665
103 0.14136666666666634
104 0.14653333333333277
105 0.13386666666666605
106 0.13902763902763873
107 0.15196666666666586
108 0.11993333333333359
109 0.15383333333333277
110 0.1410666666666663
111 0.12723942723942666
112 0.12883333333333272
113 0.14731934731934648
114 0.12826666666666642
115 0.1404404404404406
116 0.1439999999999996
117 0.12433333333333321
118 0.11266666666666704
119 0.13293333333333304
120 0.1406999999999992
121 0.125833333333333
122 0.14073333333333266
123 0.12370000000000052
124 0.1576333333333324
125 0.12960000000000024
126 0.12776666666666608
127 0.1268065268065267
128 0.13226666666666634
129 0.13989999999999972
130 0.11683333333333296
131 0.12559999999999957
132 0.11675008341675024
133 0.12346666666666617
134 0.1296333333333339
135 0.14991674991674958
136 0.12070000000000017
137 0.12436666666666692
138 0.1408999999999995
139 0.13146666666666632
140 0.12313333333333339
141 0.14359999999999895
142 0.13579999999999942
143 0.1296666666666662
144 0.14033333333333342
145 0.1344999999999995
146 0.13110000000000033
147 0.12603333333333336
148 0.11256666666666688
149 0.12963333333333285
150 0.14009999999999986
151 0.12433333333333323
152 0.14839999999999878
153 0.11913333333333341
154 0.14116666666666644
155 0.1332333333333331
156 0.13349999999999898
157 0.12683333333333324
158 0.12519999999999987
159 0.14096666666666646
160 0.1403403403403402
161 0.1389055722389049
162 0.1283666666666669
163 0.11561771561771597
164 0.13009999999999938
165 0.13423333333333315
166 0.11533333333333348
167 0.13630000000000064
168 0.13430000000000006
169 0.11756666666666718
170 0.16589999999999855
171 0.13683333333333297
172 0.12659325992659337
173 0.14206666666666634
174 0.12603333333333355
175 0.13923333333333293
176 0.13013333333333357
177 0.11976666666666656
178 0.14560000000000006
179 0.1322999999999998
180 0.12863333333333335
181 0.12283333333333349
182 0.17126666666666596
183 0.14826666666666533
184 0.14169999999999922
185 0.14978311644978262
186 0.12806666666666663
187 0.1378666666666663
188 0.11814851814851839
189 0.14117450784117472
190 0.14848181514847994
191 0.13256666666666567
192 0.13596666666666551
193 0.13396666666666668
194 0.1317333333333331
195 0.11165501165501127
196 0.14518814518814463
197 0.16066666666666599
198 0.1523333333333331
199 0.15860805860805724
200 0.13943333333333313
201 0.14079999999999973
202 0.12469999999999982
203 0.12797202797202822
204 0.12623333333333303
205 0.13553333333333337
206 0.12083333333333306
207 0.12886219552886224
208 0.12719999999999992
