block_size         error    difference      rel_diff
-------------------------------------------------------
       2  9.862040e-08  4.079455e-08  4.136523e-01
       4  1.394149e-07  5.761027e-08  4.132288e-01
       8  1.970252e-07  8.124413e-08  4.123539e-01
      16  2.782694e-07  1.142678e-07  4.106374e-01
      32  3.925372e-07  1.599185e-07  4.073971e-01
      64  5.524556e-07  2.216269e-07  4.011669e-01
     128  7.740826e-07  3.017660e-07  3.898370e-01
     256  1.075849e-06  3.979417e-07  3.698863e-01
     512  1.473790e-06  4.991719e-07  3.386994e-01
    1024  1.972962e-06  5.668128e-07  2.872902e-01
    2048  2.539775e-06  5.156012e-07  2.030106e-01
    4096  3.055376e-06  4.425979e-07  1.448587e-01
    8192  3.497974e-06  3.830300e-07  1.095005e-01
   16384  3.881004e-06  2.906447e-07  7.488905e-02
   32768  4.171649e-06  2.674422e-07  6.410948e-02
   65536  4.439091e-06  6.142983e-07  1.383838e-01
  131072  5.053389e-06           ---           ---
