# k values and corresponding S(k) [pure estimator]
0.0 1.6725272458721099
0.10471975511965977 1.1259714429883234
0.20943951023931953 1.0293339428611017
0.3141592653589793 0.999278723505489
0.41887902047863906 0.9874988210536493
0.5235987755982988 0.9940011887852941
0.6283185307179586 0.989673021043276
0.7330382858376183 0.9929193110661589
0.8377580409572781 0.9784859563150851
0.9424777960769379 0.9887259269849071
1.0471975511965976 0.9829671642810042
1.1519173063162573 1.0022977882867388
1.2566370614359172 0.980700319366053
1.361356816555577 0.9867276541060535
1.4660765716752366 0.9856516016730968
1.5707963267948966 1.0008078048292697
1.6755160819145563 0.9918171229189364
1.780235837034216 0.9875733537512729
1.8849555921538759 0.9928631811347688
1.9896753472735356 0.9812014063283035
2.0943951023931953 0.976142012813469
2.199114857512855 0.9909935709155757
2.3038346126325147 1.0017422152530708
2.4085543677521746 0.9942791919302214
2.5132741228718345 0.9803409541135962
2.617993877991494 0.9831896486716769
2.722713633111154 0.984444143531245
2.827433388230814 0.9847321692434361
2.9321531433504733 0.9998472047027105
3.036872898470133 0.9796847913176501
3.141592653589793 0.9822845946534086
3.2463124087094526 0.983029939261281
3.3510321638291125 0.9883631774812043
3.4557519189487724 0.990954915657549
3.560471674068432 0.9860835067882217
3.665191429188092 1.0010429376297076
3.7699111843077517 0.9963698133829175
3.874630939427411 0.9793077393624162
3.979350694547071 0.9869424999129024
4.084070449666731 0.9900570840509905
4.1887902047863905 0.9878056094484408
4.29350995990605 0.9877065199793632
4.39822971502571 0.9912187962253399
4.50294947014537 0.9907891484201012
4.607669225265029 1.0049100381287208
4.71238898038469 0.9814585611933998
4.817108735504349 0.9952609885924212
4.921828490624009 0.9986350629351228
5.026548245743669 0.9919903475270998
5.1312680008633285 0.9932047400879083
5.235987755982988 0.9790806137975163
5.340707511102648 0.986317360743594
5.445427266222308 1.0005044525234872
5.550147021341967 0.9893373468176521
5.654866776461628 0.982518266630512
5.759586531581287 0.9911345396173593
5.864306286700947 0.9841237369723946
5.969026041820607 0.9838261169143563
6.073745796940266 0.9929304690358033
6.178465552059926 0.9904863654904348
6.283185307179586 0.9863994687307074
6.387905062299246 0.9981852277616785
6.492624817418905 0.9941779826175853
6.5973445725385655 0.9990509751308676
6.702064327658225 0.9993184772936474
6.8067840827778845 0.9973441673190082
6.911503837897545 1.0002417757192803
7.016223593017204 0.9896438724605959
7.120943348136864 0.9787422794577825
7.225663103256524 0.9892181990845527
7.330382858376184 0.9844662280854023
7.435102613495843 0.9892732520922832
7.5398223686155035 0.9910935540058247
7.644542123735163 1.0020079995824989
7.749261878854822 0.9884813504997508
