# k  S_s(k)
0.0 0.0
0.10471975511965977 1.0871176553094786
0.20943951023931953 1.0179724158296475
0.3141592653589793 3.4360649648755266
0.41887902047863906 3.5044259499003227
0.5235987755982988 0.4346092907781976
0.6283185307179586 1.5215638855286626
0.7330382858376183 0.1814676228002563
0.8377580409572781 0.3082057896450808
0.9424777960769379 0.7393904906588317
1.0471975511965976 0.7495247790374773
1.1519173063162573 0.4893490107305489
1.2566370614359172 0.7661240295370113
1.361356816555577 1.0142763992075194
1.4660765716752366 0.9574438826232838
1.5707963267948966 0.9279639780762102
1.6755160819145563 1.5814143661652948
1.780235837034216 1.1698743697178766
1.8849555921538759 1.1723370415806444
1.9896753472735356 0.9883262984838465
2.0943951023931953 1.3628366473392908
2.199114857512855 0.8171819036716624
2.3038346126325147 1.3762234521646313
2.4085543677521746 1.2666532341498637
2.5132741228718345 1.420348949930965
2.617993877991494 1.1809110396399431
2.722713633111154 1.0549180119318275
2.827433388230814 0.9935482193500028
2.9321531433504733 1.3274867885176187
3.036872898470133 0.8853606354469833
3.141592653589793 0.942296737816803
3.2463124087094526 0.942710790649551
3.3510321638291125 0.9450073785612503
3.4557519189487724 1.206570685647665
3.560471674068432 0.9618978021367888
3.665191429188092 0.9218218817747719
3.7699111843077517 0.9615415812540775
3.874630939427411 1.1779488391721908
3.979350694547071 1.0411285392697647
4.084070449666731 0.8646132517276582
4.1887902047863905 0.9079901044131556
4.29350995990605 1.030877111903619
4.39822971502571 1.0198778584350199
4.50294947014537 0.7818991493579939
4.607669225265029 0.7615686578971839
4.71238898038469 0.9946246541075615
4.817108735504349 0.9108564456240639
4.921828490624009 0.9375871599752913
5.026548245743669 1.0079621922354163
5.1312680008633285 1.0327083837288777
5.235987755982988 1.0877226145847119
5.340707511102648 1.030134960891351
5.445427266222308 0.8714949620922116
5.550147021341967 1.1306672980440051
5.654866776461628 0.9446509398359507
5.759586531581287 0.9378151185340996
5.864306286700947 0.9494214463700151
5.969026041820607 0.8638488469402619
6.073745796940266 0.8303600006812554
6.178465552059926 0.9609224022621267
6.283185307179586 1.1074224961517505
6.387905062299246 1.031869959543352
6.492624817418905 0.9587316291815754
6.5973445725385655 0.9631316814034642
6.702064327658225 0.9533127545761193
6.8067840827778845 0.8651118962751209
6.911503837897545 1.0191832660312057
7.016223593017204 0.9088681837322405
7.120943348136864 0.8121187591559947
7.225663103256524 1.0906693581801654
7.330382858376184 1.0967129523095824
7.435102613495843 1.0095723063936595
7.5398223686155035 1.031604892965633
7.644542123735163 0.9665124816172918
7.749261878854822 1.1414276927024836
7.853981633974483 1.135806255934691
7.958701389094142 0.9328204066688265
8.063421144213802 0.8685993285287513
8.168140899333462 0.9938665491109028
8.27286065445312 1.0552314017867832
8.377580409572781 1.053585398288915
8.482300164692441 1.0800385356560103
8.5870199198121 1.2029972686322097
8.69173967493176 0.990585496766656
8.79645943005142 1.0096660467857845
8.90117918517108 1.0860396782759987
9.00589894029074 0.8937286741869883
9.1106186954104 1.0021323995110196
9.215338450530059 0.9559412376055564
9.320058205649719 0.9967816885581339
9.42477796076938 1.0739950339761482
9.529497715889038 1.0783772210363716
9.634217471008698 1.0643875106999292
9.738937226128359 0.9943173961455184
9.843656981248017 0.9405787755377393
9.948376736367678 0.9677339561108955
10.053096491487338 0.9659299090568189
10.157816246606997 0.8869429307228555
10.262536001726657 1.0071291200977786
10.367255756846317 1.0423419227591701
