# P_value  count
-1.0 0.0
-0.975 0.0
-0.95 0.0
-0.925 0.0
-0.9 0.0
-0.875 0.0
-0.85 0.0
-0.825 0.0
-0.8 0.0
-0.775 0.0
-0.75 0.0
-0.725 0.0
-0.7 0.0
-0.675 0.0
-0.65 0.0
-0.625 0.0
-0.6 0.0
-0.575 0.0
-0.55 0.0
-0.525 0.0
-0.5 0.0
-0.475 0.0
-0.45 0.0
-0.425 0.0
-0.4 0.0
-0.375 22.0
-0.35 118.0
-0.325 166.0
-0.3 581.0
-0.275 1522.0
-0.25 1901.0
-0.225 2984.0
-0.2 3691.0
-0.175 5689.0
-0.15 7458.0
-0.125 9936.0
-0.1 12863.0
-0.075 16911.0
-0.05 17908.0
-0.025 16379.0
0.0 18465.0
0.025 18426.0
0.05 18635.0
0.075 13901.0
0.1 11784.0
0.125 8755.0
0.15 8901.0
0.175 5540.0
0.2 4300.0
0.225 2729.0
0.25 1521.0
0.275 1219.0
0.3 79.0
0.325 202.0
0.35 242.0
0.375 77.0
0.4 0.0
0.425 0.0
0.45 0.0
0.475 0.0
0.5 0.0
0.525 0.0
0.55 0.0
0.575 0.0
0.6 0.0
0.625 0.0
0.65 0.0
0.675 0.0
0.7 0.0
0.725 0.0
0.75 0.0
0.775 0.0
0.8 0.0
0.825 0.0
0.85 0.0
0.875 0.0
0.9 0.0
0.925 0.0
0.95 0.0
0.975 0.0
1.0 0.0
