block_size         error    difference      rel_diff
-------------------------------------------------------
       2  1.181421e-06  4.886108e-07  4.135790e-01
       4  1.670032e-06  6.898811e-07  4.130946e-01
       8  2.359913e-06  9.725444e-07  4.121103e-01
      16  3.332457e-06  1.366985e-06  4.102033e-01
      32  4.699442e-06  1.910927e-06  4.066284e-01
      64  6.610369e-06  2.644730e-06  4.000882e-01
     128  9.255099e-06  3.595346e-06  3.884719e-01
     256  1.285045e-05  4.716971e-06  3.670667e-01
     512  1.756742e-05  5.788227e-06  3.294865e-01
    1024  2.335564e-05  6.176839e-06  2.644688e-01
    2048  2.953248e-05  5.662114e-06  1.917249e-01
    4096  3.519460e-05  4.095723e-06  1.163736e-01
    8192  3.929032e-05  2.520523e-06  6.415125e-02
   16384  4.181084e-05  -1.313158e-06  3.140711e-02
   32768  4.049768e-05  1.730310e-06  4.272616e-02
   65536  4.222799e-05  2.693267e-06  6.377919e-02
  131072  4.492126e-05           ---           ---
