# k values and corresponding S(k) [pure estimator]
0.0 7.687671328710727
0.07853981633974483 1.330515749225812
0.15707963267948966 1.0647628081681688
0.23561944901923448 1.0118201256826547
0.3141592653589793 0.9519874732904073
0.39269908169872414 0.9830303688518577
0.47123889803846897 0.9508297883716337
0.5497787143782138 0.9597088027839134
0.6283185307179586 0.9780207754216279
0.7068583470577035 0.9710263042007922
0.7853981633974483 0.9504016725178084
0.8639379797371931 0.9514074190728211
0.9424777960769379 0.9764258955366942
1.0210176124166828 0.9875693343817902
1.0995574287564276 0.9415706567080144
1.1780972450961724 0.9655090877791683
1.2566370614359172 0.9457196436541717
1.335176877775662 0.9513300341442656
1.413716694115407 0.9328327687442027
1.4922565104551517 0.9615199488512138
1.5707963267948966 0.9923446210368205
1.6493361431346414 1.0043839228162597
1.7278759594743862 0.9653540345252261
1.806415775814131 0.9959156401669702
1.8849555921538759 0.9292579911186472
1.9634954084936207 0.935140050074088
2.0420352248333655 0.998749015661574
2.1205750411731104 0.9825901273175099
2.199114857512855 0.951449150437805
2.2776546738526 0.964367331392822
2.356194490192345 1.0029308081367978
2.4347343065320897 1.0487479037631486
2.5132741228718345 0.9784462652262055
2.5918139392115793 1.0261767845043341
2.670353755551324 0.9772466354319662
2.748893571891069 0.9749591604235344
2.827433388230814 0.978746830910187
2.9059732045705586 0.9488847927313745
2.9845130209103035 0.9881584106935629
3.0630528372500483 0.9872433033917815
3.141592653589793 0.9632497022756767
3.220132469929538 0.9795692096474465
3.2986722862692828 1.008261438883039
3.3772121026090276 0.9197272679690898
3.4557519189487724 0.9289877219378176
3.5342917352885173 0.9808666604332734
3.612831551628262 0.9695947817967652
3.691371367968007 0.9853663790985772
3.7699111843077517 0.9695307555355449
3.8484510006474966 0.9530738347848654
3.9269908169872414 0.9906107701080181
4.005530633326986 0.9064481871265491
4.084070449666731 0.9768848419671108
4.162610266006476 1.004464648377228
4.241150082346221 0.9722612194585163
4.319689898685965 0.9572399434358497
4.39822971502571 0.9880755162681026
4.476769531365456 0.9853027113468422
4.5553093477052 0.9139853762280971
4.633849164044944 0.9468196165210631
4.71238898038469 0.9746274316563079
4.790928796724435 0.9633105981513488
4.869468613064179 0.9573372578186266
4.948008429403924 0.9233194732644485
5.026548245743669 0.9831323757592786
5.105088062083414 0.9464067498826836
5.183627878423159 0.9703398241317054
5.262167694762903 0.9615085761082518
5.340707511102648 0.98067383638082
5.419247327442394 0.9675547305743514
5.497787143782138 1.0025422755517355
5.576326960121882 1.0021378953552549
5.654866776461628 0.9820489711962311
5.733406592801373 0.9623670803702469
5.811946409141117 0.9820321023691284
