# r  Cs(r) [pure estimator]
0.075 5.32142066204256e-5
0.22499999999999998 5.227516864605986e-5
0.375 5.383093629835342e-5
0.525 5.531525469500486e-5
0.6749999999999999 5.223684128784435e-5
0.825 5.6015384685355535e-5
0.975 5.3124246959453506e-5
1.125 5.194709824509339e-5
1.275 5.054870351956356e-5
1.425 4.7127246936527715e-5
1.575 5.0685026145731366e-5
1.7249999999999999 4.962678822707404e-5
1.875 4.6841908175560716e-5
2.025 5.3848754717669786e-5
2.175 5.080457472104366e-5
2.3249999999999997 5.077164934067969e-5
2.475 4.51057457386618e-5
2.625 4.5089909578330686e-5
2.775 4.58554976895975e-5
2.925 5.1108326001660514e-5
3.0749999999999997 4.705594359734871e-5
3.225 4.57283775263e-5
3.375 5.079622197301226e-5
3.525 4.448824790103995e-5
3.675 5.1525580133577196e-5
3.8249999999999997 5.088638989651817e-5
3.9749999999999996 5.130529937023111e-5
4.125 4.53316730520871e-5
4.2749999999999995 4.864240747807163e-5
4.425 4.638502493787447e-5
4.575 4.7869986172171775e-5
4.725 5.0419533834960476e-5
4.875 4.6134213175692345e-5
5.0249999999999995 4.8095655690293266e-5
5.175 4.7102409697823665e-5
5.325 4.7636162639025365e-5
5.475 5.057418598563099e-5
5.625 4.738454707094938e-5
5.7749999999999995 4.690154122727731e-5
5.925 4.921577878245388e-5
6.075 4.43514329333018e-5
6.225 4.5173661229631355e-5
6.375 4.7933202798533714e-5
6.5249999999999995 4.763833287202699e-5
6.675 4.852803745312864e-5
6.825 4.580125371100532e-5
6.975 4.744943151935524e-5
7.125 4.820458657582633e-5
7.2749999999999995 4.893183642412013e-5
7.425 4.235403722173359e-5
7.574999999999999 4.493384050901454e-5
7.725 4.260100015701796e-5
7.875 4.027508449504124e-5
8.025 4.476500726645723e-5
8.174999999999999 4.303716480785738e-5
8.325 4.516174388641114e-5
8.475 4.586824178278297e-5
8.625 4.699955631891709e-5
8.775 4.5624608710748726e-5
8.924999999999999 4.444158065099531e-5
9.075 4.5915510694464273e-5
9.225 4.3867471689035926e-5
9.375 4.267069451535973e-5
9.525 4.3878650433369114e-5
9.674999999999999 4.7830728408538525e-5
9.825 4.2364509252631705e-5
9.975 4.654050571891331e-5
10.125 4.369668535025972e-5
10.275 4.422316703494474e-5
10.424999999999999 4.433545886333389e-5
10.575 4.5018013117999784e-5
10.725 4.2768007326919874e-5
10.875 4.601916351099479e-5
11.025 4.8530577547567454e-5
11.174999999999999 4.1146696036118216e-5
11.325 4.269790400109302e-5
11.475 4.1607253405902175e-5
11.625 4.452560227112825e-5
11.775 4.5813122736519424e-5
11.924999999999999 4.605994463750017e-5
12.075 4.693934164065793e-5
12.225 4.307621409402149e-5
12.375 4.132476826310345e-5
12.525 4.95573602276684e-5
12.674999999999999 4.68021003780847e-5
12.825 4.0878187616669404e-5
12.975 4.615690504383102e-5
13.125 4.333536101825716e-5
13.275 4.0583573867837095e-5
13.424999999999999 4.2859365909199666e-5
13.575 3.942776425350133e-5
13.725 4.511634034774505e-5
13.875 4.430367423642863e-5
14.025 4.794422841165187e-5
14.174999999999999 3.802226931891893e-5
14.325 4.251771320747685e-5
14.475 4.0855973202886606e-5
14.625 4.685598032456108e-5
14.774999999999999 4.456054527203743e-5
14.924999999999999 4.333937029075559e-5
