# k values and corresponding S(k) [pure estimator]
0.0 1.2051501856235416
0.07853981633974483 1.014867679705857
0.15707963267948966 0.984646928480182
0.23561944901923448 0.9779524994942351
0.3141592653589793 0.9721687653460402
0.39269908169872414 0.9779193869759547
0.47123889803846897 0.9794414329369302
0.5497787143782138 0.97020475465584
0.6283185307179586 0.9710985297515561
0.7068583470577035 0.9679782377035047
0.7853981633974483 0.9674400118181745
0.8639379797371931 0.9649717191569024
0.9424777960769379 0.968204863980764
1.0210176124166828 0.9615951511461865
1.0995574287564276 0.9700224547113876
1.1780972450961724 0.9788700412501847
1.2566370614359172 0.9683434999395163
1.335176877775662 0.9639706926914757
1.413716694115407 0.9671032709490589
1.4922565104551517 0.9714042702046134
1.5707963267948966 0.9639438532708978
1.6493361431346414 0.969270353242854
1.7278759594743862 0.9690261288299555
1.806415775814131 0.9777402105882808
1.8849555921538759 0.968174198347744
1.9634954084936207 0.9656044701260257
2.0420352248333655 0.9659748519867587
2.1205750411731104 0.9716793849358396
2.199114857512855 0.9615278057722274
2.2776546738526 0.9687900433319258
2.356194490192345 0.9730789249238673
2.4347343065320897 0.966347785487043
2.5132741228718345 0.9621916261728607
2.5918139392115793 0.9746249897662297
2.670353755551324 0.975875814563831
2.748893571891069 0.9696216500090564
2.827433388230814 0.9660562201095763
2.9059732045705586 0.9697142868129285
2.9845130209103035 0.9640325281828301
3.0630528372500483 0.9666887801365982
3.141592653589793 0.9741660784617812
3.220132469929538 0.9716654601839385
3.2986722862692828 0.9802712317631298
3.3772121026090276 0.9666640650531547
3.4557519189487724 0.9559068126984973
3.5342917352885173 0.9761284703817233
3.612831551628262 0.9710352764765565
3.691371367968007 0.9639017864532767
3.7699111843077517 0.9665069534912109
3.8484510006474966 0.9626643845799485
3.9269908169872414 0.9697588493005406
4.005530633326986 0.9768844330312004
4.084070449666731 0.9717456795405868
4.162610266006476 0.9694934651034063
4.241150082346221 0.9643672287176833
4.319689898685965 0.9692350136783004
4.39822971502571 0.9578021948194761
4.476769531365456 0.9783467982361096
4.5553093477052 0.9776383432974342
4.633849164044944 0.9734682724350118
4.71238898038469 0.9694892615678206
4.790928796724435 0.9700075331883983
4.869468613064179 0.9713614191486153
4.948008429403924 0.9634915340928205
5.026548245743669 0.9700438242434183
5.105088062083414 0.9800442148594374
5.183627878423159 0.9730775969007309
5.262167694762903 0.9665400002724276
5.340707511102648 0.9633581439462741
5.419247327442394 0.9664555756430842
5.497787143782138 0.9688074339988084
5.576326960121882 0.9721855700943174
5.654866776461628 0.9685189319768355
5.733406592801373 0.9644950979427075
5.811946409141117 0.9614412103997887
