# block  <P>
1 0.0
2 0.010044444444444432
3 0.02370665780436463
4 0.015333333333333326
5 0.03448888888888883
6 0.00862222222222219
7 -0.0018888888888888898
8 -0.015386328211979513
9 -0.008933333333333326
10 -0.0015777777777777394
11 -0.01908888888888887
12 -0.024198024198024186
13 -0.005555555555555562
14 0.0027333333333333103
15 0.0022666666666666157
16 0.029822222222221875
17 0.015258372144599684
18 0.05600000000000004
19 0.0752222222222225
20 0.02266622266622263
21 -0.022288888888888823
22 0.004933333333333328
23 0.021800421800421754
24 -0.0008888888888888676
25 0.021867021867021833
26 0.01653333333333347
27 0.015622222222222206
28 0.01904126348570795
29 0.0008666666666666263
30 -0.010567210567210567
31 0.005266666666666648
32 -0.005488888888888887
33 -0.028955555555555488
34 -0.05086666666666681
35 -0.02788322788322782
36 -0.030422222222222156
37 -0.025577777777777734
38 -0.02291042291042284
39 -0.017599999999999994
40 -0.02541902541902538
41 -0.02042402042402041
42 -0.021755555555555507
43 0.0033111111111111197
44 -0.00028888888888886123
45 0.04260000000000013
46 0.040448440448440384
47 0.0011777777777778164
48 -0.005472138805472198
49 -0.0228222222222222
50 0.004822222222222247
51 -0.03013333333333325
52 -0.06388888888888901
53 -0.03165387609832051
54 0.004755555555555594
55 0.005411399423375488
56 -0.04673333333333343
57 -0.01371111111111106
58 0.006444444444444468
59 -0.05425425425425426
60 0.01571111111111109
61 0.020244444444444464
62 0.04513333333333328
63 0.0013111111111110936
64 0.024222222222222135
65 -0.0049777777777777945
66 -0.018596374151929693
67 -0.010644444444444425
68 -0.01411111111111107
69 -0.007881007881007847
70 -0.02355555555555549
71 0.009622222222222206
72 0.012200000000000003
73 -0.014511111111111087
74 -0.02575555555555548
75 0.0201555555555555
76 0.025399999999999943
77 0.04691111111111115
78 -0.03211111111111108
79 0.006361917473028566
80 -0.02602222222222219
81 0.004133333333333302
82 -0.03980000000000002
83 -0.013177777777777719
84 -0.01808888888888873
85 0.04190857524190842
86 0.008897786675564467
87 0.03425647870092298
88 0.027244444444444377
89 0.019864308753197602
90 -0.00886666666666668
91 -0.03003663003663
92 -0.0349777777777779
93 -0.026155555555555477
94 0.01228888888888889
95 0.043955555555555526
96 0.0263555555555555
97 0.0057942057942058115
98 -0.013925036147258334
99 0.002088888888888876
100 -0.030044444444444405
101 -0.015577777777777734
102 -0.001888888888888909
103 0.00033333333333333056
104 -0.0033144255366477572
105 0.016999999999999998
106 0.03877777777777795
107 -0.005822222222222196
108 -0.008185963741519304
109 0.01656121656121653
110 -0.03286666666666647
111 -0.04408888888888884
112 0.0035964035964035795
113 0.017999999999999936
114 0.0109887665443221
115 -0.0035742035742036
116 0.009644444444444468
117 0.011155555555555516
118 -0.003536870203536855
119 -0.004177777777777735
120 0.009453898342787221
121 0.024022222222222306
122 0.014377777777777444
123 0.0114
124 0.014859303748192621
125 0.007288888888888921
126 0.016688888888888857
127 -0.009133333333333337
128 -0.01899999999999997
129 -0.001842601842601853
130 0.017133333333333348
131 0.02586666666666662
132 0.0026222222222222185
133 0.04502222222222245
134 -0.007755555555555587
135 -0.0009555555555554952
136 0.0040222222222222334
137 -0.019111111111111096
138 -0.004466666666666657
139 0.022177777777777824
140 0.020377777777777734
141 -0.000488888888888882
142 0.030599999999999968
143 0.03142222222222211
144 0.03071960849738622
145 0.010499388277166012
146 -0.036355555555555454
147 0.01024444444444443
148 -0.020377777777777734
149 -0.021955288621955248
150 -0.032622222222222115
151 0.0033555555555555773
152 0.0349555555555554
153 -0.011533333333333323
154 -0.03859999999999997
155 0.012822222222222205
156 0.020400000000000012
157 -0.028272717161606026
158 0.003555555555555556
159 -0.04513333333333338
160 0.0038222222222221917
161 -0.029133333333333285
162 0.05111111111111103
163 0.02459999999999995
164 0.02317777777777776
165 -0.015177777777777766
166 0.010622222222222238
167 0.03803803803803799
168 -0.006155555555555533
169 -0.014288888888888905
170 -0.010466666666666647
171 -0.012609612609612585
172 -0.0389278167055945
173 -0.028955555555555516
174 0.03124444444444435
175 0.018955555555555496
176 0.0053386720053386705
177 0.015682349015682315
178 -0.0007333333333332984
179 -0.010022222222222203
180 -0.0012456901345789776
181 -0.013222222222222184
182 0.0022444444444444387
183 -0.002131202131202141
184 -0.0344644045242847
185 -0.011200178134045882
186 0.010999999999999994
187 0.012955555555555581
188 0.034755555555555505
189 0.018444444444444277
190 0.018244444444444417
191 0.030688888888888675
192 0.025622222222222196
193 0.01835555555555552
194 0.013266666666666654
195 0.024088888888888934
196 0.03491111111111104
197 -0.049582916249582894
198 -0.03116883116883113
199 -0.02959999999999995
200 -0.03975555555555567
201 -0.027622222222222142
202 0.023243423243423194
203 0.03166666666666662
204 -0.008658008658008679
205 0.03238794349905457
206 0.018422222222222187
207 0.03842222222222205
208 0.00944444444444445
