# k values and corresponding S(k) [pure estimator]
0.0 1.6624216242264487
0.06981317007977318 1.217572868371417
0.13962634015954636 1.0608582591603704
0.20943951023931956 1.0222912059651845
0.2792526803190927 1.0099752046185702
0.3490658503988659 0.9967867629570138
0.4188790204786391 1.0000948663042124
0.4886921905584123 0.9896529436262493
0.5585053606381855 1.0029340945682965
0.6283185307179586 0.9877123159029016
0.6981317007977318 0.9871863729624342
0.767944870877505 0.9862728362663924
0.8377580409572782 0.9924846734909122
0.9075712110370514 0.9817860035971017
0.9773843811168246 0.977029600099947
1.0471975511965976 0.9985342526145177
1.117010721276371 0.9702862021291233
1.1868238913561442 0.9748743068046265
1.2566370614359172 1.0017065562183984
1.3264502315156905 1.002653194585311
1.3962634015954636 0.9949470325636275
1.4660765716752369 0.9694906756684383
1.53588974175501 0.9907291048476548
1.6057029118347832 0.9916370731739292
1.6755160819145565 0.9936655931802374
1.7453292519943295 0.9798512219579456
1.8151424220741028 0.9826396418696871
1.8849555921538759 0.9712978213508697
1.9547687622336491 0.9796484835460765
2.0245819323134224 0.9890059473374563
2.0943951023931953 0.9856081689582765
2.1642082724729685 0.9908115078541594
2.234021442552742 1.0021323932745507
2.303834612632515 0.9836468119308731
2.3736477827122884 0.9927394541269682
2.443460952792061 0.9639740763335432
2.5132741228718345 0.9865983267619753
2.5830872929516078 0.9636441139178327
2.652900463031381 0.9772343375143577
2.722713633111154 0.9844457516510349
2.792526803190927 0.9891379788432554
2.8623399732707004 0.9799830241349429
2.9321531433504737 0.9994838203994516
3.001966313430247 1.0017465923959392
3.07177948351002 0.9911718840407975
3.141592653589793 0.987833560554611
3.2114058236695664 0.979379686829698
3.2812189937493397 0.9859440994166137
3.351032163829113 0.9895847324041139
3.420845333908886 0.97039183519007
3.490658503988659 0.9862060636113953
3.5604716740684323 0.9779377350529368
3.6302848441482056 0.9878423683236124
3.7000980142279785 0.9957356875992309
3.7699111843077517 0.9845940980821943
3.839724354387525 0.9895561626950493
3.9095375244672983 0.9813854861666632
3.9793506945470716 1.0072273025517695
4.049163864626845 0.9907249697219893
4.118977034706618 0.9818029734699665
4.1887902047863905 0.9894134815481658
4.258603374866164 0.9792985935761481
4.328416544945937 0.9890367702308936
4.39822971502571 0.993192156516887
4.468042885105484 0.9893339889536572
4.537856055185257 0.9800564605304356
4.60766922526503 0.9815023226909515
4.6774823953448035 0.9872421225324588
4.747295565424577 0.9963200028579646
4.817108735504349 0.9960137371752751
4.886921905584122 0.9978593327538227
4.956735075663896 0.9950749199850513
5.026548245743669 0.9824515331055379
5.096361415823442 0.9847613846006192
5.1661745859032155 0.9963374445178494
