# r  Cs(r) [pure estimator]
0.125 2.091608789255286e-5
0.375 2.138227810602619e-5
0.625 2.071355835203108e-5
0.875 1.974468901734086e-5
1.125 2.233475343575802e-5
1.375 2.0393912493007406e-5
1.625 2.263742798380137e-5
1.875 2.2411325241739905e-5
2.125 2.2787284216046244e-5
2.375 2.27533605636461e-5
2.625 2.1238763119006573e-5
2.875 2.0164875240665752e-5
3.125 2.0511847831089935e-5
3.375 1.9951326533562324e-5
3.625 1.667014332847323e-5
3.875 2.0292164423953123e-5
4.125 2.1516411287536948e-5
4.375 2.092998592244133e-5
4.625 1.869152776331892e-5
4.875 1.707221412425856e-5
5.125 2.1662579831463165e-5
5.375 2.0959349933964594e-5
5.625 2.029473015268849e-5
5.875 1.917671818855012e-5
6.125 1.8092855926115024e-5
6.375 2.02814976831932e-5
6.625 1.7504799857838814e-5
6.875 1.8636974997041683e-5
7.125 1.9746110238310563e-5
7.375 1.9361444234298388e-5
7.625 2.185801983532381e-5
7.875 1.735199737782104e-5
8.125 1.950792940774324e-5
8.375 1.998344350988139e-5
8.625 1.796810306979071e-5
8.875 1.9509011789106735e-5
9.125 1.8862838208724045e-5
9.375 1.8882297943035708e-5
9.625 1.7909441991822476e-5
9.875 1.7520924227519398e-5
10.125 1.600472031157649e-5
10.375 1.7634246403325946e-5
10.625 1.721573584916046e-5
10.875 1.7294457758515413e-5
11.125 1.9194389917962548e-5
11.375 1.791979917141971e-5
11.625 1.8555436482360348e-5
11.875 1.7778851852561453e-5
12.125 2.0106362199167387e-5
12.375 1.9799411339625357e-5
12.625 1.885113568535005e-5
12.875 1.8566541277015913e-5
13.125 1.7717842669309375e-5
13.375 1.8248042655224048e-5
13.625 2.007562890633774e-5
13.875 1.8067846428477728e-5
14.125 1.7162931682957322e-5
14.375 1.9596464959331386e-5
14.625 1.8046509977607537e-5
14.875 1.6645819430987424e-5
15.125 1.464574312367817e-5
15.375 1.699522673264379e-5
15.625 1.8070828254838837e-5
15.875 1.667140654365518e-5
16.125 1.6876280031993968e-5
16.375 1.6318456116119007e-5
16.625 1.63266176100918e-5
16.875 1.7990640817503874e-5
17.125 1.7353552958965727e-5
17.375 1.879775157655268e-5
17.625 1.7335362172852268e-5
17.875 1.6412865862701675e-5
18.125 1.6873756215632576e-5
18.375 1.6247283972231017e-5
18.625 1.5563211472453237e-5
18.875 1.72261183714587e-5
19.125 1.5752428407756486e-5
19.375 1.6872588141680706e-5
19.625 1.692201144355061e-5
19.875 1.6509090257780112e-5
20.125 1.4698032714676854e-5
20.375 1.74193597761441e-5
20.625 1.6071099059887845e-5
20.875 1.674314431430859e-5
21.125 1.715294989307263e-5
21.375 1.79460440618483e-5
21.625 1.72571751706124e-5
21.875 1.788992156106822e-5
22.125 1.7110600019133043e-5
22.375 1.6046783782380166e-5
22.625 1.6828085239883012e-5
22.875 1.994025744608473e-5
23.125 1.613662798619932e-5
23.375 1.6558613431522283e-5
23.625 1.82861924815582e-5
23.875 1.8218585811037324e-5
24.125 1.496781358164481e-5
24.375 1.777045185226553e-5
24.625 1.5754026262223152e-5
24.875 1.417841979370442e-5
