# k values and corresponding S(k) [pure estimator]
0.0 1.8409885861530932
0.12566370614359174 1.0117497602454897
0.25132741228718347 0.9789555441939661
0.3769911184307752 0.9732327401623856
0.5026548245743669 0.9777319779989614
0.6283185307179586 0.9695848371877989
0.7539822368615504 0.9659927242794927
0.8796459430051422 0.9762834366576906
1.0053096491487339 0.969730842259323
1.1309733552923256 0.9696038883584779
1.2566370614359172 0.9554001672286544
1.3823007675795091 0.9725313539462725
1.5079644737231008 0.97009265563636
1.6336281798666925 0.9651633615248844
1.7592918860102844 0.9615215646544685
1.884955592153876 0.9657063643953916
2.0106192982974678 0.9621636654914902
2.1362830044410597 0.9739752101680652
2.261946710584651 0.9712835300598442
2.387610416728243 0.9706393609323269
2.5132741228718345 0.9699283147783524
2.6389378290154264 0.9778862624931284
2.7646015351590183 0.9688459716072537
2.8902652413026098 0.9733443182648215
3.0159289474462017 0.9691154302822476
3.1415926535897936 0.9741821002205435
3.267256359733385 0.9750275197608027
3.392920065876977 0.9702562771947959
3.518583772020569 0.9743639258773921
3.6442474781641603 0.9726021255123918
3.769911184307752 0.9608531945254031
3.8955748904513436 0.9671627672348952
4.0212385965949355 0.9706209783409612
4.1469023027385274 0.9690839178825795
4.272566008882119 0.9693011681111341
4.39822971502571 0.9730992096629641
4.523893421169302 0.9693276603468064
4.649557127312894 0.9723277174182893
4.775220833456486 0.9708231050518764
4.900884539600078 0.9704358830755166
5.026548245743669 0.9669398198303741
5.152211951887261 0.9725467861927727
5.277875658030853 0.967613183745516
5.403539364174445 0.962029424538239
5.529203070318037 0.9706936863046758
5.6548667764616285 0.9702465298725466
5.7805304826052195 0.9745009232327598
5.906194188748811 0.9736757223605101
6.031857894892403 0.9811742041222404
6.157521601035995 0.9755841493069972
6.283185307179587 0.9646182947729296
6.408849013323178 0.9649766419966064
6.53451271946677 0.96368216971546
6.660176425610362 0.9696750639551
6.785840131753954 0.9699725711823214
6.911503837897546 0.971021456969797
7.037167544041138 0.9645848876951104
7.162831250184729 0.971131810041996
7.288494956328321 0.9691026209696127
7.4141586624719125 0.976577490846448
7.539822368615504 0.9633315534985293
7.665486074759096 0.9713881491780154
7.791149780902687 0.9684406674954205
7.916813487046279 0.972824263325293
8.042477193189871 0.9666775577793042
8.168140899333462 0.9694450766136157
8.293804605477055 0.9723014109150518
8.419468311620646 0.9687910126338607
8.545132017764239 0.966725484420016
8.67079572390783 0.963487563049645
8.79645943005142 0.9673565733937226
8.922123136195014 0.968151290725394
9.047786842338605 0.9716151395050894
9.173450548482197 0.9671997106910014
9.299114254625788 0.9713549308170497
