# r  Cs(r) [pure estimator]
0.225 0.000603003157591529
0.675 0.0005997177519125933
1.125 0.0006018654733423683
1.575 0.0006017527617737051
2.025 0.0005980552556995596
2.475 0.0005985953430805884
2.9250000000000003 0.0005985982830449448
3.375 0.0005995987202504958
3.825 0.0006017589323097044
4.275 0.0005992914885921405
4.7250000000000005 0.0005989667452037118
5.175 0.0005972496657016742
5.625 0.0005943612672099521
6.075 0.000596724260944597
6.525 0.0005979938915071079
6.9750000000000005 0.0005954662894497178
7.425 0.0005949055498172877
7.875 0.0005932218712035957
8.325000000000001 0.0005977224729940022
8.775 0.0005951456619974713
9.225 0.0005963781737395537
9.675 0.0005952815743196502
10.125 0.000593837350312734
10.575000000000001 0.0005952732800430928
11.025 0.0005928355328621116
11.475 0.0005952806579610867
11.925 0.0005940766323340522
12.375 0.0005950598648187868
12.825000000000001 0.0005940041514629972
13.275 0.0005922036231524381
13.725 0.0005899191898635566
14.175 0.0005944844374632659
14.625 0.0005917458742307599
15.075000000000001 0.0005933222021227344
15.525 0.0005933591726715594
15.975 0.0005926166635053122
16.425 0.0005933425234223229
16.875 0.0005952367130538662
17.325 0.0005895865607010934
17.775000000000002 0.000592422293973725
18.225 0.0005944195409030695
18.675 0.0005940175389968645
19.125 0.0005912567974164337
19.575 0.0005901016519988108
20.025000000000002 0.0005924578355295688
20.475 0.0005936813955245376
20.925 0.0005912899678720421
21.375 0.0005923132092573171
21.825 0.0005920227981085112
22.275000000000002 0.0005915371224335685
22.725 0.0005924414564497488
23.175 0.0005923197536945828
23.625 0.0005931496833850128
24.075 0.0005932127384436478
24.525000000000002 0.0005896167151848572
24.975 0.0005930857879563683
25.425 0.0005907940888523132
25.875 0.0005916243842205479
26.325 0.0005903360379167056
26.775000000000002 0.000594097808694577
27.225 0.0005910708607255155
27.675 0.000592917119011241
28.125 0.0005937718864240189
28.575 0.0005927497653481437
29.025000000000002 0.0005915686915625324
29.475 0.0005903390489909612
29.925 0.0005939239863316007
30.375 0.0005900062783835965
30.825 0.0005949768088763144
31.275000000000002 0.0005923945249628041
31.725 0.0005895056015688556
32.175000000000004 0.0005904955976978188
32.625 0.0005945056731533691
33.075 0.0005906764621325238
33.525 0.0005895320927891957
33.975 0.0005916488243068608
34.425000000000004 0.0005909654714851201
34.875 0.0005904017741524625
35.325 0.0005894057658233302
35.775 0.0005918810874076197
36.225 0.0005927281933006933
36.675000000000004 0.0005884301737589795
37.125 0.0005905395266822133
37.575 0.0005914229362491404
38.025 0.000590036657784367
38.475 0.0005904168436738559
38.925000000000004 0.0005928827397578564
39.375 0.0005932284035422987
39.825 0.000589731659005316
40.275 0.0005921563984569711
40.725 0.0005920758577746371
41.175000000000004 0.0005903913738866953
41.625 0.000591609105010499
42.075 0.000592975184842449
42.525 0.0005924246011083683
42.975 0.0005941006473188848
43.425000000000004 0.0005929373009108414
43.875 0.0005887074867400323
44.325 0.0005929991177854207
44.775 0.0005912430007160717
