# block  <P^2>
1 0.0
2 0.44197580246913176
3 0.5868197530864188
4 0.5909669135802503
5 0.5935604938271662
6 0.6162360493827144
7 0.6144143209876536
8 0.6121338271604977
9 0.6332962962963022
10 0.6275911111111129
11 0.6277066666666713
12 0.6092088888888889
13 0.59427802469136
14 0.6113738113738117
15 0.6060197530864169
16 0.5806118518518513
17 0.598359012345682
18 0.6069738271604952
19 0.6005229629629659
20 0.6007945679012336
21 0.599232318738491
22 0.6015353086419775
23 0.6031718518518551
24 0.5954676543209876
25 0.6133733333333375
26 0.6123441975308663
27 0.5963520987654332
28 0.6130567901234583
29 0.5864888888888912
30 0.5454526131069353
31 0.5841076543209922
32 0.582405432098765
33 0.5547130864197499
34 0.6221012345678989
35 0.5647051851851854
36 0.6220541529183569
37 0.586257283950622
38 0.5986913580246911
39 0.5726572839506182
40 0.5899858166524815
41 0.597290864197535
42 0.6049318518518552
43 0.6150373083706469
44 0.6198093827160459
45 0.6065407407407412
46 0.5978775308642034
47 0.6123639506172873
48 0.6085595061728425
49 0.6139146553961387
50 0.590009003342338
51 0.572173827160493
52 0.6296592592592627
53 0.5852685586018938
54 0.6306113580246866
55 0.591036543209878
56 0.6147856790123453
57 0.5976033842700526
58 0.6181906981906982
59 0.602529382716053
60 0.5835451851851863
61 0.6105575308642008
62 0.5862869135802546
63 0.5812143209876516
64 0.6273916364801321
65 0.5772562962963002
66 0.6088543209876565
67 0.608459259259261
68 0.5774632098765442
69 0.6278627160493853
70 0.5679155555555552
71 0.5939724473057839
72 0.6201269135802467
73 0.576966419753091
74 0.5803165432098768
75 0.5849501234567919
76 0.603413333333335
77 0.615945185185188
78 0.6091345691345698
79 0.5811467544800905
80 0.63309234567901
81 0.6364819753086411
82 0.6092803072264672
83 0.565944197530868
84 0.5810380246913595
85 0.5738118518518559
86 0.59244839506173
87 0.610273580246911
88 0.5864972839506184
89 0.564003456790123
90 0.5846656790123497
91 0.6334498765432084
92 0.6256888888888902
93 0.6148187654321021
94 0.5934482630778981
95 0.5957992560461727
96 0.6126750617284007
97 0.6170177777777822
98 0.5807610079215006
99 0.6022627160493818
100 0.5789032098765481
101 0.6083258567209207
102 0.5597629629629638
103 0.5891259259259276
104 0.5900691358024717
105 0.6162223700746657
106 0.5991190123456825
107 0.5822844444444467
108 0.6190785185185207
109 0.5751081481481511
110 0.585424945424945
111 0.6254227160493828
112 0.582023703703706
113 0.5637822222222194
114 0.5890740122838889
115 0.6442671604938267
116 0.6226760493827147
117 0.6108543111012308
118 0.5983629629629589
119 0.6302380246913558
120 0.6287466666666709
121 0.6115639506172826
122 0.6045303703703684
123 0.6013935802469148
124 0.6062483950617256
125 0.5463601873478425
126 0.5939812345679018
127 0.6210656790123406
128 0.6033185185185219
129 0.600796543209875
130 0.5906997530864152
131 0.5878765432098753
132 0.603841975308645
133 0.5985871604938279
134 0.5792405125738473
135 0.6203022222222255
136 0.5942785185185171
137 0.578325925925929
138 0.6025456790123502
139 0.6292477892477937
140 0.5902322075161601
141 0.604280493827162
142 0.636931851851852
143 0.5772780246913627
144 0.6013372839506183
145 0.5745817283950602
146 0.5642385185185158
147 0.6054977777777754
148 0.5958829629629667
149 0.627663209876544
150 0.5916335802469151
151 0.580332839506174
152 0.598498745659242
153 0.5936883950617271
154 0.6265451851851902
155 0.6329811292774294
156 0.5851091358024708
157 0.6180854320987692
158 0.6359367901234559
159 0.6289335356002054
160 0.5993224691358036
161 0.5766544566544615
162 0.599328395061731
163 0.6059590123456796
164 0.6047066666666691
165 0.6513931215165836
166 0.6064677022701753
167 0.640421234567901
168 0.6384859259259311
169 0.5941342608009306
170 0.6211106172839497
171 0.5794382036357373
172 0.598632592592596
173 0.5945975308641986
174 0.6261886419753149
175 0.5759486419753121
176 0.6046016386757176
177 0.6218139126781157
178 0.5795417283950655
179 0.6170893827160495
180 0.6070948148148217
181 0.5901960493827177
182 0.6158316049382737
183 0.630632113595081
184 0.595667542334212
185 0.5845111111111173
186 0.5667032098765444
187 0.5884912072566425
188 0.6082014814814738
189 0.5746167901234562
190 0.600063703703706
191 0.6303723456790172
192 0.6533486419753074
193 0.6224083950617249
194 0.6173856790123454
195 0.5815530864197588
196 0.5889570370370422
197 0.6368002570471715
198 0.5924427687834215
199 0.6023634567901238
200 0.6016319482986189
201 0.6001145679012413
202 0.6055929255929269
203 0.6022086283814709
204 0.5967076543209915
205 0.5962340740740784
206 0.6287777777777838
207 0.607204938271599
208 0.6151965432098828
