# k  S_n(k)
0.0 10.0
0.6283185307179586 0.7192482221708393
1.2566370614359172 0.988283542028182
1.8849555921538759 0.9788257550316536
2.5132741228718345 0.9380289022300351
3.141592653589793 0.8352224114969917
3.7699111843077517 0.9603596392194386
4.39822971502571 1.0584791832535279
5.026548245743669 1.0289351365947117
5.654866776461628 1.0222802585943713
6.283185307179586 0.9643647361546862
6.911503837897545 0.978479031500239
7.5398223686155035 1.0128642636073413
8.168140899333462 0.9752242724735417
8.79645943005142 0.9823422242626163
9.42477796076938 0.9816606537921647
10.053096491487338 0.9792946452366189
10.681415022205297 0.9915240022949828
11.309733552923255 0.9876605260848234
11.938052083641214 1.0003649981434233
12.566370614359172 1.0105769652073053
13.194689145077131 1.00656452118512
13.82300767579509 0.9750340445391312
14.451326206513048 1.0055005185854744
15.079644737231007 0.9888597401479086
15.707963267948966 0.995334779785652
16.336281798666924 0.9967989806754924
16.964600329384883 0.9789751960167891
17.59291886010284 1.0025469075437226
18.2212373908208 1.0155734213438574
18.84955592153876 0.9860186430259181
19.477874452256717 0.9947920020844586
20.106192982974676 1.0103564839417298
20.734511513692635 0.9948854431439021
21.362830044410593 0.998427169418964
21.991148575128552 1.009656508171244
22.61946710584651 0.9838728677783181
23.24778563656447 1.0106961235496887
23.876104167282428 1.0257458676699491
24.504422698000386 1.027726770720605
25.132741228718345 1.0050952282682433
25.761059759436304 0.9799857046604997
26.389378290154262 0.9988874767509579
27.01769682087222 1.0035020155492662
27.64601535159018 0.9715301586484992
28.274333882308138 0.988191215686919
28.902652413026097 1.0164444187300448
29.530970943744055 1.0430064361851772
30.159289474462014 0.9716727912669919
30.787608005179973 0.9978150767885394
31.41592653589793 1.0072052862486516
32.044245066615886 1.0003665203669967
32.67256359733385 0.996348174089102
33.30088212805181 0.9603798519988612
33.929200658769766 0.995951240197418
34.55751918948772 1.0479502056083843
35.18583772020568 1.025563072265123
35.814156250923645 1.0003166997198427
36.4424747816416 0.9729321771686131
37.070793312359555 1.0207621541737681
37.69911184307752 0.9892688578580198
38.32743037379548 0.9928253074598774
38.955748904513435 1.0183301924644859
39.58406743523139 0.9872303634710237
40.21238596594935 1.0277345339555288
40.840704496667314 0.9934494942297292
41.46902302738527 1.011088781083149
42.097341558103224 0.9921690901466756
42.725660088821186 1.002602985285445
43.35397861953915 0.9708246872321046
43.982297150257104 0.9851598995928716
44.61061568097506 1.0205261892829012
45.23893421169302 1.015200286386806
45.86725274241098 0.9978054481534906
46.49557127312894 0.9751305383759292
47.12388980384689 1.0098862892035751
47.752208334564855 0.9837441336477039
48.38052686528282 0.9873916585974261
49.00884539600077 1.0075824913517615
49.63716392671873 0.9810974586126774
50.26548245743669 1.0132882957726839
50.89380098815465 1.007938521717741
51.52211951887261 0.9810126366130598
52.15043804959056 1.0062997594337522
52.778756580308524 1.0205801977904723
53.40707511102649 1.004449079159998
54.03539364174444 1.003813646537521
54.6637121724624 0.9927330065391613
55.29203070318036 0.9609394523219126
55.92034923389832 0.9970899341322751
56.548667764616276 0.9860600555511074
57.17698629533423 0.9959764943526536
57.80530482605219 0.9896328528812267
58.433623356770156 1.0130625918011709
59.06194188748811 0.9792914669575294
59.690260418206066 1.0089873318745548
60.31857894892403 1.0111490160866168
60.94689747964199 0.9784219075799354
61.575216010359945 1.0036720393740766
62.2035345410779 0.9920513956999143
