0.2 -0.10507152805320101
0.6000000000000001 -0.07320011111971328
1.0 -0.09369661240495349
1.4000000000000001 -0.05064974129997462
1.8 -0.02636943650114453
2.2 -0.01838126448398722
2.6 0.0031749726142800403
3.0 -0.015514318089783813
3.4000000000000004 -0.030037337998231852
3.8000000000000003 0.03399190957813033
4.2 0.009938199264801627
4.6000000000000005 -0.023283754570179022
5.0 -0.03539679175288304
5.4 -0.0668557390800695
5.800000000000001 -0.0543064616715354
6.2 -0.053840651865980395
6.6000000000000005 -0.037219715496159544
7.0 -0.0618404330048441
7.4 0.0033824762493996205
7.800000000000001 0.025497927623374075
8.200000000000001 0.030157881471310623
8.6 0.013434491102485254
9.0 0.0806742925948224
9.4 0.07127996230867692
9.8 -0.0005217781263383184
10.200000000000001 -0.04247589261323427
10.600000000000001 0.020621667624207345
11.0 0.03058465789493661
11.4 0.01718499892801908
11.8 -0.019467938781072773
12.200000000000001 -0.03187563900491381
12.600000000000001 -0.018225788584993463
13.0 -0.06038783896444727
13.4 -0.058470105810871024
13.8 -0.021187032565623296
14.200000000000001 0.023594063442218663
14.600000000000001 0.014032495546261693
15.0 -0.00034840022048613376
15.4 0.0078033597162631895
15.8 0.0014069365884906034
16.2 0.02817545910440062
16.6 0.07444692341374924
17.0 0.048795850722930044
17.400000000000002 0.037458170240680676
17.8 0.005024291366272972
18.2 -0.02316713156145879
18.6 -0.09099895901091533
19.0 -0.13936140073445055
19.400000000000002 -0.11828143143671488
19.8 -0.06345496283020957
20.200000000000003 0.03705072345160069
20.6 0.041644641156631045
21.0 0.053791531680855875
21.400000000000002 0.050363156542656294
21.8 0.006200087716253695
22.200000000000003 -0.018924212223347184
22.6 0.030864636930683916
23.0 0.11284088641363064
23.400000000000002 0.09136283812425178
23.8 0.09170342279400938
24.200000000000003 0.05621177063526609
24.6 0.04141354192368136
25.0 0.08388667839888267
25.400000000000002 0.027889308535776553
25.8 0.017548348826863076
26.200000000000003 -0.05743857435019311
26.6 -0.069224274186427
27.0 -0.037976440266327426
27.400000000000002 -0.032035325029736654
27.8 -0.014169223539818117
28.200000000000003 -0.0534826732774192
28.6 -0.12315351359183378
29.0 -0.10425468718744507
29.400000000000002 -0.09459059402403046
29.8 -0.07704303831940139
30.200000000000003 -0.08326174661772484
30.6 -0.044246260553362345
31.0 -0.008633257352333792
31.400000000000002 0.04260982313248172
31.8 0.09400955482306333
32.2 0.0290401294967505
32.6 -0.010286034544904205
33.0 -0.0038487380775109998
33.4 -0.03493562313685691
33.800000000000004 -0.03078943765181981
34.2 -0.042802173512252274
34.6 -0.04391418555295221
35.0 -0.018585207434895886
35.4 -0.012192440001210569
35.800000000000004 -0.03597165919957518
36.2 -0.04832344670747599
36.6 -0.06380946952873884
37.0 -0.07233789359202648
37.4 -0.055294342066924226
37.800000000000004 -0.05762144788368439
38.2 0.008333478029503719
38.6 0.046051496446195175
39.0 0.054065130988981046
39.400000000000006 0.03234639185935113
39.800000000000004 -0.0736707356287218
