# k  S_s(k)
0.0 0.0
0.07853981633974483 1.1420052881060465
0.15707963267948966 0.33009733692352267
0.23561944901923448 0.9339229071423262
0.3141592653589793 0.8927492936245088
0.39269908169872414 0.39511010318047995
0.47123889803846897 0.7143168315748634
0.5497787143782138 1.926773826705964
0.6283185307179586 0.5291097340847627
0.7068583470577035 0.27144334108896684
0.7853981633974483 3.067145641669068
0.8639379797371931 0.668529771659282
0.9424777960769379 0.23831288863135747
1.0210176124166828 0.23947941621132213
1.0995574287564276 0.7302201802261526
1.1780972450961724 1.237956896531639
1.2566370614359172 0.6789396262790688
1.335176877775662 0.5043952869374676
1.413716694115407 2.3782487544616786
1.4922565104551517 0.6912588821671348
1.5707963267948966 1.414589611802072
1.6493361431346414 0.8045362541275969
1.7278759594743862 0.6507378135502955
1.806415775814131 1.636045278780612
1.8849555921538759 0.6328573227165439
1.9634954084936207 0.7209893522572691
2.0420352248333655 0.5913102695105232
2.1205750411731104 1.6446230342536166
2.199114857512855 1.1759208633619247
2.2776546738526 0.6720515071480061
2.356194490192345 0.8445808364562698
2.4347343065320897 1.0108449292695774
2.5132741228718345 1.0989377420889848
2.5918139392115793 1.2328340709434642
2.670353755551324 1.4354708887975502
2.748893571891069 1.1158697828528195
2.827433388230814 0.6780618085340825
2.9059732045705586 1.2517955942605454
2.9845130209103035 1.1934339162100516
3.0630528372500483 1.249944095395819
3.141592653589793 0.7917804939453189
3.220132469929538 0.6672872235569821
3.2986722862692828 1.2704283941144991
3.3772121026090276 1.4841038091495158
3.4557519189487724 0.7318883548494547
3.5342917352885173 0.9624028891212266
3.612831551628262 0.8235165374910876
3.691371367968007 0.8934118312282398
3.7699111843077517 0.9054924801973189
3.8484510006474966 1.0117475683578498
3.9269908169872414 0.9001118076247765
4.005530633326986 1.1139838333146361
4.084070449666731 0.9964619313701828
4.162610266006476 1.0345929543707078
4.241150082346221 1.2996416375032747
4.319689898685965 1.072099761296682
4.39822971502571 0.9638857385423087
4.476769531365456 1.3633827613887877
4.5553093477052 1.1057331721613
4.633849164044944 0.8573356160850801
4.71238898038469 0.9603493793019312
4.790928796724435 1.157593439728439
4.869468613064179 0.989037188573163
4.948008429403924 0.9578468185734104
5.026548245743669 1.3388080945414278
5.105088062083414 0.8779618347189173
5.183627878423159 1.028905690873944
5.262167694762903 0.8976837635508521
5.340707511102648 1.0346623745391546
5.419247327442394 1.1336164808210982
5.497787143782138 1.0208163030315074
5.576326960121882 0.9346246862766782
5.654866776461628 0.9254292419228466
5.733406592801373 1.0007010363765287
5.811946409141117 1.1000029403632174
5.890486225480862 0.9954794350963635
5.969026041820607 0.983938876881519
6.047565858160352 1.0415861393342307
6.126105674500097 0.9403576119739149
6.204645490839841 0.9053572904361274
6.283185307179586 0.9609972447405218
6.3617251235193315 1.0878617201127423
6.440264939859076 1.0557392147244262
6.51880475619882 0.9499705686091027
6.5973445725385655 1.0014956531073473
6.675884388878311 1.1667669398570562
6.754424205218055 1.059762358647787
6.8329640215578 1.1252734235420498
6.911503837897545 0.9417927860329403
6.99004365423729 1.225661131972091
7.0685834705770345 1.1030570270075049
7.147123286916779 1.0694703515642325
7.225663103256524 0.9662396985644188
7.304202919596269 0.8965711544179755
7.382742735936014 1.0606073383957415
7.461282552275758 1.1462517013223892
7.5398223686155035 0.8960310821543986
7.618362184955249 1.0093208162261167
7.696902001294993 1.1953939977831396
7.7754418176347375 1.0424121316641157
