# P_value  count
-1.0 0.0
-0.975 0.0
-0.95 0.0
-0.925 0.0
-0.9 0.0
-0.875 0.0
-0.85 0.0
-0.825 0.0
-0.8 0.0
-0.775 0.0
-0.75 0.0
-0.725 0.0
-0.7 0.0
-0.675 0.0
-0.65 0.0
-0.625 0.0
-0.6 0.0
-0.575 0.0
-0.55 0.0
-0.525 0.0
-0.5 0.0
-0.475 0.0
-0.45 0.0
-0.425 0.0
-0.4 1.0
-0.375 16.0
-0.35 53.0
-0.325 94.0
-0.3 221.0
-0.275 454.0
-0.25 688.0
-0.225 1246.0
-0.2 2265.0
-0.175 4213.0
-0.15 4883.0
-0.125 7810.0
-0.1 9333.0
-0.075 12293.0
-0.05 14155.0
-0.025 14822.0
0.0 15968.0
0.025 15957.0
0.05 14648.0
0.075 12862.0
0.1 10872.0
0.125 7840.0
0.15 5578.0
0.175 3880.0
0.2 2249.0
0.225 1158.0
0.25 512.0
0.275 471.0
0.3 263.0
0.325 131.0
0.35 32.0
0.375 17.0
0.4 2.0
0.425 0.0
0.45 0.0
0.475 0.0
0.5 0.0
0.525 0.0
0.55 0.0
0.575 0.0
0.6 0.0
0.625 0.0
0.65 0.0
0.675 0.0
0.7 0.0
0.725 0.0
0.75 0.0
0.775 0.0
0.8 0.0
0.825 0.0
0.85 0.0
0.875 0.0
0.9 0.0
0.925 0.0
0.95 0.0
0.975 0.0
1.0 0.0
