# P_value  count
-1.0 0.0
-0.9666666666666667 0.0
-0.9333333333333333 0.0
-0.9 0.0
-0.8666666666666667 0.0
-0.8333333333333334 0.0
-0.8 0.0
-0.7666666666666667 0.0
-0.7333333333333333 0.0
-0.7 0.0
-0.6666666666666666 0.0
-0.6333333333333333 0.0
-0.6 0.0
-0.5666666666666667 0.0
-0.5333333333333333 0.0
-0.5 4.0
-0.4666666666666667 2.0
-0.43333333333333335 92.0
-0.4 110.0
-0.36666666666666664 291.0
-0.3333333333333333 585.0
-0.3 1152.0
-0.26666666666666666 2351.0
-0.23333333333333334 4078.0
-0.2 5784.0
-0.16666666666666666 9355.0
-0.13333333333333333 12928.0
-0.1 15767.0
-0.06666666666666667 20038.0
-0.03333333333333333 21560.0
0.0 24083.0
0.03333333333333333 21552.0
0.06666666666666667 18837.0
0.1 16275.0
0.13333333333333333 12720.0
0.16666666666666666 9518.0
0.2 6507.0
0.23333333333333334 4015.0
0.26666666666666666 2134.0
0.3 1326.0
0.3333333333333333 687.0
0.36666666666666664 340.0
0.4 111.0
0.43333333333333335 63.0
0.4666666666666667 34.0
0.5 3.0
0.5333333333333333 0.0
0.5666666666666667 0.0
0.6 0.0
0.6333333333333333 0.0
0.6666666666666666 0.0
0.7 0.0
0.7333333333333333 0.0
0.7666666666666667 0.0
0.8 0.0
0.8333333333333334 0.0
0.8666666666666667 0.0
0.9 0.0
0.9333333333333333 0.0
0.9666666666666667 0.0
1.0 0.0
