# k values and corresponding S(k) [pure estimator]
0.0 0.9081791034265427
0.10471975511965977 0.964595686921042
0.20943951023931953 0.9576274896847259
0.3141592653589793 0.9726113952745176
0.41887902047863906 0.975223795290948
0.5235987755982988 0.9773593916199212
0.6283185307179586 0.9879321183158735
0.7330382858376183 0.969747115040564
0.8377580409572781 0.975096007767521
0.9424777960769379 0.9781982874451275
1.0471975511965976 0.9662139307394833
1.1519173063162573 0.9691590892113674
1.2566370614359172 0.9632452684885616
1.361356816555577 0.9671287077191889
1.4660765716752366 0.9860996761498318
1.5707963267948966 0.962311972669118
1.6755160819145563 0.9762916920359691
1.780235837034216 0.9758297609859174
1.8849555921538759 0.976990618661969
1.9896753472735356 0.9733276643985773
2.0943951023931953 0.9739702146515351
2.199114857512855 0.9705926020706995
2.3038346126325147 0.9731402801361702
2.4085543677521746 0.9784248687104705
2.5132741228718345 0.9789184874411538
2.617993877991494 0.9912483558598743
2.722713633111154 0.9766049605471132
2.827433388230814 0.9887898126558995
2.9321531433504733 0.9658885500582743
3.036872898470133 0.9754781601849303
3.141592653589793 0.9766824953321503
3.2463124087094526 0.9898891262323164
3.3510321638291125 0.9741269270226368
3.4557519189487724 0.9788495269855105
3.560471674068432 0.9809109429337923
3.665191429188092 0.9739496084931764
3.7699111843077517 0.9649778166939017
3.874630939427411 0.9777000604794789
3.979350694547071 0.9713307805972472
4.084070449666731 0.9731004373862423
4.1887902047863905 0.9706727427620231
4.29350995990605 0.9868939234638935
4.39822971502571 0.9753685613838312
4.50294947014537 0.9741281650886147
4.607669225265029 0.9852151277065608
4.71238898038469 0.9805653444369179
4.817108735504349 0.9692346789074676
4.921828490624009 0.9782345160411503
5.026548245743669 0.972612867171994
5.1312680008633285 0.9739943399039275
5.235987755982988 0.9733891147310536
5.340707511102648 0.9931640520412385
5.445427266222308 0.9842039737534691
5.550147021341967 0.9718061286136674
5.654866776461628 0.9745222301323558
5.759586531581287 0.9781864273559234
5.864306286700947 0.9765500671028141
5.969026041820607 0.9853013205727188
6.073745796940266 0.9807184353139518
6.178465552059926 0.9788069696268737
6.283185307179586 0.9818961689635679
6.387905062299246 0.9828396397500315
6.492624817418905 0.9758808566620265
6.5973445725385655 0.9711084410277654
6.702064327658225 0.9763433444207
6.8067840827778845 0.9777579801007827
6.911503837897545 0.9748531014731496
7.016223593017204 0.9774594995523592
7.120943348136864 0.96794067196336
7.225663103256524 0.9683159768632095
7.330382858376184 0.9734445435951079
7.435102613495843 0.977675575226038
7.5398223686155035 0.9742860671741889
7.644542123735163 0.9797617844686004
7.749261878854822 0.9727497478882804
