# P_value  count
-1.0 0.0
-0.96 0.0
-0.92 0.0
-0.88 0.0
-0.84 0.0
-0.8 0.0
-0.76 0.0
-0.72 0.0
-0.68 9.0
-0.64 1.0
-0.6 24.0
-0.56 118.0
-0.52 156.0
-0.48 421.0
-0.44 686.0
-0.4 909.0
-0.36 1771.0
-0.32 2537.0
-0.28 3850.0
-0.24 5301.0
-0.2 6760.0
-0.16 8673.0
-0.12 10604.0
-0.08 11988.0
-0.04 12483.0
0.0 13775.0
0.04 12502.0
0.08 11482.0
0.12 10188.0
0.16 8377.0
0.2 7005.0
0.24 5140.0
0.28 3613.0
0.32 2562.0
0.36 1615.0
0.4 1073.0
0.44 629.0
0.48 248.0
0.52 147.0
0.56 42.0
0.6 17.0
0.64 3.0
0.68 0.0
0.72 0.0
0.76 0.0
0.8 0.0
0.84 0.0
0.88 0.0
0.92 0.0
0.96 0.0
1.0 0.0
