block_size         error    difference      rel_diff
-------------------------------------------------------
       2  3.661336e-08  1.514526e-08  4.136541e-01
       4  5.175862e-08  2.138895e-08  4.132443e-01
       8  7.314757e-08  3.016808e-08  4.124276e-01
      16  1.033157e-07  4.245146e-08  4.108909e-01
      32  1.457671e-07  5.949492e-08  4.081505e-01
      64  2.052620e-07  8.280055e-08  4.033895e-01
     128  2.880626e-07  1.141642e-07  3.963172e-01
     256  4.022268e-07  1.555538e-07  3.867317e-01
     512  5.577806e-07  2.112206e-07  3.786804e-01
    1024  7.690011e-07  2.864445e-07  3.724891e-01
    2048  1.055446e-06  3.926107e-07  3.719857e-01
    4096  1.448056e-06  5.217353e-07  3.603004e-01
    8192  1.969792e-06  6.330987e-07  3.214039e-01
   16384  2.602890e-06  7.025315e-07  2.699044e-01
   32768  3.305422e-06  5.265551e-07  1.593004e-01
   65536  3.831977e-06  -2.499896e-07  6.523776e-02
  131072  3.581987e-06           ---           ---
