# r  Cs(r) [pure estimator]
0.15 0.0007624862815599697
0.44999999999999996 0.0007603293005660303
0.75 0.0007640940132969099
1.05 0.0007612332112886447
1.3499999999999999 0.0007673804337288933
1.65 0.0007579373419763831
1.95 0.000763943170706984
2.25 0.0007606599969412528
2.55 0.000763470079507381
2.85 0.0007651771064921671
3.15 0.0007653380935875397
3.4499999999999997 0.0007570663328290195
3.75 0.0007630691984085336
4.05 0.000761810187667677
4.35 0.0007610432765585273
4.6499999999999995 0.0007692413750067101
4.95 0.0007662788458192342
5.25 0.0007633266266767756
5.55 0.000762540680541204
5.85 0.0007609196689662228
6.1499999999999995 0.0007643376605778881
6.45 0.0007593130460786116
6.75 0.0007551095505609731
7.05 0.0007598483480147782
7.35 0.0007598128763924592
7.6499999999999995 0.0007578489877704244
7.949999999999999 0.0007618118154671217
8.25 0.0007613881771242426
8.549999999999999 0.0007575626825451837
8.85 0.0007610347508051321
9.15 0.0007671709192004593
9.45 0.000760997389277631
9.75 0.0007608350517240939
10.049999999999999 0.0007561455714753527
10.35 0.000760528401923324
10.65 0.0007576169229810236
10.95 0.0007616417374285173
11.25 0.000759960084560389
11.549999999999999 0.0007599464232880296
11.85 0.0007600801574532539
12.15 0.0007579517695690175
12.45 0.0007627406345221922
12.75 0.0007582538736315144
13.049999999999999 0.0007619047384942601
13.35 0.0007580554087197695
13.65 0.0007675472764625954
13.95 0.0007587282450147812
14.25 0.000757217214595533
14.549999999999999 0.0007531246484460029
14.85 0.0007584549652272467
15.149999999999999 0.0007632724153608775
15.45 0.0007502848638541188
15.75 0.0007529423072848561
16.05 0.0007607764020316509
16.349999999999998 0.0007592547925770392
16.65 0.0007574808737216627
16.95 0.0007601642461345866
17.25 0.0007586109754041358
17.55 0.0007599973304434748
17.849999999999998 0.0007553356473583849
18.15 0.0007590404914060414
18.45 0.0007626031125341746
18.75 0.0007562530262788038
19.05 0.000760372789286009
19.349999999999998 0.0007624009023466584
19.65 0.0007598602841968035
19.95 0.000762712303606974
20.25 0.0007598187298317548
20.55 0.000749553390477296
20.849999999999998 0.0007586837774476293
21.15 0.0007576867801987234
21.45 0.0007664223681920256
21.75 0.0007670915134590385
22.05 0.0007584932394260163
22.349999999999998 0.0007574852413882345
22.65 0.0007608239751006337
22.95 0.0007605874977938116
23.25 0.0007644842310653542
23.55 0.0007589483236248529
23.849999999999998 0.0007593793232180286
24.15 0.0007600295983710239
24.45 0.0007601956512560727
24.75 0.000761000527975856
25.05 0.0007585214004852849
25.349999999999998 0.000758003723617594
25.65 0.0007609405729535213
25.95 0.0007591116937703084
26.25 0.0007634258238987524
26.55 0.0007622640886831754
26.849999999999998 0.000765643182707511
27.15 0.0007607072843555849
27.45 0.0007583735113997584
27.75 0.0007586267755429144
28.05 0.0007587256775056733
28.349999999999998 0.0007610054082348293
28.65 0.0007607797521012859
28.95 0.0007575444981359587
29.25 0.0007563446266087401
29.549999999999997 0.0007605015764995139
29.849999999999998 0.000752432605420177
