0.075 -0.0193077824981347
0.22499999999999998 -0.020118013288110394
0.375 -0.019865109498405985
0.525 -0.06352910982250988
0.6749999999999999 -0.02815270662500595
0.825 -0.030979148348197462
0.975 -0.04240908125457249
1.125 -0.0663862930713814
1.275 -0.04583731691460476
1.425 -0.0773943764961245
1.575 -0.07105880168071128
1.7249999999999999 -0.03093580209918698
1.875 -0.013105070197249123
2.025 -0.03857319923801918
2.175 -0.035275213617989944
2.3249999999999997 -0.05182338538372979
2.475 -0.06666780032819501
2.625 -0.03838761885494639
2.775 -0.024781328595095235
2.925 -0.037146098750249
3.0749999999999997 -0.08340742736539584
3.225 -0.12146727803251355
3.375 -0.12918328420322525
3.525 -0.13987955545301947
3.675 -0.0986939329791908
3.8249999999999997 -0.11346346781265058
3.9749999999999996 -0.11950908725102273
4.125 -0.11607594828103952
4.2749999999999995 -0.10908951654766869
4.425 -0.0679236942328618
4.575 -0.010017298949993966
4.725 -0.010377413183372949
4.875 0.015009856608835775
5.0249999999999995 -0.0238997093783386
5.175 -0.02324980625161457
5.325 0.00022664217889101638
5.475 0.013002568992419108
5.625 -0.007967642854970654
5.7749999999999995 -0.03751205252605641
5.925 -0.0381512971441029
6.075 -0.05966500078735589
6.225 -0.02073346616535085
6.375 -0.019657312804404307
6.5249999999999995 -0.028515319400316128
6.675 -0.00021288842281217722
6.825 -0.015247555976032797
6.975 -0.02567078023997084
7.125 -0.012778247393632008
7.2749999999999995 -0.024003861058668217
7.425 -0.050035666972383576
7.574999999999999 -0.08328868429989057
7.725 -0.043039473197439976
7.875 -0.07625598303324352
8.025 -0.08319372189401288
8.174999999999999 -0.1056715033939192
8.325 -0.12723501644972107
8.475 -0.16116624461022516
8.625 -0.15889817562108322
8.775 -0.1353708214775542
8.924999999999999 -0.1333686529292028
9.075 -0.08449336354807381
9.225 -0.08389990590532519
9.375 -0.08368604948441895
9.525 -0.08128961897621158
9.674999999999999 -0.0979037150902586
9.825 -0.052868868762680175
9.975 -0.06116183243112224
10.125 -0.021133870900817416
10.275 -0.032496746081149906
10.424999999999999 -0.11448491026895367
10.575 -0.07258394325280985
10.725 -0.0528838495735407
10.875 -0.05994149940202591
11.025 -0.013231081012123024
11.174999999999999 -0.013993965765574542
11.325 -0.0405855351461984
11.475 -0.05469749724726959
11.625 -0.02587758949751578
11.775 -0.028698100772871608
11.924999999999999 0.0456725755995829
12.075 0.04348408909807192
12.225 0.023595114494574184
12.375 -0.0033374371449337702
12.525 0.059721240734336704
12.674999999999999 0.0760266158240109
12.825 0.072241718082219
12.975 0.027399769080702314
13.125 0.009471717179818265
13.275 -0.012945438645804054
13.424999999999999 0.0006627428084515488
13.575 0.04259285590154352
13.725 0.04484896037661828
13.875 0.08592007434944238
14.025 0.09657650542941758
14.174999999999999 0.08440010998747365
14.325 0.06187479096354404
14.475 0.0749074204284442
14.625 0.09094496578612976
14.774999999999999 0.11018963985238671
14.924999999999999 0.08470105975627194
