# block  <|P|>
1 0.0
2 0.6417333333333289
3 0.712066666666673
4 0.7605999999999962
5 0.7354666666666623
6 0.7311333333333374
7 0.7505333333333313
8 0.7594666666666677
9 0.7529333333333291
10 0.7530444444444432
11 0.7180138053885513
12 0.7525333333333222
13 0.7485930374819231
14 0.7280666666666664
15 0.7284666666666653
16 0.7488289488289542
17 0.7498444444444428
18 0.7675350701402857
19 0.7761506742449554
20 0.7152222222222216
21 0.7394161394161372
22 0.7408964520075653
23 0.7349555555555536
24 0.7255333333333314
25 0.7507777777777745
26 0.6997777777777722
27 0.7428666666666628
28 0.7269081643956992
29 0.7245245245245255
30 0.711777777777777
31 0.7384888888888875
32 0.7378000000000003
33 0.7409777777777798
34 0.7447892336781264
35 0.7369111111111081
36 0.7440888888888905
37 0.7329337329337317
38 0.7553557553557604
39 0.7603999999999977
40 0.7622444444444357
41 0.7510045510045521
42 0.7197469197469193
43 0.7530444444444452
44 0.7329999999999905
45 0.7407703407703427
46 0.7419999999999946
47 0.7478444444444443
48 0.7320666666666702
49 0.7400888888888836
50 0.7586222222222206
51 0.7358666666666661
52 0.7326229326229308
53 0.7460444444444467
54 0.7577132688243767
55 0.7466089466089442
56 0.7462888888888944
57 0.734244444444445
58 0.7462888888888867
59 0.758803247692141
60 0.7286222222222215
61 0.7546666666666636
62 0.7555777555777566
63 0.7205777777777709
64 0.7615777777777779
65 0.7434444444444418
66 0.7495777777777786
67 0.727066666666663
68 0.7384888888888894
69 0.7592926259592941
70 0.7334888888888874
71 0.756577777777769
72 0.759244444444443
73 0.7382666666666637
74 0.7217555555555515
75 0.7516705516705551
76 0.7565545565545571
77 0.7583083583083574
78 0.7493938382827264
79 0.7411777777777737
80 0.7505555555555536
81 0.753466666666669
82 0.7394888888888884
83 0.750222222222221
84 0.721666666666668
85 0.7523143523143501
86 0.7720222222222268
87 0.7292666666666665
88 0.7579555555555516
89 0.7546009546009524
90 0.7509954398843237
91 0.7495837495837494
92 0.7349555555555518
93 0.7266444444444465
94 0.7372222222222234
95 0.746311111111103
96 0.7564444444444389
97 0.7439999999999983
98 0.7317333333333363
99 0.7376222222222182
100 0.7418888888888946
101 0.7598000000000034
102 0.7502941502941498
103 0.7310444444444434
104 0.7605605605605507
105 0.7535999999999984
106 0.7247111111111082
107 0.7395111111111057
108 0.7340888888888848
109 0.7650222222222214
110 0.7408369408369392
111 0.7293333333333297
112 0.7229999999999949
113 0.7500666666666638
114 0.7260816371927445
115 0.7266444444444453
116 0.7287823287823217
117 0.7534888888888902
118 0.7342676009342707
119 0.7542888888888862
120 0.7419419419419354
121 0.7480297480297434
122 0.7472000000000028
123 0.7408742075408705
124 0.715151515151516
125 0.7321333333333324
126 0.7551555555555581
127 0.7426000000000026
128 0.7453999999999968
129 0.7688444444444466
130 0.7456444444444394
131 0.7454444444444444
132 0.7612444444444421
133 0.757111111111112
134 0.7456666666666725
135 0.7531555555555479
136 0.7411555555555555
137 0.76157777777778
138 0.758806501892673
139 0.7306666666666656
140 0.7382444444444478
141 0.7385555555555539
142 0.7602666666666673
143 0.7241647241647188
144 0.7305082860638407
145 0.7484444444444436
146 0.7296222222222244
147 0.7290444444444468
148 0.7422000000000004
149 0.7239461683906164
150 0.7276222222222157
151 0.6977111111111067
152 0.7523619427811061
153 0.7330444444444439
154 0.7347111111111124
155 0.7170222222222198
156 0.7350888888888854
157 0.7523143523143523
158 0.7436325214102961
159 0.7512666666666659
160 0.7553555555555571
161 0.7501555555555495
162 0.7557555555555556
163 0.7461111111111083
164 0.7412064759370142
165 0.7559333333333282
166 0.7367299367299357
167 0.7473555555555542
168 0.7629999999999975
169 0.7482222222222198
170 0.7395777777777784
171 0.7511111111111041
172 0.7640666666666613
173 0.7612552672432936
174 0.7379111111111147
175 0.7201333333333396
176 0.72793333333333
177 0.7538222222222146
178 0.716377777777782
179 0.7613391168946748
180 0.7449111111111113
181 0.7418666666666681
182 0.7148000000000009
183 0.7480888888888849
184 0.7375555555555544
185 0.7347777777777751
186 0.7307333333333343
187 0.7414888888888842
188 0.742475809142476
189 0.7180888888888883
190 0.7524222222222154
191 0.7403858948769168
192 0.751818485151818
193 0.7604222222222179
194 0.731064397731059
195 0.7187035187035162
196 0.7491269046824615
197 0.7399267399267373
198 0.7454989454989468
199 0.7543999999999992
200 0.7537129537129517
201 0.7663999999999993
202 0.7729555555555591
203 0.7572683794905964
204 0.758558558558556
205 0.7557111111111111
206 0.7319333333333286
207 0.7766888888888895
208 0.7390165390165384
