block_size         error    difference      rel_diff
-------------------------------------------------------
       2  2.835844e-07  1.174192e-07  4.140538e-01
       4  4.010036e-07  1.659921e-07  4.139417e-01
       8  5.669957e-07  2.345698e-07  4.137064e-01
      16  8.015655e-07  3.312449e-07  4.132475e-01
      32  1.132810e-06  4.671584e-07  4.123889e-01
      64  1.599969e-06  6.571822e-07  4.107468e-01
     128  2.257151e-06  9.205598e-07  4.078415e-01
     256  3.177711e-06  1.278532e-06  4.023438e-01
     512  4.456243e-06  1.751858e-06  3.931243e-01
    1024  6.208101e-06  2.350793e-06  3.786654e-01
    2048  8.558894e-06  3.059247e-06  3.574348e-01
    4096  1.161814e-05  3.854319e-06  3.317501e-01
    8192  1.547246e-05  4.874123e-06  3.150193e-01
   16384  2.034658e-05  4.421870e-06  2.173274e-01
   32768  2.476845e-05  -8.425139e-07  3.401560e-02
   65536  2.392594e-05  6.038474e-07  2.523819e-02
  131072  2.452979e-05           ---           ---
