# k values and corresponding S(k) [pure estimator]
0.0 49.29258154150492
0.06981317007977318 0.7844970355536748
0.13962634015954636 0.8353621825064076
0.20943951023931956 0.8745099500341627
0.2792526803190927 0.9086100955021627
0.3490658503988659 0.9350031339153996
0.4188790204786391 0.9400672187525636
0.4886921905584123 0.9433592389908299
0.5585053606381855 0.9727792294486532
0.6283185307179586 0.9539129440665745
0.6981317007977318 0.9674911882999637
0.767944870877505 0.9523114297879796
0.8377580409572782 0.9772407879831798
0.9075712110370514 0.9746878644523476
0.9773843811168246 0.9935625567080175
1.0471975511965976 0.9821505088452809
1.117010721276371 0.990861336066266
1.1868238913561442 0.9881269798426551
1.2566370614359172 0.9804064611231567
1.3264502315156905 0.9879277193944651
1.3962634015954636 0.9757856102704248
1.4660765716752369 0.9660193458053679
1.53588974175501 0.9920672197325324
1.6057029118347832 0.9855121974199622
1.6755160819145565 0.9695214498272589
1.7453292519943295 0.989333622685368
1.8151424220741028 0.9796221332878765
1.8849555921538759 0.9688935644140598
1.9547687622336491 0.9790486464224628
2.0245819323134224 0.9943624029055075
2.0943951023931953 0.9839724619704862
2.1642082724729685 0.9860456825883737
2.234021442552742 0.9868609242747669
2.303834612632515 0.9796025097172516
2.3736477827122884 0.9766185552228133
2.443460952792061 0.9859097034050724
2.5132741228718345 0.992597678403497
2.5830872929516078 0.9757306558197312
2.652900463031381 0.9990486408475572
2.722713633111154 0.9812573291927968
2.792526803190927 1.0143910972724461
2.8623399732707004 0.9859982468800662
2.9321531433504737 0.9896827681608096
3.001966313430247 0.9681707041880835
3.07177948351002 0.9647803765716344
3.141592653589793 0.9865833797548001
3.2114058236695664 0.9845312825923896
3.2812189937493397 0.9938679340743385
3.351032163829113 0.9950310306584077
3.420845333908886 0.9915637540229092
3.490658503988659 0.9884563983116904
3.5604716740684323 1.0052261792981447
3.6302848441482056 0.9771483526732858
3.7000980142279785 0.9857840031287775
3.7699111843077517 0.988003176086955
3.839724354387525 0.9776484261714902
3.9095375244672983 0.9662215772786552
3.9793506945470716 0.9857926140634142
4.049163864626845 0.9805925033928613
4.118977034706618 0.9767566197825157
4.1887902047863905 0.9866126631225032
4.258603374866164 0.9680797075259567
4.328416544945937 0.9791943157919712
4.39822971502571 0.9881229219215417
4.468042885105484 0.9802077521705866
4.537856055185257 0.9866952775699181
4.60766922526503 0.9941467795158725
4.6774823953448035 0.9795826912659218
4.747295565424577 0.9727340193811007
4.817108735504349 0.9784997441391142
4.886921905584122 0.9828725846477885
4.956735075663896 0.9947582377508196
5.026548245743669 0.9992138682220342
5.096361415823442 0.9755757338100216
5.1661745859032155 1.014410999233174
