# block  <|P|>
1 0.0
2 0.12817777777777892
3 0.21746190635079715
4 0.19286666666666744
5 0.22931111111111185
6 0.20926666666666757
7 0.20706666666666698
8 0.18867756645534592
9 0.22208888888888936
10 0.22140000000000154
11 0.22902222222222424
12 0.2359333333333338
13 0.21049938827716727
14 0.18304971638304898
15 0.1543555555555578
16 0.18904413395431494
17 0.20220000000000124
18 0.191444444444445
19 0.199911111111113
20 0.19348888888888946
21 0.22024444444444544
22 0.20846666666666802
23 0.18554109665220733
24 0.22500000000000134
25 0.20371111111111215
26 0.22880000000000103
27 0.1931623931623939
28 0.2426444444444437
29 0.20807474140807508
30 0.22022222222222163
31 0.19751111111111067
32 0.20572760572760693
33 0.19480000000000006
34 0.22677777777777813
35 0.2367555555555561
36 0.24030697364030887
37 0.23884444444444514
38 0.18648888888889073
39 0.13470973470973585
40 0.19551111111111258
41 0.2427555555555573
42 0.2007111111111125
43 0.1928737928737941
44 0.21849261849261864
45 0.18900000000000194
46 0.17615555555555598
47 0.15493457529385704
48 0.17382222222222324
49 0.207400000000001
50 0.19073333333333398
51 0.2383777777777781
52 0.22128888888888856
53 0.21746666666666775
54 0.20384444444444658
55 0.2061494061494052
56 0.22255555555555456
57 0.24919524919524966
58 0.24333333333333315
59 0.2500444444444445
60 0.22540318095873565
61 0.2552444444444449
62 0.26272939606273
63 0.21406666666666885
64 0.18967856745634715
65 0.2409555555555569
66 0.22122222222222343
67 0.1883333333333331
68 0.18355555555555622
69 0.2219777777777784
70 0.22968888888888853
71 0.25186666666666685
72 0.26644444444444526
73 0.22164444444444534
74 0.2189333333333328
75 0.23602222222222344
76 0.23677777777777645
77 0.20420000000000155
78 0.2386724386724399
79 0.19733333333333378
80 0.20473333333333335
81 0.18584444444444445
82 0.20162222222222304
83 0.2251362473584701
84 0.19137777777777804
85 0.18315555555555718
86 0.22191111111111153
87 0.20757777777777864
88 0.192044444444446
89 0.18986666666666688
90 0.17886775664553523
91 0.22626666666666703
92 0.2560888888888888
93 0.2362888888888888
94 0.2779333333333342
95 0.24422222222222337
96 0.24073333333333358
97 0.2131424131424128
98 0.22622222222222207
99 0.19404444444444466
100 0.19460000000000152
101 0.206355555555556
102 0.18838838838838864
103 0.210133333333334
104 0.16304444444444294
105 0.206577777777778
106 0.22731111111111202
107 0.20420000000000157
108 0.2220222222222213
109 0.1805999999999994
110 0.15937777777777687
111 0.20237777777777846
112 0.22922222222222188
113 0.19917695473251038
114 0.2099555555555569
115 0.23628888888889135
116 0.22191111111111117
117 0.25420976532087775
118 0.2196444444444467
119 0.20064444444444493
120 0.20864444444444497
121 0.2359333333333345
122 0.2215993771549324
123 0.17102897102897127
124 0.17479701924146485
125 0.19566666666666635
126 0.20811923034145233
127 0.23798423798423932
128 0.193000000000001
129 0.1909201909201921
130 0.2145777777777799
131 0.21047841047841312
132 0.21442222222222423
133 0.21911421911422002
134 0.20126793460126935
135 0.19257034812590398
136 0.20617777777777704
137 0.1800177422931919
138 0.172933333333334
139 0.18742222222222385
140 0.19453333333333472
141 0.18555555555555667
142 0.1870666666666678
143 0.22493333333333376
144 0.17842222222222223
145 0.21182222222222283
146 0.21435555555555577
147 0.18822222222222376
148 0.2099555555555561
149 0.2154068154068163
150 0.23933333333333498
151 0.2218444444444448
152 0.18015555555555574
153 0.17917777777777816
154 0.2102444444444449
155 0.1896222222222227
156 0.19046666666666764
157 0.20126666666666673
158 0.19173333333333356
159 0.2053333333333341
160 0.19477777777778096
161 0.19751111111111308
162 0.1804222222222231
163 0.1984000000000013
164 0.20533867200534084
165 0.18849961072183324
166 0.2320987654320994
167 0.19984444444444624
168 0.20024444444444495
169 0.1886888888888905
170 0.2158952158952159
171 0.21288888888889
172 0.22906666666666622
173 0.2069333333333332
174 0.23208888888889004
175 0.18115555555555657
176 0.17330663997330778
177 0.20388888888889067
178 0.22108775442108694
179 0.23447663447663553
180 0.2218444444444447
181 0.22153402153402002
182 0.21727161727161806
183 0.2060444444444452
184 0.19655555555555412
185 0.19831111111111197
186 0.2314444444444451
187 0.2426000000000008
188 0.1823777777777783
189 0.20664444444444588
190 0.25080000000000036
191 0.2873111111111113
192 0.22573333333333445
193 0.23337777777777682
194 0.23277777777777922
195 0.19671111111111175
196 0.17249417249417404
197 0.17651237651237767
198 0.25668888888888913
199 0.20750360750360883
200 0.24606829051273643
201 0.26131646131646086
202 0.23095555555555713
203 0.2340222222222232
204 0.17386275164053042
205 0.20604444444444509
206 0.22777777777777788
207 0.19524919524919646
208 0.2205350205350212
