block_size         error    difference      rel_diff
-------------------------------------------------------
       2  1.197127e-08  4.951212e-09  4.135911e-01
       4  1.692249e-08  6.990832e-09  4.131091e-01
       8  2.391332e-08  9.855095e-09  4.121174e-01
      16  3.376841e-08  1.385297e-08  4.102346e-01
      32  4.762139e-08  1.936480e-08  4.066409e-01
      64  6.698619e-08  2.681075e-08  4.002430e-01
     128  9.379694e-08  3.647912e-08  3.889159e-01
     256  1.302761e-07  4.835171e-08  3.711481e-01
     512  1.786278e-07  6.208453e-08  3.475637e-01
    1024  2.407123e-07  7.802436e-08  3.241395e-01
    2048  3.187367e-07  9.795044e-08  3.073083e-01
    4096  4.166871e-07  1.293106e-07  3.103301e-01
    8192  5.459977e-07  1.738638e-07  3.184332e-01
   16384  7.198614e-07  2.074289e-07  2.881511e-01
   32768  9.272903e-07  2.250294e-07  2.426741e-01
   65536  1.152320e-06  1.377609e-07  1.195509e-01
  131072  1.290081e-06           ---           ---
