0.15 0.8484896421845575
0.44999999999999996 0.8714990583804143
0.75 0.8153634651600753
1.05 0.853527306967985
1.3499999999999999 0.8849359698681732
1.65 0.9101148775894539
1.95 0.9453785310734464
2.25 0.9816139359698681
2.55 0.9192504708097928
2.85 0.9407815442561205
3.15 0.9377928436911488
3.4499999999999997 0.9503653483992467
3.75 0.9852768361581921
4.05 0.9986007532956686
4.35 1.0190075329566854
4.6499999999999995 1.0780282485875705
4.95 1.0928512241054613
5.25 1.0937099811676083
5.55 1.0625141242937852
5.85 1.0648832391713747
6.1499999999999995 1.0631431261770246
6.45 1.0204990583804143
6.75 0.993105461393597
7.05 0.9604406779661017
7.35 0.9891920903954802
7.6499999999999995 0.9750922787193974
7.949999999999999 0.9704839924670433
8.25 1.0275367231638417
8.549999999999999 1.0390772128060264
8.85 1.0585838041431261
9.15 1.0934764595103579
9.45 1.0985291902071563
9.75 1.0400546139359699
10.049999999999999 1.005804143126177
10.35 1.0164595103578153
10.65 1.0128549905838042
10.95 0.9884406779661017
11.25 1.0152937853107344
11.549999999999999 1.007708097928437
11.85 0.9739510357815443
12.15 0.9638399246704331
12.45 0.9447758945386064
12.75 1.0018210922787194
13.049999999999999 1.0509058380414313
13.35 1.07590395480226
13.65 1.0494783427495291
13.95 1.0402580037664784
14.25 1.0262184557438794
14.549999999999999 0.9851902071563089
14.85 1.0060225988700564
15.149999999999999 1.015683615819209
15.45 1.0118549905838041
15.75 0.980180790960452
16.05 0.9440922787193974
16.349999999999998 0.9382730696798494
16.65 1.0187834274952918
16.95 1.036677966101695
17.25 1.040578154425612
17.55 1.0228022598870057
17.849999999999998 1.0602071563088513
18.15 0.9993295668549906
18.45 1.0343954802259887
18.75 1.0414595103578155
19.05 1.0125480225988701
19.349999999999998 0.9947212806026365
19.65 0.9912128060263653
19.95 0.9940809792843691
20.25 0.9954651600753296
20.55 1.0172485875706214
20.849999999999998 1.0296290018832392
21.15 1.002990583804143
21.45 0.9237212806026366
21.75 0.9594086629001883
22.05 0.9783389830508474
22.349999999999998 1.026789077212806
22.65 1.0042937853107345
22.95 1.011879472693032
23.25 0.9696629001883239
23.55 1.007421845574388
23.849999999999998 1.03175329566855
24.15 1.0191544256120528
24.45 1.0013841807909605
24.75 1.049472693032015
25.05 1.0354858757062146
25.349999999999998 1.0388870056497175
25.65 1.0472241054613936
25.95 1.1047871939736347
26.25 1.005352165725047
26.55 1.0103502824858757
26.849999999999998 0.9883050847457627
27.15 0.9705687382297552
27.45 0.945819209039548
27.75 0.9429887005649717
28.05 1.004
28.349999999999998 0.9851713747645952
28.65 0.9858455743879473
28.95 1.0040734463276837
29.25 1.0057570621468928
29.549999999999997 1.000858757062147
29.849999999999998 1.0109039548022598
