# r  Cs(r) [pure estimator]
0.15 0.000813211418467737
0.44999999999999996 0.0008166307004734644
0.75 0.0008174356317431302
1.05 0.000815552006349371
1.3499999999999999 0.0008160487433735819
1.65 0.0008166743924069797
1.95 0.0008155035475208599
2.25 0.0008191665603159246
2.55 0.0008145541919410458
2.85 0.0008133986864625694
3.15 0.0008174475353222019
3.4499999999999997 0.0008124946579818519
3.75 0.0008150123243550171
4.05 0.0008134476692987242
4.35 0.0008125177766827669
4.6499999999999995 0.000811476301072389
4.95 0.0008119361560773004
5.25 0.000817028456443938
5.55 0.0008142487865060336
5.85 0.0008136799354021195
6.1499999999999995 0.0008124836177295923
6.45 0.0008126798396497099
6.75 0.0008086174097544941
7.05 0.0008150865454368213
7.35 0.0008128910928851364
7.6499999999999995 0.0008116237237627934
7.949999999999999 0.0008119899536209961
8.25 0.0008137097832132921
8.549999999999999 0.0008103989201285064
8.85 0.000813395492795995
9.15 0.0008127581848833239
9.45 0.0008159262689516855
9.75 0.0008106844425356484
10.049999999999999 0.0008059127348698659
10.35 0.0008079870451777429
10.65 0.0008099828705167448
10.95 0.0008153432418366806
11.25 0.0008120570748664615
11.549999999999999 0.0008097584605589514
11.85 0.0008052830125324129
12.15 0.0008094710785659891
12.45 0.0008064937840993619
12.75 0.0008109330206264042
13.049999999999999 0.0008116379067806243
13.35 0.0008121169796337926
13.65 0.0008125341561536581
13.95 0.0008172799411548297
14.25 0.0008115395938461682
14.549999999999999 0.0008184712966563934
14.85 0.0008091866978747477
15.149999999999999 0.0008137726475851243
15.45 0.0008121759307724171
15.75 0.000807347372392497
16.05 0.0008115797606687697
16.349999999999998 0.0008096518103487009
16.65 0.0008093100919895283
16.95 0.0008121709704809874
17.25 0.0008137918178963941
17.55 0.0008095634473015989
17.849999999999998 0.0008117531737664192
18.15 0.0008143190480233819
18.45 0.0008159284164394742
18.75 0.0008122121210078033
19.05 0.0008148166799514558
19.349999999999998 0.0008188152667118342
19.65 0.0008149078736240721
19.95 0.0008110614434935632
20.25 0.0008089284970143006
20.55 0.0008105812315431771
20.849999999999998 0.0008124180749108882
21.15 0.000810176031489626
21.45 0.0008124263228308967
21.75 0.0008132734543049427
22.05 0.0008136659640727124
22.349999999999998 0.0008122880304955528
22.65 0.0008111193415111089
22.95 0.00080834231665482
23.25 0.0008118522681577286
23.55 0.0008090438220825823
23.849999999999998 0.0008131770912352332
24.15 0.0008093959952382116
24.45 0.000813481676434479
24.75 0.0008159676490694257
25.05 0.0008110195572276498
25.349999999999998 0.0008098668461849042
25.65 0.0008105567247373113
25.95 0.0008106040234746267
26.25 0.0008184032826150968
26.55 0.0008110622181436152
26.849999999999998 0.0008100196619039217
27.15 0.0008100678456190414
27.45 0.000815975909914104
27.75 0.0008109665894554247
28.05 0.000818514188194915
28.349999999999998 0.000815721385907412
28.65 0.0008098094757916529
28.95 0.0008090907990238778
29.25 0.0008063066522390165
29.549999999999997 0.0008094692865668587
29.849999999999998 0.0008113064225814478
