# r  Cs(r) [pure estimator]
0.075 2.2036330595817066e-5
0.22499999999999998 2.5563259257026447e-5
0.375 2.5426175057470547e-5
0.525 2.7718709480246404e-5
0.6749999999999999 1.9581037218856518e-5
0.825 2.2444831784732827e-5
0.975 2.0483641076189316e-5
1.125 2.4672967142289797e-5
1.275 2.5563432942000507e-5
1.425 2.4759910543706207e-5
1.575 9.118657600459082e-6
1.7249999999999999 2.418688000728654e-5
1.875 2.19318403245087e-5
2.025 2.3953111214916117e-5
2.175 2.378352838403231e-5
2.3249999999999997 2.0461355101864464e-5
2.475 1.3086682987753558e-5
2.625 2.6636258555925646e-5
2.775 2.8558649817602715e-5
2.925 2.7357778971574926e-5
3.0749999999999997 2.0608124072257883e-5
3.225 2.057641743659739e-5
3.375 1.2442402167271143e-5
3.525 2.2178617768191762e-5
3.675 1.7789587412527937e-5
3.8249999999999997 1.984249804578313e-5
3.9749999999999996 1.2887207789350339e-5
4.125 2.590238921373049e-5
4.2749999999999995 2.569446411694063e-5
4.425 2.9322644626718265e-5
4.575 1.7926402792330215e-5
4.725 1.6288777162237756e-5
4.875 2.8553251334444643e-5
5.0249999999999995 2.082941916660178e-5
5.175 1.660663732595005e-5
5.325 1.7876501069271893e-5
5.475 9.154663543795475e-6
5.625 2.4652975063332942e-5
5.7749999999999995 1.5693459482812404e-5
5.925 1.9383667004983842e-5
6.075 2.2514891393219144e-5
6.225 1.4486900184027839e-5
6.375 2.5863734078891155e-5
6.5249999999999995 1.4706540576629932e-5
6.675 7.617743993421959e-6
6.825 1.9710545844105768e-5
6.975 2.1761161268057004e-5
7.125 1.8565010026889146e-5
7.2749999999999995 2.014729043760008e-5
7.425 1.6528699127269913e-5
7.574999999999999 3.50526845080703e-6
7.725 4.958966474522143e-6
7.875 1.67552684203613e-5
8.025 1.4797660197397704e-5
8.174999999999999 1.041134297138602e-5
8.325 2.0386480212094615e-5
8.475 9.2509321112213e-6
8.625 1.2711807201572508e-5
8.775 2.102821766815411e-5
8.924999999999999 1.978166773820845e-5
9.075 1.5399528884302804e-5
9.225 3.1293097651176845e-5
9.375 1.8543794143516672e-5
9.525 5.460798062898254e-6
9.674999999999999 1.5316465984644484e-5
9.825 3.886784895749799e-6
9.975 1.5359026211563064e-5
10.125 1.6354051879879854e-5
10.275 1.093668293260727e-5
10.424999999999999 1.214606434960082e-5
10.575 1.6134478040270165e-5
10.725 1.973738809847913e-5
10.875 7.954826703476982e-6
11.025 9.037643895876941e-7
11.174999999999999 2.2427823722289455e-5
11.325 9.820252061539976e-6
11.475 6.222398709463309e-6
11.625 1.67420369959691e-5
11.775 1.3200613439627964e-5
11.924999999999999 1.4842182645022065e-5
12.075 7.086408045074154e-6
12.225 1.7826144487446982e-5
12.375 1.2275178636769172e-5
12.525 1.6739206565110272e-5
12.674999999999999 1.594709176654382e-5
12.825 1.1370116896444603e-5
12.975 3.9753458669585914e-6
13.125 1.007594443686237e-5
13.275 2.0479033151634922e-5
13.424999999999999 1.4449605039208616e-5
13.575 1.0274550005832662e-5
13.725 1.430593872325329e-5
13.875 8.81184769564824e-6
14.025 4.303160050526146e-6
14.174999999999999 6.847913556046189e-6
14.325 9.903715979683092e-6
14.475 1.6764310523479615e-5
14.625 2.2203650102626683e-5
14.774999999999999 1.8739383965204546e-5
14.924999999999999 1.014160117529158e-5
