# P_value  count
-1.0 0.0
-0.9333333333333333 0.0
-0.8666666666666667 0.0
-0.8 20.0
-0.7333333333333333 86.0
-0.6666666666666666 383.0
-0.6 833.0
-0.5333333333333333 1419.0
-0.4666666666666667 3292.0
-0.4 5092.0
-0.3333333333333333 8565.0
-0.26666666666666666 12469.0
-0.2 16280.0
-0.13333333333333333 21383.0
-0.06666666666666667 23863.0
0.0 26047.0
0.06666666666666667 23567.0
0.13333333333333333 21952.0
0.2 16726.0
0.26666666666666666 13479.0
0.3333333333333333 8557.0
0.4 4519.0
0.4666666666666667 3001.0
0.5333333333333333 1631.0
0.6 603.0
0.6666666666666666 125.0
0.7333333333333333 5.0
0.8 0.0
0.8666666666666667 0.0
0.9333333333333333 0.0
1.0 0.0
