# r  Cs(r) [pure estimator]
0.125 1.0753543905868642e-5
0.375 9.529399514026872e-6
0.625 1.1413075041505074e-5
0.875 1.1518674583795539e-5
1.125 1.0981780015907886e-5
1.375 1.2225295382693712e-5
1.625 1.0311531265855852e-5
1.875 1.068896194037428e-5
2.125 9.39575008566843e-6
2.375 8.953544152319652e-6
2.625 9.554872417134655e-6
2.875 9.065743533420806e-6
3.125 8.426674360370883e-6
3.375 9.62574806190172e-6
3.625 1.0001149598993097e-5
3.875 8.29386371161712e-6
4.125 9.900861131887386e-6
4.375 1.1928344372569547e-5
4.625 7.77729772553603e-6
4.875 1.0178716849278667e-5
5.125 1.1494797764609534e-5
5.375 9.327942946149391e-6
5.625 8.387813190799294e-6
5.875 1.1569385080673266e-5
6.125 9.341512358683677e-6
6.375 1.1659896784213109e-5
6.625 1.0746403721200995e-5
6.875 9.776751940450053e-6
7.125 9.512977216820848e-6
7.375 8.789085202530903e-6
7.625 7.56138638241969e-6
7.875 8.698958359849121e-6
8.125 1.0699281830587946e-5
8.375 9.41325136275468e-6
8.625 7.650967213951429e-6
8.875 1.09813265395587e-5
9.125 9.527149522327063e-6
9.375 9.465202794231676e-6
9.625 8.481110733183504e-6
9.875 1.0152858817280348e-5
10.125 6.570715138449604e-6
10.375 7.950696172410587e-6
10.625 7.105513366128142e-6
10.875 7.093564829816329e-6
11.125 9.64231082275345e-6
11.375 8.45904988134334e-6
11.625 1.01605270532792e-5
11.875 9.57366880698222e-6
12.125 6.9107696477950316e-6
12.375 8.641207386438366e-6
12.625 7.623237114148068e-6
12.875 8.136170226258367e-6
13.125 9.250820376149594e-6
13.375 8.939776805099922e-6
13.625 1.0493285980679377e-5
13.875 1.1652904294002503e-5
14.125 7.716680019206127e-6
14.375 7.83057809757472e-6
14.625 9.535205188245892e-6
14.875 1.0402041415369982e-5
15.125 8.317773364664131e-6
15.375 9.207383775041699e-6
15.625 7.129666903351041e-6
15.875 9.42178203740912e-6
16.125 7.521379959141834e-6
16.375 7.611034155568282e-6
16.625 7.507430415261142e-6
16.875 9.514785547296791e-6
17.125 7.659333942973432e-6
17.375 5.821598760202605e-6
17.625 8.824301340201228e-6
17.875 8.410365802151462e-6
18.125 1.0698601554613413e-5
18.375 9.519990505332992e-6
18.625 8.994106323540215e-6
18.875 7.856529485139289e-6
19.125 9.096897383049269e-6
19.375 7.745417781338622e-6
19.625 9.782239649851688e-6
19.875 8.541462097191017e-6
20.125 8.89139158832368e-6
20.375 7.798209407611855e-6
20.625 8.467897169571645e-6
20.875 7.16548411476104e-6
21.125 8.216321042531913e-6
21.375 7.802102287805017e-6
21.625 6.827973990117352e-6
21.875 7.824278632038655e-6
22.125 9.396340288192098e-6
22.375 9.88473490641297e-6
22.625 9.61646888685361e-6
22.875 7.748057970844599e-6
23.125 9.496567100616263e-6
23.375 7.313744828005604e-6
23.625 7.5869001501015415e-6
23.875 6.4286139737739445e-6
24.125 9.312477523501755e-6
24.375 8.091831162725332e-6
24.625 9.656982702792308e-6
24.875 7.810240532297218e-6
