# k  S_s(k)
0.0 0.0
0.10471975511965977 1.0704731187262755
0.20943951023931953 1.005758187160259
0.3141592653589793 3.305546773694083
0.41887902047863906 3.444019073957289
0.5235987755982988 0.41336152013204736
0.6283185307179586 1.556917181011716
0.7330382858376183 0.18813633426554413
0.8377580409572781 0.3122793594670017
0.9424777960769379 0.6840981824966416
1.0471975511965976 0.6945642035917788
1.1519173063162573 0.5120005884460794
1.2566370614359172 0.737128610053313
1.361356816555577 0.9535329409144834
1.4660765716752366 0.9840899678136287
1.5707963267948966 0.8525134982897762
1.6755160819145563 1.5542742354088617
1.780235837034216 1.1221916568179873
1.8849555921538759 1.1447894362748505
1.9896753472735356 1.0462306545663185
2.0943951023931953 1.4312730717640019
2.199114857512855 0.8591618368203997
2.3038346126325147 1.3522084407927568
2.4085543677521746 1.2402814835954996
2.5132741228718345 1.347569371166739
2.617993877991494 1.1795466239951207
2.722713633111154 1.0381700314092988
2.827433388230814 1.003751958840441
2.9321531433504733 1.3933955160939135
3.036872898470133 0.8454580798986013
3.141592653589793 0.9435285783955141
3.2463124087094526 0.9191882333295999
3.3510321638291125 0.9742325636186605
3.4557519189487724 1.1010971980118476
3.560471674068432 0.8948081482567368
3.665191429188092 0.893321826372268
3.7699111843077517 1.009247127402592
3.874630939427411 1.2081765357552225
3.979350694547071 1.0058168273703039
4.084070449666731 0.9461775689965256
4.1887902047863905 0.8264101732818155
4.29350995990605 1.0648766797187088
4.39822971502571 1.079092433985762
4.50294947014537 0.8378181310674832
4.607669225265029 0.7735032900710523
4.71238898038469 1.0182703360070464
4.817108735504349 0.9331609436397131
4.921828490624009 0.8981972318326075
5.026548245743669 1.0593280419183047
5.1312680008633285 1.0187496637429099
5.235987755982988 1.042930596456909
5.340707511102648 0.9090561174649174
5.445427266222308 0.8236947249201939
5.550147021341967 1.1530601219766745
5.654866776461628 0.9335006240214266
5.759586531581287 0.9893541181392831
5.864306286700947 0.9127402533692872
5.969026041820607 0.8970163062599738
6.073745796940266 0.9150173071997838
6.178465552059926 0.929159926405338
6.283185307179586 1.0926372968547522
6.387905062299246 1.0483578493460601
6.492624817418905 0.9987490074365906
6.5973445725385655 0.9012962868269083
6.702064327658225 0.9521946746426799
6.8067840827778845 0.9684545745750608
6.911503837897545 0.9950185540402111
7.016223593017204 0.9205784823131188
7.120943348136864 0.8929618164167378
7.225663103256524 1.1305209330313648
7.330382858376184 1.0298210746959828
7.435102613495843 0.9641687401358959
7.5398223686155035 1.0302082536895012
7.644542123735163 0.9774543112184324
7.749261878854822 1.022248086635904
7.853981633974483 1.074401133339467
7.958701389094142 0.9278581770472752
8.063421144213802 0.8806769145187096
8.168140899333462 1.0824363574299234
8.27286065445312 1.1638559952043313
8.377580409572781 1.0546556055136578
8.482300164692441 1.0044361716161634
8.5870199198121 1.1695423901338566
8.69173967493176 1.0757147317139517
8.79645943005142 0.9523590744729946
8.90117918517108 1.082361120720394
9.00589894029074 0.9870764958341396
9.1106186954104 0.9956501117075696
9.215338450530059 0.973881437725932
9.320058205649719 0.976000771046308
9.42477796076938 1.0513988059876096
9.529497715889038 1.0453543193514425
9.634217471008698 1.08465531462773
9.738937226128359 1.0121011487642357
9.843656981248017 0.9938409329150332
9.948376736367678 1.0560412716525638
10.053096491487338 0.9633199351563899
10.157816246606997 0.889688117929
10.262536001726657 0.9955441473861164
10.367255756846317 0.974208146013665
