# r  Cs(r) [pure estimator]
0.125 6.144709117259288e-5
0.375 6.14186514855276e-5
0.625 6.262388462428798e-5
0.875 6.198126904699767e-5
1.125 6.13036900488918e-5
1.375 6.115594096650212e-5
1.625 5.760563473854888e-5
1.875 5.991401075722496e-5
2.125 6.080969252772079e-5
2.375 5.836296647792117e-5
2.625 5.969953923052313e-5
2.875 5.8582132245162625e-5
3.125 5.9202106011394175e-5
3.375 5.870372865346235e-5
3.625 5.7263108857361334e-5
3.875 5.736014353848607e-5
4.125 5.8081852385067655e-5
4.375 5.5204174731174864e-5
4.625 6.110481984715367e-5
4.875 5.929027975417119e-5
5.125 5.998363446508278e-5
5.375 5.9153111220877513e-5
5.625 5.8261430795150675e-5
5.875 5.824541091707699e-5
6.125 5.948392497322217e-5
6.375 5.691981410615072e-5
6.625 5.955085879276923e-5
6.875 5.419445810617608e-5
7.125 5.772708857817487e-5
7.375 5.7572832998923e-5
7.625 5.8081467880459326e-5
7.875 5.709679382605576e-5
8.125 5.721700018470576e-5
8.375 5.664124708749587e-5
8.625 5.7842469147795014e-5
8.875 5.6121041676388096e-5
9.125 5.7247685603519326e-5
9.375 5.769243561988616e-5
9.625 5.532516188821301e-5
9.875 5.40602537349623e-5
10.125 5.944380682699564e-5
10.375 5.7654288128891006e-5
10.625 5.8180231492036886e-5
10.875 5.774869105218495e-5
11.125 5.431548639026916e-5
11.375 5.5434938363575995e-5
11.625 5.5008983685678885e-5
11.875 5.9414879318536954e-5
12.125 5.7291932365304555e-5
12.375 5.4907725241772325e-5
12.625 5.411174257478069e-5
12.875 5.544515085321368e-5
13.125 5.546579856634814e-5
13.375 5.48840124750086e-5
13.625 5.8337228830115935e-5
13.875 5.319381051662976e-5
14.125 5.444851941120341e-5
14.375 5.5890172022752314e-5
14.625 5.399023994168942e-5
14.875 5.3565990278522656e-5
15.125 5.644315210544746e-5
15.375 5.367304263267668e-5
15.625 5.6672345642308356e-5
15.875 5.714178571463548e-5
16.125 5.607725133580426e-5
16.375 5.48783553768814e-5
16.625 5.5052751743475975e-5
16.875 5.423654206641767e-5
17.125 5.460968510018503e-5
17.375 5.480439992679916e-5
17.625 5.311378774059881e-5
17.875 5.36387399610408e-5
18.125 5.440051762390519e-5
18.375 5.354154889142817e-5
18.625 5.624130390971247e-5
18.875 5.442758127302715e-5
19.125 5.759506228943741e-5
19.375 5.4014647395512593e-5
19.625 5.395143193148928e-5
19.875 5.5958397767277444e-5
20.125 5.466171037391184e-5
20.375 5.326738105238635e-5
20.625 5.369523922652554e-5
20.875 5.579983746276059e-5
21.125 5.5933998612795565e-5
21.375 5.795455707788621e-5
21.625 5.3826801053844896e-5
21.875 5.519013857875396e-5
22.125 5.54995691616456e-5
22.375 5.444314374007688e-5
22.625 5.360528591707188e-5
22.875 5.648198208002577e-5
23.125 5.6966151140030344e-5
23.375 5.651319037666428e-5
23.625 5.3916456803656415e-5
23.875 5.3785824934720564e-5
24.125 5.3252309925327316e-5
24.375 5.252121986914946e-5
24.625 5.437089049848922e-5
24.875 5.561864628589884e-5
