block_size         error    difference      rel_diff
-------------------------------------------------------
       2  6.817809e-08  2.821975e-08  4.139124e-01
       4  9.639784e-08  3.988046e-08  4.137070e-01
       8  1.362783e-07  5.632295e-08  4.132936e-01
      16  1.926013e-07  7.945036e-08  4.125122e-01
      32  2.720516e-07  1.118580e-07  4.111645e-01
      64  3.839096e-07  1.569297e-07  4.087673e-01
     128  5.408393e-07  2.190760e-07  4.050667e-01
     256  7.599152e-07  3.038297e-07  3.998205e-01
     512  1.063745e-06  4.184118e-07  3.933384e-01
    1024  1.482157e-06  5.717307e-07  3.857424e-01
    2048  2.053887e-06  7.679779e-07  3.739143e-01
    4096  2.821865e-06  9.645059e-07  3.417973e-01
    8192  3.786371e-06  1.117606e-06  2.951655e-01
   16384  4.903977e-06  8.909773e-07  1.816846e-01
   32768  5.794955e-06  1.143703e-06  1.973618e-01
   65536  6.938658e-06  1.172286e-06  1.689499e-01
  131072  8.110943e-06           ---           ---
