# r  Cs(r) [pure estimator]
0.225 2.1088519013400124e-5
0.675 2.2755136578388347e-5
1.125 2.1142460240260384e-5
1.575 2.3318582264588862e-5
2.025 2.189945670526196e-5
2.475 2.001204269456084e-5
2.9250000000000003 2.1542372934221486e-5
3.375 1.7017108609985294e-5
3.825 1.6092123570792373e-5
4.275 1.9768719661225928e-5
4.7250000000000005 1.7246660504078207e-5
5.175 1.9412232408031317e-5
5.625 1.8303947501528135e-5
6.075 1.3523545742084e-5
6.525 1.755827048408501e-5
6.9750000000000005 1.3988802830760019e-5
7.425 1.2467544905145692e-5
7.875 1.5874645450757475e-5
8.325000000000001 1.4764416887447816e-5
8.775 1.5700681654447113e-5
9.225 1.29578445891023e-5
9.675 1.2373927762170813e-5
10.125 1.1641373385192223e-5
10.575000000000001 1.4895652042919336e-5
11.025 1.4416433406819972e-5
11.475 1.6005533398442575e-5
11.925 1.1552868500084139e-5
12.375 1.484956882802991e-5
12.825000000000001 1.204024414558613e-5
13.275 9.614615231748259e-6
13.725 1.2033121875971873e-5
14.175 1.0444157919091356e-5
14.625 1.2054143690453767e-5
15.075000000000001 1.2422350265727366e-5
15.525 1.1778369866436963e-5
15.975 9.873273584529524e-6
16.425 7.704503570986091e-6
16.875 1.2318949966941107e-5
17.325 1.308541883155668e-5
17.775000000000002 6.886673707167639e-6
18.225 1.0267426998483957e-5
18.675 1.2231351090316093e-5
19.125 1.1403655351504105e-5
19.575 8.169759297078003e-6
20.025000000000002 7.811949473280323e-6
20.475 8.938078023628894e-6
20.925 7.731981195953184e-6
21.375 8.419925679995682e-6
21.825 8.987258027396913e-6
22.275000000000002 7.305186249839262e-6
22.725 5.534690987095162e-6
23.175 6.524992359124337e-6
23.625 7.83285838961852e-6
24.075 9.371740183143117e-6
24.525000000000002 6.59318787465111e-6
24.975 4.765962303758471e-6
25.425 7.82634520483243e-6
25.875 6.581082026805855e-6
26.325 5.945047143942655e-6
26.775000000000002 6.28129765691539e-6
27.225 4.9865608053145735e-6
27.675 4.024510831145763e-6
28.125 7.140438998764705e-6
28.575 6.464308993574948e-6
29.025000000000002 6.971150257836205e-6
29.475 8.856166490178833e-6
29.925 7.399077061776818e-6
30.375 6.580687784287334e-6
30.825 8.61505105735417e-6
31.275000000000002 1.0304457793666597e-5
31.725 5.048200382730881e-6
32.175000000000004 5.746224663697149e-6
32.625 7.746571187030737e-6
33.075 5.692423061592281e-6
33.525 7.433130224703115e-6
33.975 5.8272115169688834e-6
34.425000000000004 5.23924986595839e-6
34.875 5.051855605746844e-6
35.325 6.250780636944873e-6
35.775 4.199380975279544e-6
36.225 3.2236757954504603e-6
36.675000000000004 5.249690579689235e-6
37.125 5.648132436900643e-6
37.575 5.7099100839907325e-6
38.025 3.300723874486778e-6
38.475 4.389869764811253e-6
38.925000000000004 3.668564902819448e-6
39.375 1.9798401889962994e-6
39.825 2.7426878976856834e-6
40.275 6.750054857440459e-6
40.725 4.734559272274615e-6
41.175000000000004 4.985561394468056e-6
41.625 7.506161812402102e-6
42.075 6.085599378606394e-6
42.525 6.80521725769784e-6
42.975 3.908222493913218e-6
43.425000000000004 4.256962495432811e-6
43.875 5.5622161775791905e-6
44.325 5.555113854924663e-6
44.775 3.05608752313329e-6
