# block  <P^4>
1 0.0
2 0.0010348927297668018
3 0.0007361599756134708
4 0.0013168043895747635
5 0.0008342079561042513
6 0.0006467621084905032
7 0.0004755777472946173
8 0.0011868710257582635
9 0.0011728139003200873
10 0.0017009419295839104
11 0.0020239475689681438
12 0.0015314563023929222
13 0.0018203742112482856
14 0.0009269686937966738
15 0.001214777991159886
16 0.0010640592592592554
17 0.0009543347660417558
18 0.0011488151196463914
19 0.0008158082429687331
20 0.0009669723517756423
21 0.0006375215973174792
22 0.0012260484999873273
23 0.0016030819692120124
24 0.0010356070111263572
25 0.0008470208809632674
26 0.0012556161099370956
27 0.0010587461667428742
28 0.0008063600060966265
29 0.0015413652796829672
30 0.0012329325407712283
31 0.0006499709190672171
32 0.0016405169943606154
33 0.002226183569577834
34 0.0020628706599603694
35 0.0011505204694406334
36 0.0009485532870343628
37 0.0006887830513641158
38 0.001302406828227413
39 0.0015897974487213925
40 0.0015702040542600237
41 0.0011686372548436255
42 0.0016702346608153706
43 0.0009159489192410935
44 0.0020610292333485794
45 0.0008592498610483652
46 0.0016248637707666554
47 0.0008225450998323418
48 0.0005208052431031827
49 0.0008782037333782497
50 0.0005631134278311219
51 0.0005600663313519295
52 0.00168409108367626
53 0.0012292943148910177
54 0.001175536168267027
55 0.001480222405121167
56 0.0011190135650053254
57 0.0003020615150129543
58 0.0014064392623075815
59 0.0008741266186167872
60 0.0009247317177259517
61 0.0010908073788732158
62 0.0012943812779203708
63 0.0016642343545191277
64 0.0013767847584209743
65 0.0029758261240664494
66 0.0009817847279378132
67 0.0011042755677488163
68 0.0008938029076920999
69 0.001136328891000433
70 0.0009898154549611328
71 0.0011621611339734815
72 0.0009723210184115471
73 0.0009628393232738945
74 0.00101287291571406
75 0.0011207791495198966
76 0.0013325525495011825
77 0.0011072875476299362
78 0.0012932416399939054
79 0.0010826554801418064
80 0.0015590889193720363
81 0.001213962261850329
82 0.0006081270538027707
83 0.0006764464311789398
84 0.0018080921810699677
85 0.0015311775643956766
86 0.0012764435217110107
87 0.0017578081117175669
88 0.0022518238073464462
89 0.0013972213991769596
90 0.0016232664532845676
91 0.0009592993750952547
92 0.0007104192256455626
93 0.0010918939057942229
94 0.0019474088934232183
95 0.0012218595945739988
96 0.0017447145252248082
97 0.0017409721508487045
98 0.000855746867855508
99 0.0008098021643042172
100 0.001721900442005792
101 0.0009823429892321805
102 0.0015137048620637126
103 0.0026524661484530064
104 0.0013491760402377703
105 0.0012725901539399499
106 0.001945866920550458
107 0.0009468468830970844
108 0.0011654148016287925
109 0.0019147647005029712
110 0.0012810864197530948
111 0.0012847873190062545
112 0.0019045277244322547
113 0.0007960795187132644
114 0.0015341095564700457
115 0.0010256556012802856
116 0.0006280139005634557
117 0.001010634964182289
118 0.0008215184270690397
119 0.0010280271909769872
120 0.00048317024843773403
121 0.0014175778082609347
122 0.0025160918152720693
123 0.001405926901386993
124 0.0016383575674439926
125 0.00046045395518975606
126 0.001815061606462434
127 0.0015632317024843782
128 0.0015167136716963936
129 0.0012215835390946479
130 0.0005767164761469293
131 0.001023778814205146
132 0.0021811516537113373
133 0.001134691906721539
134 0.0011810836153025436
135 0.0012251174522779453
136 0.0013742351470812384
137 0.0009884122542295375
138 0.0014965928281581446
139 0.0014236344459686093
140 0.0018991570797134486
141 0.002578660326169788
142 0.001924469806431955
143 0.0007130483767718312
144 0.001145902149062639
145 0.001098327693949091
146 0.0010811831058744601
147 0.0013941095027514663
148 0.0007603833561957017
149 0.0012217025453436956
150 0.000616471147690898
151 0.0013986448407255034
152 0.002139570394343159
153 0.0008501708885840558
154 0.00043094500378451075
155 0.0012017096810268497
156 0.0019236323731138558
157 0.002455370827617763
158 0.0008136837677183364
159 0.0014567294010059619
160 0.0011308819996951659
161 0.0006904613321140025
162 0.0008053128486511155
163 0.0008575908937439139
164 0.0018433850937357116
165 0.0007908706755833748
166 0.0011480937661941788
167 0.001825277420339156
168 0.001020552964487121
169 0.001466793232738915
170 0.0012414453894223413
171 0.0010913148427551724
172 0.000744860112787687
173 0.0009237333333333279
174 0.0007849878981862474
175 0.0009229142021277692
176 0.001297607559823196
177 0.0008864392623075727
178 0.0014849743636640735
179 0.0015496820606614892
180 0.004289908001829015
181 0.0010385675900079123
182 0.0015771147081237603
183 0.0012905764365188207
184 0.0012421579637250408
185 0.001591046974546556
186 0.0007842350861149184
187 0.001138217466849566
188 0.0018017031550068645
189 0.0018889822892851618
190 0.001369260051821367
191 0.0019831678761719857
192 0.0008832259038020332
193 0.0012288524310318603
194 0.001635831367169635
195 0.0011006739216582776
196 0.0018120653804238672
197 0.0014186452065233944
198 0.0018654778235025187
199 0.0012288351165980786
200 0.0015104953574089411
201 0.0018605302850175304
202 0.0013394997104100006
203 0.0008213523689823034
204 0.00044975729309556297
205 0.0006760504140781542
206 0.0010743691510440433
207 0.002870447065996035
208 0.002045563298277693
