# block  <|P|>
1 0.0
2 0.1201555555555575
3 0.1185333333333346
4 0.11451111111111223
5 0.10431111111111227
6 0.09521589521589591
7 0.09231111111111186
8 0.11348888888889014
9 0.10466666666666759
10 0.12042222222222308
11 0.12351111111111228
12 0.12551111111111193
13 0.117600000000001
14 0.10766666666666752
15 0.1366888888888902
16 0.11293333333333531
17 0.08957777777777885
18 0.1012888888888908
19 0.11413031413031485
20 0.11446666666666712
21 0.10077777777777905
22 0.11551992874638305
23 0.13284444444444507
24 0.1054222222222242
25 0.11100000000000025
26 0.1167389611834058
27 0.11402222222222345
28 0.10800000000000076
29 0.12984444444444476
30 0.11595555555555608
31 0.09073333333333429
32 0.11166666666666729
33 0.14146666666666735
34 0.11566666666666783
35 0.11660000000000122
36 0.11921621019817454
37 0.09753333333333435
38 0.13586666666666714
39 0.1239461683906139
40 0.1121333333333342
41 0.11106662217773426
42 0.1332221109998905
43 0.11270951270951356
44 0.14546666666666705
45 0.11914136358580865
46 0.11251111111111214
47 0.12086666666666773
48 0.09500000000000038
49 0.11280169057947001
50 0.09277777777777824
51 0.09680000000000073
52 0.1333333333333333
53 0.11108888888888928
54 0.11028888888889042
55 0.11135555555555679
56 0.10375555555555602
57 0.0827333333333343
58 0.1197777777777789
59 0.10532754977199482
60 0.09662222222222326
61 0.10893550893550996
62 0.11153291153291262
63 0.12068888888889027
64 0.12511111111111173
65 0.11695555555555681
66 0.11033333333333473
67 0.1252000000000005
68 0.11742550127395696
69 0.10768546324102
70 0.10542222222222314
71 0.1369111111111117
72 0.11581751581751765
73 0.10713333333333433
74 0.1142222222222227
75 0.12260000000000129
76 0.1114892670448237
77 0.10682222222222375
78 0.11424444444444543
79 0.11558672901358426
80 0.11140000000000111
81 0.10902222222222335
82 0.10215555555555686
83 0.11617271617271734
84 0.1254222222222239
85 0.11904444444444597
86 0.12301190078967915
87 0.12804972804972853
88 0.12304444444444589
89 0.1224666666666682
90 0.12073333333333472
91 0.10348888888889056
92 0.11028971028971134
93 0.10757424090757421
94 0.12109887665443357
95 0.12071111111111203
96 0.11782222222222336
97 0.12625152625152694
98 0.09211111111111193
99 0.10802222222222368
100 0.13182222222222315
101 0.09787565343121017
102 0.13337777777777865
103 0.13971111111111237
104 0.10615555555555636
105 0.10171111111111218
106 0.1280338454687165
107 0.11728888888888989
108 0.12751692751692878
109 0.12564444444444547
110 0.12068888888888969
111 0.12246666666666746
112 0.12648888888889098
113 0.09714729714729801
114 0.11813333333333458
115 0.11917777777777865
116 0.09842537147926446
117 0.1059333333333345
118 0.09531111111111286
119 0.10760000000000061
120 0.09422222222222322
121 0.11824444444444537
122 0.14175555555555652
123 0.12704444444444554
124 0.13342222222222333
125 0.10353333333333416
126 0.12566666666666815
127 0.12148888888889019
128 0.13284444444444546
129 0.1278222222222227
130 0.09737777777777898
131 0.10726666666666825
132 0.13362222222222334
133 0.11764444444444576
134 0.13224444444444455
135 0.0998778998779001
136 0.11548888888889035
137 0.10271111111111153
138 0.12089867645423333
139 0.11864444444444566
140 0.13966666666666663
141 0.12588888888888994
142 0.11086666666666821
143 0.09906666666666702
144 0.11895555555555655
145 0.11582222222222333
146 0.10802530802530913
147 0.11373071373071388
148 0.08740000000000069
149 0.11386666666666813
150 0.09864444444444545
151 0.13302222222222307
152 0.11769793745841726
153 0.11173333333333428
154 0.09446109446109614
155 0.10483817150483865
156 0.10348888888889063
157 0.14215555555555576
158 0.11417777777777854
159 0.12188888888889013
160 0.10673333333333501
161 0.09646666666666752
162 0.10906666666666787
163 0.09921032143254527
164 0.1224666666666678
165 0.09976643309976697
166 0.12204444444444508
167 0.13029193029193079
168 0.1225111111111124
169 0.11455555555555669
170 0.11728888888888928
171 0.11486291486291571
172 0.10982222222222292
173 0.09382222222222283
174 0.09148888888889008
175 0.11079937653084047
176 0.1192444444444453
177 0.1063333333333344
178 0.1299333333333342
179 0.12860000000000094
180 0.1557333333333337
181 0.12301032301032323
182 0.123644444444445
183 0.11297777777777898
184 0.11520000000000101
185 0.11926666666666767
186 0.09746666666666857
187 0.12651111111111127
188 0.10926666666666739
189 0.13253333333333422
190 0.11840000000000114
191 0.10860250860250945
192 0.10491730491730572
193 0.11313333333333475
194 0.1268222222222231
195 0.12064444444444539
196 0.1371593816038267
197 0.12484444444444566
198 0.12811111111111215
199 0.1260444444444449
200 0.12478632478632601
201 0.12953333333333492
202 0.10982222222222385
203 0.11162273384495693
204 0.09413333333333442
205 0.10510510510510596
206 0.11388888888889091
207 0.12295555555555629
208 0.12880000000000172
