# block  <P^4>
1 0.0
2 0.14748938222831878
3 0.2276413456485304
4 0.2972863058680093
5 0.2875791487281189
6 0.2711661963725046
7 0.2670045788992301
8 0.24347431476909084
9 0.3096514787379984
10 0.31708614092811754
11 0.32052143270842554
12 0.278601771925013
13 0.2766390428227356
14 0.26989301484529954
15 0.27122909551831953
16 0.28497620484682357
17 0.276647346197227
18 0.29318998201493496
19 0.2718021284560283
20 0.24403078164913833
21 0.27734589166285745
22 0.2622896209724117
23 0.2705663848116515
24 0.3002093505258343
25 0.29411536676136546
26 0.25273576637707657
27 0.26948042286236895
28 0.29276550574607446
29 0.23346739479085152
30 0.2758057657064473
31 0.2806660926078354
32 0.304766033226642
33 0.3009878577046192
34 0.291797855409438
35 0.2750498085048032
36 0.2613071390762034
37 0.2728748366407566
38 0.2841289274195989
39 0.28048067550678074
40 0.2625849327018056
41 0.2630241360768197
42 0.24570391732967603
43 0.2614374728242645
44 0.2950012281054725
45 0.25753670623380576
46 0.3239022401764694
47 0.3066572544429211
48 0.3172030743744821
49 0.27943165176040174
50 0.2814730978814229
51 0.25350216320682817
52 0.28243253603582885
53 0.28182383953665807
54 0.2929735915866496
55 0.344146922237465
56 0.2942659775034293
57 0.2796130472793769
58 0.26845046352690427
59 0.25759175613473434
60 0.30164880564148816
61 0.29306598816466334
62 0.2862050582533142
63 0.2588351290352076
64 0.2482346859320233
65 0.26994500594421494
66 0.27158724487121016
67 0.2791959842787466
68 0.2700527231824409
69 0.2800538579962011
70 0.2363062274107543
71 0.2718949123426504
72 0.22271962054564715
73 0.2807342975765895
74 0.28759756354214444
75 0.2912154498399633
76 0.31477483334857526
77 0.26374903654930615
78 0.2820830873439934
79 0.25616169803383654
80 0.2912050454966489
81 0.24118291553116888
82 0.24313115707971353
83 0.2647170416704793
84 0.29056244011583665
85 0.27257741051669027
86 0.28104092815119636
87 0.2591264182898949
88 0.24805852011119722
89 0.26227095284255464
90 0.2681447296448707
91 0.2868858586191126
92 0.28911109945488805
93 0.24076172998018686
94 0.2531856248742591
95 0.2641431428196861
96 0.24219652638317257
97 0.2594505166895285
98 0.2911223350099082
99 0.2666444664008455
100 0.30687492784636644
101 0.27003560268416216
102 0.26185570564171196
103 0.24379090504496131
104 0.298347332906567
105 0.3015762089925332
106 0.24829172095430288
107 0.2795090465477851
108 0.2614954276482234
109 0.2590946841030324
110 0.2597522867855519
111 0.3117594299618978
112 0.28901719570507794
113 0.3135616963267818
114 0.2840496351165986
115 0.27247236189605256
116 0.2659906377686339
117 0.23514524895924133
118 0.2553335486339622
119 0.2724091673830223
120 0.28071105843621585
121 0.2820013139460455
122 0.25559827335337326
123 0.2922825993598542
124 0.2692462065479595
125 0.2935995054412428
126 0.3005226881268107
127 0.3141524772443214
128 0.2500390101508924
129 0.23676332607834266
130 0.31286857435090915
131 0.23834204062315603
132 0.2750699478737999
133 0.30025145450281804
134 0.3180132721231512
135 0.2967650304526733
136 0.25192316293248096
137 0.2455968196412625
138 0.2506744520652341
139 0.2622728271909779
140 0.24084452053040972
141 0.29690064788153586
142 0.2795902922115542
143 0.27933225784846083
144 0.26871396018899685
145 0.19785066759032502
146 0.29651602524005605
147 0.2271449027892087
148 0.25265184770614124
149 0.2908860400548689
150 0.30294903459838424
151 0.2652505501081032
152 0.27075895235482467
153 0.3022818155768957
154 0.27886671275720065
155 0.26406527395214224
156 0.28606940795610336
157 0.30826370909992445
158 0.2751211621925239
159 0.28130189641822995
160 0.3075060411424999
161 0.28615850103257406
162 0.2612916179850645
163 0.2550943180612719
164 0.26769909465020625
165 0.2577705138151409
166 0.2509993115683577
167 0.26017767559823246
168 0.25417186233805844
169 0.2740840913275404
170 0.27069593135278164
171 0.2547275854290527
172 0.29002342277092064
173 0.2692531328760849
174 0.2566654992655632
175 0.252539180978509
176 0.30995356732205526
177 0.2681766545343713
178 0.2953956559821522
179 0.24035612181069926
180 0.30419156849274287
181 0.2554198762383795
182 0.32013110903825515
183 0.2864607648834014
184 0.2996373269928368
185 0.3049552085352839
186 0.2851712818198432
187 0.2878690596858426
188 0.26737020966316066
189 0.2911679574198086
190 0.2680700463953668
191 0.271249338332571
192 0.2665179322664239
193 0.30857257306079167
194 0.2911223889041289
195 0.2919586402072844
196 0.29496004682213117
197 0.28149803871361234
198 0.2752594667886002
199 0.27995674659350844
200 0.2921636950464876
201 0.3112320941319928
202 0.2962777810699596
203 0.2956133955189752
204 0.2957982708902026
205 0.265992079854921
206 0.2659108028585743
207 0.2834786021643051
208 0.28575233287608504
