# k values and corresponding S(k) [pure estimator]
0.0 45.08263233727374
0.06981317007977318 0.8486534408336973
0.13962634015954636 0.8551493696863897
0.20943951023931956 0.9007120937570534
0.2792526803190927 0.909246987543551
0.3490658503988659 0.9362957562868335
0.4188790204786391 0.944077400480288
0.4886921905584123 0.956509197378667
0.5585053606381855 0.9634414437128996
0.6283185307179586 0.9506483752947825
0.6981317007977318 0.9720177181447073
0.767944870877505 0.9749717047833857
0.8377580409572782 0.9715937188375208
0.9075712110370514 0.9906366952675529
0.9773843811168246 0.9668850558529307
1.0471975511965976 0.9756028114404045
1.117010721276371 0.9715195270271306
1.1868238913561442 0.9849823468828585
1.2566370614359172 1.0021955429484104
1.3264502315156905 0.9691878644302754
1.3962634015954636 1.005304529768383
1.4660765716752369 1.0077533614264342
1.53588974175501 0.9695552740850018
1.6057029118347832 1.007369281371461
1.6755160819145565 0.981387139283627
1.7453292519943295 0.9983644389599248
1.8151424220741028 0.9861605420649217
1.8849555921538759 0.9826100967135785
1.9547687622336491 0.9798130771408758
2.0245819323134224 0.9935798135121762
2.0943951023931953 0.9545218057347161
2.1642082724729685 1.0001574898566103
2.234021442552742 0.98399489437862
2.303834612632515 0.9925690110311318
2.3736477827122884 0.9941475787256476
2.443460952792061 0.9724014989271696
2.5132741228718345 0.9901040074231547
2.5830872929516078 0.9805635787872847
2.652900463031381 0.9677548507300138
2.722713633111154 1.0041395565478992
2.792526803190927 1.008640094336164
2.8623399732707004 1.00122168126896
2.9321531433504737 1.0018438275031405
3.001966313430247 0.9725207727361794
3.07177948351002 0.9841965594086854
3.141592653589793 1.0058550878407955
3.2114058236695664 0.991260018251942
3.2812189937493397 0.9991833556740736
3.351032163829113 0.985070737296533
3.420845333908886 0.983318405332474
3.490658503988659 0.9721943889410217
3.5604716740684323 0.9774105137926965
3.6302848441482056 0.9779293753517432
3.7000980142279785 0.9790673316775307
3.7699111843077517 0.9976256248170426
3.839724354387525 0.9766637510913352
3.9095375244672983 0.9851398903818688
3.9793506945470716 0.9724217496358334
4.049163864626845 0.9766815296637111
4.118977034706618 1.011109860664626
4.1887902047863905 0.9896595293897501
4.258603374866164 1.0015896210198578
4.328416544945937 0.9813453716043962
4.39822971502571 0.9974160736019596
4.468042885105484 0.9800325151867219
4.537856055185257 0.9908230521350405
4.60766922526503 0.9722738011180726
4.6774823953448035 0.9764784783937951
4.747295565424577 0.9763359581399923
4.817108735504349 0.9912176857845882
4.886921905584122 0.9727703336742768
4.956735075663896 1.0062261911822008
5.026548245743669 0.9746361197877321
5.096361415823442 0.9870799876354972
5.1661745859032155 0.9846494885947569
