# P_value  count
-1.0 0.0
-0.9777777777777777 0.0
-0.9555555555555556 0.0
-0.9333333333333333 0.0
-0.9111111111111111 0.0
-0.8888888888888888 0.0
-0.8666666666666667 0.0
-0.8444444444444444 0.0
-0.8222222222222222 0.0
-0.8 0.0
-0.7777777777777778 0.0
-0.7555555555555555 0.0
-0.7333333333333333 0.0
-0.7111111111111111 0.0
-0.6888888888888889 0.0
-0.6666666666666666 0.0
-0.6444444444444445 0.0
-0.6222222222222222 0.0
-0.6 0.0
-0.5777777777777777 0.0
-0.5555555555555556 0.0
-0.5333333333333333 9.0
-0.5111111111111111 0.0
-0.4888888888888889 0.0
-0.4666666666666667 33.0
-0.4444444444444444 22.0
-0.4222222222222222 34.0
-0.4 90.0
-0.37777777777777777 295.0
-0.35555555555555557 386.0
-0.3333333333333333 563.0
-0.3111111111111111 1023.0
-0.28888888888888886 1205.0
-0.26666666666666666 2499.0
-0.24444444444444444 1917.0
-0.2222222222222222 3194.0
-0.2 4168.0
-0.17777777777777778 5581.0
-0.15555555555555556 6786.0
-0.13333333333333333 8894.0
-0.1111111111111111 9618.0
-0.08888888888888889 11286.0
-0.06666666666666667 12216.0
-0.044444444444444446 12282.0
-0.022222222222222223 15063.0
0.0 13571.0
0.022222222222222223 13847.0
0.044444444444444446 12570.0
0.06666666666666667 13044.0
0.08888888888888889 10341.0
0.1111111111111111 9599.0
0.13333333333333333 8277.0
0.15555555555555556 7258.0
0.17777777777777778 5434.0
0.2 4488.0
0.2222222222222222 3406.0
0.24444444444444444 2467.0
0.26666666666666666 2015.0
0.28888888888888886 1404.0
0.3111111111111111 884.0
0.3333333333333333 531.0
0.35555555555555557 420.0
0.37777777777777777 240.0
0.4 89.0
0.4222222222222222 103.0
0.4444444444444444 57.0
0.4666666666666667 8.0
0.4888888888888889 0.0
0.5111111111111111 0.0
0.5333333333333333 0.0
0.5555555555555556 0.0
0.5777777777777777 0.0
0.6 0.0
0.6222222222222222 0.0
0.6444444444444445 0.0
0.6666666666666666 0.0
0.6888888888888889 0.0
0.7111111111111111 0.0
0.7333333333333333 0.0
0.7555555555555555 0.0
0.7777777777777778 0.0
0.8 0.0
0.8222222222222222 0.0
0.8444444444444444 0.0
0.8666666666666667 0.0
0.8888888888888888 0.0
0.9111111111111111 0.0
0.9333333333333333 0.0
0.9555555555555556 0.0
0.9777777777777777 0.0
1.0 0.0
