# r  Cs(r) [pure estimator]
0.075 8.084079475937213e-5
0.22499999999999998 7.998443062215642e-5
0.375 8.537478725123206e-5
0.525 8.014741889724879e-5
0.6749999999999999 7.74084741580134e-5
0.825 8.195079959591253e-5
0.975 7.438572122586579e-5
1.125 8.2450839311472e-5
1.275 8.244001098493231e-5
1.425 7.307503204891445e-5
1.575 7.882924177069817e-5
1.7249999999999999 7.726268445898754e-5
1.875 7.821597050835549e-5
2.025 7.997533123446438e-5
2.175 8.433052808447184e-5
2.3249999999999997 8.247828368267307e-5
2.475 7.209322915375939e-5
2.625 7.824827621005843e-5
2.775 8.015853723513362e-5
2.925 8.024344997204259e-5
3.0749999999999997 8.302034414992414e-5
3.225 7.757160166826121e-5
3.375 8.123225825604045e-5
3.525 7.283059533052081e-5
3.675 7.829024264705315e-5
3.8249999999999997 7.63160009572908e-5
3.9749999999999996 7.465261061876474e-5
4.125 7.498845144716198e-5
4.2749999999999995 7.85577915359006e-5
4.425 7.164605863479506e-5
4.575 7.526936037261588e-5
4.725 8.28498945832748e-5
4.875 7.829102785694142e-5
5.0249999999999995 7.781311749900341e-5
5.175 7.309648553661484e-5
5.325 7.740882783553194e-5
5.475 7.658955780547102e-5
5.625 7.379347160423352e-5
5.7749999999999995 7.409069474670133e-5
5.925 7.355105059160584e-5
6.075 7.273533296624659e-5
6.225 7.989588609458618e-5
6.375 7.416976988785287e-5
6.5249999999999995 7.0316134154723e-5
6.675 7.29698124328784e-5
6.825 7.3039116602134e-5
6.975 7.804719662614238e-5
7.125 7.42159776914463e-5
7.2749999999999995 7.193689628481598e-5
7.425 7.224111493110245e-5
7.574999999999999 6.801876518600691e-5
7.725 6.898297595244646e-5
7.875 7.392009029075532e-5
8.025 7.422380105091143e-5
8.174999999999999 7.030254580003462e-5
8.325 7.29997334900198e-5
8.475 6.876349151801228e-5
8.625 7.774228876042535e-5
8.775 7.502805387505226e-5
8.924999999999999 7.67392165479037e-5
9.075 7.286452564678841e-5
9.225 7.253868083231304e-5
9.375 6.958261694758624e-5
9.525 7.310734665784573e-5
9.674999999999999 7.349004415653488e-5
9.825 7.683289999813815e-5
9.975 7.871026280313433e-5
10.125 7.039044951945348e-5
10.275 7.545693953322363e-5
10.424999999999999 6.600075914520214e-5
10.575 7.173628385726166e-5
10.725 7.710838526381211e-5
10.875 6.835965460184127e-5
11.025 7.029491845903866e-5
11.174999999999999 6.794406919722202e-5
11.325 6.959385868230034e-5
11.475 7.217026701409858e-5
11.625 7.176951377257242e-5
11.775 7.548481301992589e-5
11.924999999999999 6.98654149994864e-5
12.075 7.203433213628887e-5
12.225 7.411211950213667e-5
12.375 7.122185251593538e-5
12.525 7.144024582555554e-5
12.674999999999999 6.768553317929072e-5
12.825 7.198636281465142e-5
12.975 7.892809317229059e-5
13.125 6.885572840597913e-5
13.275 8.185818549215178e-5
13.424999999999999 7.05141025690068e-5
13.575 6.731309106772486e-5
13.725 7.27387683190929e-5
13.875 7.116442089816949e-5
14.025 6.949194714170956e-5
14.174999999999999 7.062221641561656e-5
14.325 6.80869768712094e-5
14.475 6.673199480498448e-5
14.625 7.022340727704097e-5
14.774999999999999 6.801429161428409e-5
14.924999999999999 7.447417316439566e-5
