# P_value  count
-1.0 0.0
-0.96 0.0
-0.92 0.0
-0.88 0.0
-0.84 0.0
-0.8 0.0
-0.76 0.0
-0.72 44.0
-0.68 110.0
-0.64 424.0
-0.6 740.0
-0.56 1112.0
-0.52 1525.0
-0.48 2576.0
-0.44 3229.0
-0.4 3897.0
-0.36 4990.0
-0.32 5489.0
-0.28 6024.0
-0.24 6645.0
-0.2 6638.0
-0.16 7195.0
-0.12 7535.0
-0.08 7773.0
-0.04 8197.0
0.0 9361.0
0.04 8598.0
0.08 9054.0
0.12 9051.0
0.16 9755.0
0.2 9617.0
0.24 9487.0
0.28 9263.0
0.32 8776.0
0.36 8091.0
0.4 7028.0
0.44 6199.0
0.48 5229.0
0.52 4078.0
0.56 3147.0
0.6 1841.0
0.64 1371.0
0.68 714.0
0.72 407.0
0.76 321.0
0.8 4.0
0.84 25.0
0.88 0.0
0.92 0.0
0.96 0.0
1.0 0.0
