# k values and corresponding S(k) [pure estimator]
0.0 1.280232547064518
0.06981317007977318 1.1311127824546583
0.13962634015954636 1.045939898188771
0.20943951023931956 1.001470133332761
0.2792526803190927 1.0156242793269685
0.3490658503988659 1.0058710398560406
0.4188790204786391 1.0046798754342467
0.4886921905584123 0.9907416817257132
0.5585053606381855 0.986615057045963
0.6283185307179586 0.9800503781359964
0.6981317007977318 0.9853550524998803
0.767944870877505 1.003727255320758
0.8377580409572782 0.9768057120782978
0.9075712110370514 0.9988640862849116
0.9773843811168246 0.9833836149674997
1.0471975511965976 0.9854185591331366
1.117010721276371 0.9908604087009871
1.1868238913561442 0.9938040227122477
1.2566370614359172 0.9989892201524113
1.3264502315156905 0.9794627667491548
1.3962634015954636 0.9754878957447544
1.4660765716752369 0.9928168480655588
1.53588974175501 0.9704351968656889
1.6057029118347832 0.9910257668712121
1.6755160819145565 0.9779239532328637
1.7453292519943295 0.9911141121889183
1.8151424220741028 0.9898946159777089
1.8849555921538759 0.986155353800805
1.9547687622336491 0.9784813932754693
2.0245819323134224 0.9683930423186706
2.0943951023931953 0.9806612036131775
2.1642082724729685 0.9615620918736629
2.234021442552742 0.9896610551198859
2.303834612632515 0.9855853343431339
2.3736477827122884 0.982722785893116
2.443460952792061 0.9990827308959969
2.5132741228718345 0.9831651590887974
2.5830872929516078 0.9940937404775093
2.652900463031381 0.981872055241352
2.722713633111154 0.9725893667775798
2.792526803190927 1.0013734990660548
2.8623399732707004 0.9990061960684531
2.9321531433504737 0.9893025381919738
3.001966313430247 0.9834657174109823
3.07177948351002 0.9859367618475426
3.141592653589793 0.9843217128886295
3.2114058236695664 0.9893055580926766
3.2812189937493397 0.985496065666012
3.351032163829113 0.9796114047619162
3.420845333908886 0.9932113100750184
3.490658503988659 0.9915473817480532
3.5604716740684323 0.9929052430073428
3.6302848441482056 0.9805532314603569
3.7000980142279785 0.9675902050933247
3.7699111843077517 0.9928809825042569
3.839724354387525 0.9935269264522831
3.9095375244672983 0.9895456513609461
3.9793506945470716 0.9849643073742639
4.049163864626845 0.9697816224525595
4.118977034706618 0.9920291236274341
4.1887902047863905 0.9879075040725969
4.258603374866164 0.987726247091515
4.328416544945937 0.9916175852866016
4.39822971502571 0.9911341962754355
4.468042885105484 0.984647321722883
4.537856055185257 0.9841900274141341
4.60766922526503 1.0007942565351031
4.6774823953448035 0.9933692128183853
4.747295565424577 0.9901094990096889
4.817108735504349 0.9724770910838204
4.886921905584122 0.9775087310094606
4.956735075663896 0.9829668001537062
5.026548245743669 0.9784601166399901
5.096361415823442 0.9801808678127497
5.1661745859032155 0.9983880092931362
