0.2 0.8725432489451477
0.6000000000000001 0.9007331223628692
1.0 0.9104546413502109
1.4000000000000001 0.8921909282700422
1.8 0.855792194092827
2.2 0.8877172995780591
2.6 0.8942457805907174
3.0 0.8723027426160338
3.4000000000000004 0.8955411392405064
3.8000000000000003 0.985668776371308
4.2 1.006539029535865
4.6000000000000005 1.0257710970464136
5.0 1.0742974683544304
5.4 1.0664135021097045
5.800000000000001 1.1207995780590718
6.2 1.1329303797468355
6.6000000000000005 1.1115527426160337
7.0 1.072162447257384
7.4 1.0016339662447258
7.800000000000001 0.9974061181434599
8.200000000000001 0.9582457805907173
8.6 0.9686455696202532
9.0 0.9434050632911393
9.4 0.997509493670886
9.8 0.984081223628692
10.200000000000001 1.0174504219409282
10.600000000000001 1.0220907172995781
11.0 1.0031286919831224
11.4 1.0079525316455695
11.8 1.0479282700421941
12.200000000000001 1.0202605485232068
12.600000000000001 1.0191434599156117
13.0 1.0423744725738397
13.4 0.9870168776371308
13.8 1.02007805907173
14.200000000000001 1.0550337552742617
14.600000000000001 1.0331466244725738
15.0 0.9968143459915612
15.4 1.0100506329113923
15.8 1.0015559071729958
16.2 1.0449535864978903
16.6 1.0380981012658228
17.0 1.012285864978903
17.400000000000002 0.9804314345991562
17.8 0.9503143459915612
18.2 0.9061097046413502
18.6 0.9413607594936709
19.0 0.9754219409282701
19.400000000000002 0.9954535864978903
19.8 0.9577120253164557
20.200000000000003 1.013759493670886
20.6 1.0317879746835443
21.0 1.05623417721519
21.400000000000002 1.0799345991561182
21.8 1.0781666666666667
22.200000000000003 1.0625253164556963
22.6 1.0440643459915613
23.0 1.0155021097046413
23.400000000000002 0.9517352320675105
23.8 0.9264145569620253
24.200000000000003 0.9527869198312237
24.6 1.0004430379746836
25.0 0.9737900843881857
25.400000000000002 1.0142162447257383
25.8 0.9876118143459915
26.200000000000003 0.998882911392405
26.6 1.0124651898734178
27.0 0.9948987341772152
27.400000000000002 1.012237341772152
27.8 0.9838164556962026
28.200000000000003 1.0518364978902954
28.6 1.0786255274261602
29.0 1.057520042194093
29.400000000000002 1.0859746835443038
29.8 1.018785864978903
30.200000000000003 0.9931002109704641
30.6 0.9534662447257384
31.0 0.9122289029535865
31.400000000000002 0.9348270042194092
31.8 0.9184040084388185
32.2 0.9435316455696202
32.6 0.954081223628692
33.0 1.0230263713080168
33.4 1.0254272151898733
33.800000000000004 1.018509493670886
34.2 1.0533902953586498
34.6 1.06948417721519
35.0 1.0904799578059072
35.4 1.1013934599156119
35.800000000000004 1.0082869198312236
36.2 0.9925253164556962
36.6 0.9818101265822785
37.0 0.9513185654008439
37.4 0.9611845991561181
37.800000000000004 1.008084388185654
38.2 1.04025
38.6 1.0355052742616033
39.0 0.9923523206751055
39.400000000000006 1.0277774261603376
39.800000000000004 1.010789029535865
