# block  <P^4>
1 0.0
2 0.09259104567901182
3 0.3067956197530856
4 0.4230026901234559
5 0.34801217407407664
6 0.3503203771672897
7 0.3527845765432163
8 0.4319343973603204
9 0.3118964654321004
10 0.49796529863197075
11 0.42745367777777754
12 0.3228834056278517
13 0.2820288098765466
14 0.3212402382716016
15 0.3892985074074092
16 0.2531615629629663
17 0.385303989837323
18 0.4865061790123474
19 0.4114214543209877
20 0.39409904169903787
21 0.35833917777778057
22 0.2886138975308637
23 0.34116237842781005
24 0.28295207777777953
25 0.24560405679012537
26 0.28432740617283747
27 0.34203923730590746
28 0.3208411604938322
29 0.3796850246913612
30 0.352441730864199
31 0.31463556790123604
32 0.30724908518518607
33 0.3415488234567882
34 0.29910419012345857
35 0.259125737037039
36 0.2945883506172858
37 0.31906119823527684
38 0.3910157891491241
39 0.25298279012346103
40 0.31841655432098587
41 0.30798760617284054
42 0.341918779012346
43 0.2883577679012366
44 0.39147780370370144
45 0.321474127160496
46 0.28640963703703964
47 0.2428784765432103
48 0.32355747777777893
49 0.3856652629629596
50 0.36042514074074034
51 0.3175788518518521
52 0.4075610654321003
53 0.407167765432096
54 0.37910080246913075
55 0.3810007950617243
56 0.27323067407407503
57 0.35256623950617644
58 0.29713044938271466
59 0.20633046503293567
60 0.362670917283951
61 0.27556221309554907
62 0.3452558703703668
63 0.32787566137566404
64 0.2995943202461735
65 0.31090714444444395
66 0.3152119135802479
67 0.4248269839506147
68 0.43505566790123457
69 0.3147770098765462
70 0.3175171333333346
71 0.3922657876543169
72 0.2912954366621055
73 0.27890205925926204
74 0.34361019259259046
75 0.3811055901927286
76 0.2616638691358006
77 0.35273938395062043
78 0.3331601950617289
79 0.316613174074074
80 0.30801055679012557
81 0.3828390851851833
82 0.3274643481481495
83 0.4381485543209927
84 0.29669426216339806
85 0.3379551987654345
86 0.3231782160493828
87 0.4305876938271565
88 0.3300257790123478
89 0.3522673864197529
90 0.2883116418021256
91 0.37408901851851967
92 0.2993435641975348
93 0.4075385195051858
94 0.296780371604938
95 0.268762945679014
96 0.3388827074074127
97 0.36300073777481234
98 0.4734242345678993
99 0.4311707197530895
100 0.2784069913580254
101 0.2769194091887498
102 0.36894377901234526
103 0.3850577716049382
104 0.391844306172839
105 0.4670927740740754
106 0.31876974197531255
107 0.3427398111111121
108 0.34052012469135834
109 0.3634863124529774
110 0.43983328271604477
111 0.3270243506172818
112 0.3702675935194487
113 0.44897640370369907
114 0.3794243645243658
115 0.29971535432099
116 0.31466695061728867
117 0.3870092697426024
118 0.33183175925926117
119 0.380525456790122
120 0.3272602901234575
121 0.26088360000000305
122 0.26861919629630016
123 0.3965486229819524
124 0.3000425049382703
125 0.2737107250773911
126 0.3852054622523753
127 0.2886707111111136
128 0.36102916543210073
129 0.35966273950617483
130 0.33418416296296116
131 0.3959938370370369
132 0.30147125061728813
133 0.35015933340747935
134 0.3830460148148146
135 0.3475959317342039
136 0.5253418777777787
137 0.34081401895722824
138 0.3922344986962291
139 0.33460654938271994
140 0.3332344739801556
141 0.3905213074074129
142 0.40244447777778264
143 0.28669136172839477
144 0.31259789506173036
145 0.4244504246913562
146 0.406760088888888
147 0.2719747925925948
148 0.3452251493827131
149 0.35536601975308335
150 0.31469077407407375
151 0.342115011111113
152 0.2966787172839529
153 0.5001272765432108
154 0.34837836296296226
155 0.38835378271604704
156 0.3934803913580192
157 0.4957149814814791
158 0.4824043654321021
159 0.3425211127208785
160 0.3515663925925906
161 0.32995194320987786
162 0.4078585296296271
163 0.5025708654320982
164 0.3369302469135817
165 0.31722377160493687
166 0.5403954629629619
167 0.3326954061728403
168 0.28852021033379227
169 0.3718281471614795
170 0.45272444320987476
171 0.4087082481481474
172 0.32520219629629726
173 0.3491833432098762
174 0.3608919061728401
175 0.348636692592592
176 0.3521132691358054
177 0.3680379222222241
178 0.31723623906957277
179 0.279791649382717
180 0.3185283185185211
181 0.2879612362945727
182 0.4037604975308648
183 0.3384399543209888
184 0.22877810214477204
185 0.34806675185185154
186 0.3435010086419776
187 0.43043941339468705
188 0.27771586049382807
189 0.34505609698943074
190 0.40071846167154396
191 0.2912969271604968
192 0.3040791086419783
193 0.3020360629629592
194 0.2857751765432109
195 0.34625573703703555
196 0.3874960049382708
197 0.33221540804874405
198 0.28328823333333597
199 0.28197614938271665
200 0.37288656296296446
201 0.41028260987654486
202 0.3163449710783044
203 0.29489906019905987
204 0.347035646913582
205 0.31216326666666633
206 0.3800582790123471
207 0.35324296666667016
208 0.34547727037037207
