# block  <P^2>
1 0.0
2 0.12749777777777913
3 0.1440907574240916
4 0.171355555555556
5 0.08861333333333402
6 0.08015555555555558
7 0.43900444444444314
8 0.4433377777777783
9 0.24791555555555694
10 0.179502222222223
11 0.191071111111112
12 0.20293777777777877
13 0.1532688243799364
14 0.12834666666666797
15 0.12566789011233545
16 0.10220888888888911
17 0.0894044444444447
18 0.12468864468864575
19 0.14495555555555562
20 0.1276400000000002
21 0.15862666666666683
22 0.1904444444444449
23 0.17018222222222215
24 0.10536888888888882
25 0.16862222222222328
26 0.13238666666666754
27 0.10636444444444483
28 0.11336444444444473
29 0.12052000000000054
30 0.11283283283283357
31 0.14496444444444426
32 0.10939111111111163
33 0.14178222222222217
34 0.19399711399711358
35 0.2354756354756355
36 0.16451555555555541
37 0.12980888888888967
38 0.15935999999999972
39 0.07937777777777795
40 0.14740000000000045
41 0.10884888888888923
42 0.1199155555555564
43 0.1061333333333337
44 0.18952888888888922
45 0.15287732176621113
46 0.13264444444444543
47 0.18788444444444447
48 0.203000000000002
49 0.24597333333333476
50 0.24256
51 0.14528444444444394
52 0.15200888888888886
53 0.11626666666666717
54 0.16836444444444318
55 0.14940888888888845
56 0.18425333333333418
57 0.21522477522477623
58 0.17479555555555604
59 0.18496444444444324
60 0.20651792651792775
61 0.18587555555555504
62 0.14881777777777763
63 0.10352444444444527
64 0.12410222222222275
65 0.11147555555555584
66 0.1392311111111116
67 0.13339555555555663
68 0.12683555555555653
69 0.23254079254079368
70 0.16791555555555668
71 0.10940888888888925
72 0.11758666666666723
73 0.177217777777778
74 0.1364577777777782
75 0.2646533333333326
76 0.37016000000000093
77 0.14223999999999978
78 0.11833777777777872
79 0.15664000000000106
80 0.2641066666666665
81 0.17536444444444427
82 0.14497777777777743
83 0.131817777777778
84 0.13992888888888885
85 0.19009092925260498
86 0.19273777777777698
87 0.31154666666666714
88 0.18110222222222155
89 0.15413333333333376
90 0.13649333333333405
91 0.1297200000000007
92 0.2730533333333341
93 0.2080533333333345
94 0.16148888888888857
95 0.14220000000000016
96 0.24991111111111092
97 0.19915555555555645
98 0.18033333333333337
99 0.1706000000000004
100 0.1446711111111118
101 0.1782400000000007
102 0.18166222222222098
103 0.18945333333333214
104 0.14807999999999957
105 0.16956888888888902
106 0.17124888888888942
107 0.1312977777777784
108 0.15000000000000097
109 0.13116000000000033
110 0.12791555555555698
111 0.13517333333333395
112 0.14895326895326877
113 0.12748444444444532
114 0.22866222222222493
115 0.17510576708973463
116 0.13745333333333362
117 0.12612000000000076
118 0.10331555555555612
119 0.1649422222222233
120 0.32210222222222196
121 0.2822577777777785
122 0.23074222222222107
123 0.2881955555555555
124 0.163617777777779
125 0.12080444444444499
126 0.14524444444444426
127 0.13069333333333352
128 0.1005733333333337
129 0.10843732621510442
130 0.12272888888888983
131 0.13111111111111204
132 0.11166666666666719
133 0.10395111111111136
134 0.14860444444444493
135 0.15275999999999967
136 0.1356444444444445
137 0.23535999999999818
138 0.18415362415362466
139 0.1642979242979231
140 0.16982666666666815
141 0.1365733333333339
142 0.1540311111111118
143 0.147914307914308
144 0.20294222222222078
145 0.1134400000000002
146 0.11364444444444441
147 0.2359870982093178
148 0.15820623820623764
149 0.14930222222222136
150 0.13285333333333302
151 0.11085333333333403
152 0.1099733333333338
153 0.10184000000000014
154 0.10788888888888937
155 0.1429866666666669
156 0.18461333333333305
157 0.14253333333333337
158 0.1392266666666678
159 0.09645645645645706
160 0.09428888888888935
161 0.10700410700410769
162 0.13560444444444456
163 0.15424888888888932
164 0.16400444444444456
165 0.09527111111111179
166 0.18043999999999893
167 0.20514666666666848
168 0.25023999999999974
169 0.13396000000000066
170 0.14878666666666682
171 0.13336000000000112
172 0.3489822222222234
173 0.18442666666666918
174 0.1257746635524416
175 0.15229451673896172
176 0.22793777777777766
177 0.3408014208014203
178 0.1685114885114886
179 0.21409777777777814
180 0.18759555555555646
181 0.12549333333333376
182 0.3106266666666675
183 0.1556576756576743
184 0.1889467824537955
185 0.15011555555555534
186 0.2166711111111096
187 0.13123555555555602
188 0.11384888888888964
189 0.09034222222222214
190 0.107626666666667
191 0.20570096570096538
192 0.18609333333333292
193 0.18419555555555694
194 0.16578222222222097
195 0.11307111111111183
196 0.12352444444444488
197 0.10316888888888977
198 0.12762666666666705
199 0.09528000000000002
200 0.10369777777777896
201 0.14095111111111105
202 0.12110666666666728
203 0.12526666666666791
204 0.16706222222222092
205 0.10568444444444472
206 0.11089756423089807
207 0.11052000000000028
208 0.10265376487598735
