# r  Cs(r) [pure estimator]
0.15 2.3359655453607498e-5
0.44999999999999996 2.181322371097887e-5
0.75 1.9640378104299618e-5
1.05 1.9357561184652724e-5
1.3499999999999999 2.075628801858166e-5
1.65 2.2096167130254965e-5
1.95 2.388002814268153e-5
2.25 2.1825126311468655e-5
2.55 2.055760884823754e-5
2.85 2.191504192818658e-5
3.15 2.1488627257227924e-5
3.4499999999999997 2.000556516875074e-5
3.75 1.964936152964313e-5
4.05 2.005162232897093e-5
4.35 2.0355006322384864e-5
4.6499999999999995 2.0674539858440147e-5
4.95 2.1399034515805164e-5
5.25 1.986004019825366e-5
5.55 2.016825642327927e-5
5.85 2.476709631530554e-5
6.1499999999999995 2.0219786274052442e-5
6.45 1.901550688044016e-5
6.75 1.7323707686621327e-5
7.05 1.7409249562501373e-5
7.35 1.900837816331925e-5
7.6499999999999995 1.5765605896283638e-5
7.949999999999999 1.8046904397569882e-5
8.25 1.685913722958438e-5
8.549999999999999 1.2906579900042046e-5
8.85 1.8430455754714172e-5
9.15 1.731738959800835e-5
9.45 1.4517893330586645e-5
9.75 1.8347899135825936e-5
10.049999999999999 1.535817414607655e-5
10.35 1.119395298018601e-5
10.65 1.5216728011064342e-5
10.95 1.3904010815273005e-5
11.25 1.6704726809598533e-5
11.549999999999999 1.383899325655816e-5
11.85 1.6784663182247295e-5
12.15 1.5127833160726373e-5
12.45 1.8656839609216366e-5
12.75 1.5049228200773708e-5
13.049999999999999 1.5240151365030424e-5
13.35 1.357858816156672e-5
13.65 1.574081373788374e-5
13.95 1.3950261173687818e-5
14.25 1.4550445630676248e-5
14.549999999999999 1.5144024568789968e-5
14.85 1.5033880431106108e-5
15.149999999999999 1.4138234645425981e-5
15.45 1.534247881332179e-5
15.75 1.6106815186771586e-5
16.05 1.2508701936297662e-5
16.349999999999998 1.2034689546798189e-5
16.65 1.2717005288903957e-5
16.95 1.2688872640364743e-5
17.25 1.62075168132265e-5
17.55 1.0269998734384475e-5
17.849999999999998 1.212741852048785e-5
18.15 1.2607917006562894e-5
18.45 1.574364489797657e-5
18.75 1.4270356614104729e-5
19.05 1.131082217058143e-5
19.349999999999998 1.2815514375961704e-5
19.65 1.3263856092523526e-5
19.95 1.1777565141364596e-5
20.25 1.1134093848073363e-5
20.55 1.302055304939181e-5
20.849999999999998 1.1840536202713553e-5
21.15 8.346114706963655e-6
21.45 1.3119456947034108e-5
21.75 1.3593409268653668e-5
22.05 1.2422735360280544e-5
22.349999999999998 1.1078414687783534e-5
22.65 1.0792898017556373e-5
22.95 1.4855223097140431e-5
23.25 1.2651557124260892e-5
23.55 1.1448723665404952e-5
23.849999999999998 1.0318371209177067e-5
24.15 1.1882915094629056e-5
24.45 1.1270998031017874e-5
24.75 1.1863791021751462e-5
25.05 1.3230500231796066e-5
25.349999999999998 1.1067372047350951e-5
25.65 7.74201560742912e-6
25.95 1.304767023666596e-5
26.25 1.1202945584917914e-5
26.55 1.1403174970381429e-5
26.849999999999998 1.0449010334465796e-5
27.15 1.0991878026256416e-5
27.45 1.4250508794505622e-5
27.75 1.1683589457677966e-5
28.05 1.0420125010072029e-5
28.349999999999998 7.948365290813203e-6
28.65 9.844081983012788e-6
28.95 1.1734637675789281e-5
29.25 1.2114269691765446e-5
29.549999999999997 1.2568197320803184e-5
29.849999999999998 1.3266316008922077e-5
