# r  Cs(r) [pure estimator]
0.2 0.0006259481886722285
0.6000000000000001 0.0006241769159525192
1.0 0.0006224876878549988
1.4000000000000001 0.0006208141134486994
1.8 0.0006219132535343423
2.2 0.0006225065158272437
2.6 0.0006188906628771709
3.0 0.0006222736068928633
3.4000000000000004 0.0006187646628614774
3.8000000000000003 0.0006240021777144482
4.2 0.0006176722963756251
4.6000000000000005 0.0006175727753023244
5.0 0.000615972760125721
5.4 0.0006192389232556381
5.800000000000001 0.0006156014791916766
6.2 0.0006196396743955455
6.6000000000000005 0.0006195122826495974
7.0 0.0006155897876535721
7.4 0.000617462253250873
7.800000000000001 0.0006182670815593124
8.200000000000001 0.0006181357048076456
8.6 0.0006205732618247828
9.0 0.0006174636137453101
9.4 0.0006188423489110053
9.8 0.0006170432653396748
10.200000000000001 0.0006164177944853472
10.600000000000001 0.000614271134788193
11.0 0.0006183675007736273
11.4 0.0006188167993705334
11.8 0.0006135633519383514
12.200000000000001 0.0006100738712510046
12.600000000000001 0.0006139442832117792
13.0 0.0006148885685609941
13.4 0.0006174906316806017
13.8 0.0006147685828829406
14.200000000000001 0.0006138760464373352
14.600000000000001 0.000617442314380226
15.0 0.0006153073539388533
15.4 0.000614596661657058
15.8 0.0006123936744401322
16.2 0.0006163650162952753
16.6 0.0006130667352367162
17.0 0.0006145874834676373
17.400000000000002 0.0006137045753696215
17.8 0.0006149070776092139
18.2 0.0006156256492139099
18.6 0.0006161997225181409
19.0 0.0006132752275978848
19.400000000000002 0.0006143284173114877
19.8 0.0006149671315674067
20.200000000000003 0.0006137218576179536
20.6 0.0006149243436158575
21.0 0.0006136387014231411
21.400000000000002 0.000613173198393835
21.8 0.0006160411759385995
22.200000000000003 0.000615225380653733
22.6 0.0006162389969040407
23.0 0.00061632430410067
23.400000000000002 0.0006149179924710105
23.8 0.0006122971176247375
24.200000000000003 0.0006148210670266528
24.6 0.0006145714198549235
25.0 0.0006136863245749794
25.400000000000002 0.0006155705984912086
25.8 0.0006129052143062549
26.200000000000003 0.000614379431038357
26.6 0.0006155142026941225
27.0 0.0006162559259582977
27.400000000000002 0.0006149609538753431
27.8 0.0006138570250116725
28.200000000000003 0.0006127944077805987
28.6 0.0006142113422980469
29.0 0.0006121734026515226
29.400000000000002 0.000615041501991053
29.8 0.000614140484775909
30.200000000000003 0.0006158201775519854
30.6 0.0006170914350267214
31.0 0.0006158420634012837
31.400000000000002 0.0006155212171944935
31.8 0.0006144328549321765
32.2 0.0006155075693368103
32.6 0.0006140230647409239
33.0 0.0006145974489732872
33.4 0.0006139329257376485
33.800000000000004 0.0006119802944276481
34.2 0.0006147820033978745
34.6 0.0006160804295076707
35.0 0.0006131842315433305
35.4 0.0006148306361149254
35.800000000000004 0.000615195946158714
36.2 0.0006153291360180261
36.6 0.0006164850595221105
37.0 0.0006139911374732109
37.4 0.0006146408975517015
37.800000000000004 0.0006143533278867801
38.2 0.0006130778027727748
38.6 0.000609664413277152
39.0 0.0006138647541085549
39.400000000000006 0.0006104802002892354
39.800000000000004 0.0006120410693246993
