# k values and corresponding S(k) [pure estimator]
0.0 49.04823151837094
0.07853981633974483 0.7039233142105686
0.15707963267948966 0.8071455356728117
0.23561944901923448 0.9035727176994699
0.3141592653589793 0.9098524396741128
0.39269908169872414 0.9319428650456281
0.47123889803846897 0.9377665269463051
0.5497787143782138 0.9732653546372712
0.6283185307179586 0.9635785089721454
0.7068583470577035 0.9825664409690874
0.7853981633974483 0.984072793462883
0.8639379797371931 0.9893184065572149
0.9424777960769379 0.9567516909516405
1.0210176124166828 0.9813120864172569
1.0995574287564276 0.9648448054635606
1.1780972450961724 0.9847326461863779
1.2566370614359172 0.9709807319244017
1.335176877775662 0.9904871455373437
1.413716694115407 1.0048238329018266
1.4922565104551517 0.9715540084759159
1.5707963267948966 0.9777012198823567
1.6493361431346414 0.9906926247532607
1.7278759594743862 0.9969408570885753
1.806415775814131 0.9842741365267931
1.8849555921538759 1.0040638819213643
1.9634954084936207 0.9790518329328555
2.0420352248333655 0.9999276330896637
2.1205750411731104 0.9942351893395107
2.199114857512855 0.9882636429411447
2.2776546738526 1.0062227668865773
2.356194490192345 0.985689370564094
2.4347343065320897 0.9747801895986021
2.5132741228718345 0.9823616944130633
2.5918139392115793 0.9850549753764223
2.670353755551324 0.9886748759065686
2.748893571891069 0.9894808978171055
2.827433388230814 1.0088089229612083
2.9059732045705586 0.9926716561176769
2.9845130209103035 1.0015411010573296
3.0630528372500483 0.9904825897188434
3.141592653589793 0.9783229481283092
3.220132469929538 0.9904287318981208
3.2986722862692828 0.9935076600228089
3.3772121026090276 1.0127495475108896
3.4557519189487724 0.9962200843364125
3.5342917352885173 0.9657516672588612
3.612831551628262 0.9684530250817984
3.691371367968007 0.9914066412609647
3.7699111843077517 0.9879192614397718
3.8484510006474966 1.0094952259695236
3.9269908169872414 0.9799440477603593
4.005530633326986 0.9863098715270162
4.084070449666731 0.9697590673353956
4.162610266006476 0.9898413008337589
4.241150082346221 0.9887975272113693
4.319689898685965 0.9783025563755464
4.39822971502571 0.9797423732150446
4.476769531365456 0.9992935135050235
4.5553093477052 0.9933324140297719
4.633849164044944 0.9885133304289283
4.71238898038469 0.9809837403314328
4.790928796724435 0.9890190289639889
4.869468613064179 0.9980497187557101
4.948008429403924 1.0212319769819462
5.026548245743669 0.9887088998727441
5.105088062083414 1.0081789691818213
5.183627878423159 0.9990356604615935
5.262167694762903 0.9703802562289241
5.340707511102648 0.983061678518373
5.419247327442394 0.9787354804132044
5.497787143782138 1.0064272076601268
5.576326960121882 0.9712152299710634
5.654866776461628 0.9841270866973731
5.733406592801373 0.9979888664761793
5.811946409141117 0.9924550427180797
