# r  Cs(r) [pure estimator]
0.075 6.123122433375413e-5
0.22499999999999998 5.160630561286994e-5
0.375 6.482236427796815e-5
0.525 5.7539373360036355e-5
0.6749999999999999 5.544351533324096e-5
0.825 5.941382828446451e-5
0.975 6.101602135967859e-5
1.125 5.941382733685648e-5
1.275 5.718200219999046e-5
1.425 6.523054070184137e-5
1.575 5.4120881456501705e-5
1.7249999999999999 5.827621714641807e-5
1.875 5.643171741449034e-5
2.025 6.078615205953154e-5
2.175 5.358633939318045e-5
2.3249999999999997 5.71149113654982e-5
2.475 5.6221935671866554e-5
2.625 5.926268293760863e-5
2.775 5.432963944054925e-5
2.925 5.7952386740733605e-5
3.0749999999999997 5.2475860609361575e-5
3.225 5.266904786544461e-5
3.375 5.53111378951647e-5
3.525 5.6859175654830984e-5
3.675 5.26428133787607e-5
3.8249999999999997 5.999651845246744e-5
3.9749999999999996 5.166526894611117e-5
4.125 5.566835110791166e-5
4.2749999999999995 5.7024414279386907e-5
4.425 5.217833036613641e-5
4.575 5.248095995794998e-5
4.725 5.602929558561287e-5
4.875 5.4160324313048344e-5
5.0249999999999995 5.8219055788154816e-5
5.175 5.500520073599671e-5
5.325 5.6031346036711003e-5
5.475 4.805341496798039e-5
5.625 5.636033103150906e-5
5.7749999999999995 5.407314070348069e-5
5.925 5.504200990385558e-5
6.075 5.5385500247095666e-5
6.225 5.226311651477587e-5
6.375 5.912919119736765e-5
6.5249999999999995 5.285953439763926e-5
6.675 4.913206667074224e-5
6.825 5.583566270554914e-5
6.975 5.024790530733912e-5
7.125 5.556623720846765e-5
7.2749999999999995 5.26931821758923e-5
7.425 4.9154694964626906e-5
7.574999999999999 5.1291801362454504e-5
7.725 4.763714146045531e-5
7.875 4.98602068578563e-5
8.025 5.1676258340309e-5
8.174999999999999 5.6058090639921666e-5
8.325 5.429681852890825e-5
8.475 5.1064544787564186e-5
8.625 5.193596927763491e-5
8.775 5.058932001259393e-5
8.924999999999999 5.309560756224266e-5
9.075 4.808124045179221e-5
9.225 4.870671108829958e-5
9.375 4.714203287473957e-5
9.525 5.4070465244324574e-5
9.674999999999999 5.0931034720242636e-5
9.825 4.9310169182809025e-5
9.975 5.0583934791053056e-5
10.125 5.005257356227441e-5
10.275 5.4270021394592946e-5
10.424999999999999 5.058848470905823e-5
10.575 4.556769152282716e-5
10.725 5.4802180311244303e-5
10.875 4.984573312951775e-5
11.025 5.502487990022236e-5
11.174999999999999 4.7781855050572266e-5
11.325 4.78326574214592e-5
11.475 5.3667166270363295e-5
11.625 4.948961533986721e-5
11.775 5.37732219196946e-5
11.924999999999999 5.176472526429584e-5
12.075 4.723518436158458e-5
12.225 5.381035797808853e-5
12.375 4.862104229118849e-5
12.525 5.045545108865325e-5
12.674999999999999 5.259179446875018e-5
12.825 4.749292155976176e-5
12.975 5.037357022420657e-5
13.125 4.599571913517958e-5
13.275 5.501922924178787e-5
13.424999999999999 4.992703814652316e-5
13.575 4.680886875069508e-5
13.725 4.346043850158001e-5
13.875 4.620489946938072e-5
14.025 5.296930435932247e-5
14.174999999999999 5.0871464761967804e-5
14.325 4.615452275123762e-5
14.475 5.108332681113835e-5
14.625 5.3500233670885395e-5
14.774999999999999 4.492301855470994e-5
14.924999999999999 5.8698787927237784e-5
