block_size         error    difference      rel_diff
-------------------------------------------------------
       2  5.564686e-08  2.302753e-08  4.138154e-01
       4  7.867439e-08  3.253502e-08  4.135402e-01
       8  1.112094e-07  4.592735e-08  4.129808e-01
      16  1.571368e-07  6.473054e-08  4.119376e-01
      32  2.218673e-07  9.097815e-08  4.100566e-01
      64  3.128454e-07  1.272881e-07  4.068721e-01
     128  4.401335e-07  1.769340e-07  4.020006e-01
     256  6.170675e-07  2.437985e-07  3.950921e-01
     512  8.608660e-07  3.333409e-07  3.872158e-01
    1024  1.194207e-06  4.531635e-07  3.794682e-01
    2048  1.647370e-06  6.040934e-07  3.667016e-01
    4096  2.251464e-06  7.704238e-07  3.421880e-01
    8192  3.021888e-06  8.318105e-07  2.752619e-01
   16384  3.853698e-06  6.697325e-07  1.737896e-01
   32768  4.523431e-06  7.193045e-07  1.590175e-01
   65536  5.242735e-06  2.474596e-07  4.720047e-02
  131072  5.490195e-06           ---           ---
