# P_value  count
-1.0 0.0
-0.9333333333333333 0.0
-0.8666666666666667 0.0
-0.8 0.0
-0.7333333333333333 121.0
-0.6666666666666666 136.0
-0.6 368.0
-0.5333333333333333 1221.0
-0.4666666666666667 2216.0
-0.4 4411.0
-0.3333333333333333 8135.0
-0.26666666666666666 11986.0
-0.2 17423.0
-0.13333333333333333 21534.0
-0.06666666666666667 24691.0
0.0 25515.0
0.06666666666666667 24614.0
0.13333333333333333 21149.0
0.2 16339.0
0.26666666666666666 12252.0
0.3333333333333333 7358.0
0.4 4308.0
0.4666666666666667 2233.0
0.5333333333333333 1147.0
0.6 342.0
0.6666666666666666 207.0
0.7333333333333333 31.0
0.8 0.0
0.8666666666666667 0.0
0.9333333333333333 0.0
1.0 0.0
