0.2 -0.04361931007808156
0.6000000000000001 -0.06428376656130007
1.0 -0.08796023942254717
1.4000000000000001 -0.060462059374101436
1.8 -0.015535688472818058
2.2 -0.025788684220583176
2.6 0.0321627473784737
3.0 -0.046118001281697386
3.4000000000000004 -0.059778676063309485
3.8000000000000003 -0.03715897142991607
4.2 0.0028127217058822296
4.6000000000000005 0.009540858500947448
5.0 -0.04104809852094613
5.4 -0.04231044231700562
5.800000000000001 -0.0635513931295033
6.2 -0.06345883241239661
6.6000000000000005 -0.03563004839632063
7.0 -0.030107335627355878
7.4 0.03518718002238336
7.800000000000001 0.01664737317835112
8.200000000000001 0.05068505239933811
8.6 0.0688286889971873
9.0 0.10235987149038182
9.4 0.07155009842550986
9.8 0.04459708407403703
10.200000000000001 -0.012247059237211535
10.600000000000001 -0.043297664595322985
11.0 -0.047563884085355446
11.4 -0.00912292202443985
11.8 -0.04941977254076696
12.200000000000001 -0.05438468614954595
12.600000000000001 -0.026300317893060983
13.0 -0.023601657071061304
13.4 -0.048563844773640584
13.8 -0.014529599556120527
14.200000000000001 0.017558726450211302
14.600000000000001 0.0566763625727193
15.0 0.06308490252905889
15.4 -0.009476186779082723
15.8 -0.04574887534450084
16.2 0.0014489403796162702
16.6 0.06926621549692039
17.0 0.11362818867377653
17.400000000000002 0.026676347786730788
17.8 -0.0061952108606906035
18.2 -0.08009041085115293
18.6 -0.08244341085271317
19.0 -0.12257408739542988
19.400000000000002 -0.15080446138701403
19.8 -0.1457799214217741
20.200000000000003 -0.09150161427926194
20.6 0.03520244886600807
21.0 0.05765408343810812
21.400000000000002 0.03701503988534363
21.8 0.02989228575183377
22.200000000000003 0.054770826466608045
22.6 0.1030218820353017
23.0 0.10314677882127744
23.400000000000002 0.1277610041155706
23.8 0.14430301996246375
24.200000000000003 0.06428176253477184
24.6 0.03544031489327464
25.0 -0.006909947397686712
25.400000000000002 -0.01046429210817534
25.8 -0.040764503478430726
26.200000000000003 0.048989638041761416
26.6 0.00028280954648577945
27.0 -0.04626423480288155
27.400000000000002 -0.08174478746941347
27.8 -0.06729453156844657
28.200000000000003 -0.0860621356000332
28.6 -0.12225446638090172
29.0 -0.1317792276774035
29.400000000000002 -0.13795769258481053
29.8 -0.0850750171405982
30.200000000000003 -0.022628380829001767
30.6 -0.005715780698487025
31.0 0.05936124682036581
31.400000000000002 0.11740299654245102
31.8 0.10877365775613726
32.2 0.10151247893112929
32.6 0.037869174388051444
33.0 -0.02306130236726936
33.4 -0.07182076809299676
33.800000000000004 -0.05242151294253341
34.2 -0.05266403184068519
34.6 -0.02115810726247309
35.0 0.03916182831954473
35.4 -0.010645078124925125
35.800000000000004 -0.026016031207138423
36.2 -0.04807709612772566
36.6 -0.11054116714766843
37.0 -0.10905008233395985
37.4 -0.08773235353394415
37.800000000000004 -0.0710578884286225
38.2 -0.07130152315632629
38.6 -0.0029011517929525975
39.0 0.05028583179543496
39.400000000000006 0.01566570841637659
39.800000000000004 0.0019216853023015193
