# k values and corresponding S(k) [pure estimator]
0.0 8.14921483048727
0.12566370614359174 0.9630674614705199
0.25132741228718347 0.955639749007188
0.3769911184307752 0.9661159714041955
0.5026548245743669 0.9640092548666146
0.6283185307179586 0.9724538093098817
0.7539822368615504 0.9698140874186074
0.8796459430051422 0.9780094552787694
1.0053096491487339 0.9626518297977616
1.1309733552923256 0.9712698418415688
1.2566370614359172 0.963554487875946
1.3823007675795091 0.9738470617726614
1.5079644737231008 0.9642617007853574
1.6336281798666925 0.971586203519903
1.7592918860102844 0.9657710186276434
1.884955592153876 0.9634909073685605
2.0106192982974678 0.9754417261260171
2.1362830044410597 0.9715924819288605
2.261946710584651 0.964796662392776
2.387610416728243 0.972885369833486
2.5132741228718345 0.9680434599507698
2.6389378290154264 0.9698270828231185
2.7646015351590183 0.9673013457819931
2.8902652413026098 0.9705304359753835
3.0159289474462017 0.9742665508050478
3.1415926535897936 0.969101464851349
3.267256359733385 0.9669608664608161
3.392920065876977 0.9682525712337856
3.518583772020569 0.9694949740078626
3.6442474781641603 0.9637846418813434
3.769911184307752 0.9682680084627655
3.8955748904513436 0.960024823122842
4.0212385965949355 0.9692642380444053
4.1469023027385274 0.9680808154077979
4.272566008882119 0.9743361073114978
4.39822971502571 0.9730625498152855
4.523893421169302 0.9748254267552101
4.649557127312894 0.9742407604581189
4.775220833456486 0.9716872634857643
4.900884539600078 0.9682750465300467
5.026548245743669 0.9816872318777579
5.152211951887261 0.9710458150596217
5.277875658030853 0.9769736182266024
5.403539364174445 0.9668068681381784
5.529203070318037 0.9709660892354867
5.6548667764616285 0.9687347990368664
5.7805304826052195 0.9727754265671936
5.906194188748811 0.976796391290815
6.031857894892403 0.9594770381281089
6.157521601035995 0.9653888865437423
6.283185307179587 0.9627128595829271
6.408849013323178 0.9734641894633045
6.53451271946677 0.9722709497926453
6.660176425610362 0.967384159417811
6.785840131753954 0.9598557819203246
6.911503837897546 0.972920001763134
7.037167544041138 0.9685195206062862
7.162831250184729 0.9620527891267936
7.288494956328321 0.9681151010563118
7.4141586624719125 0.9637917859392467
7.539822368615504 0.9771761887584467
7.665486074759096 0.9661000177667778
7.791149780902687 0.9676668664501391
7.916813487046279 0.9705553045988274
8.042477193189871 0.970086877743931
8.168140899333462 0.9766131535142809
8.293804605477055 0.9736171864457249
8.419468311620646 0.9692149581929579
8.545132017764239 0.976863016323391
8.67079572390783 0.9668754031039803
8.79645943005142 0.9779321246648274
8.922123136195014 0.9759071791152216
9.047786842338605 0.9732824221139761
9.173450548482197 0.9660946556135916
9.299114254625788 0.9722660270639307
