# r  Cs(r) [pure estimator]
0.05 0.0005130780770788812
0.15000000000000002 0.0005385541502220929
0.25 0.0005125992172215452
0.35000000000000003 0.0005100446825882158
0.45 0.0005148724309217055
0.55 0.0005196075638358203
0.65 0.0005268149044700829
0.75 0.0005010012346535968
0.8500000000000001 0.0005161220079320533
0.9500000000000001 0.0005263697081108728
1.05 0.0005288196880408971
1.1500000000000001 0.0005064081635149113
1.25 0.0004928283167426304
1.35 0.0005250148082396807
1.4500000000000002 0.0005121486852230708
1.55 0.0005223292693237387
1.6500000000000001 0.0005216848224298709
1.75 0.0005112452613137467
1.85 0.0005189746200168966
1.9500000000000002 0.0004996655900106648
2.0500000000000003 0.00050083086571507
2.15 0.0005080992087188333
2.25 0.000511316104358308
2.35 0.0004916983189992437
2.45 0.0005101162989184241
2.5500000000000003 0.0005169164354924725
2.6500000000000004 0.0005150485850886773
2.75 0.0005045555407553417
2.85 0.0005158193328552148
2.95 0.0005015497649358216
3.0500000000000003 0.0005028064099759987
3.1500000000000004 0.0004963364128311893
3.25 0.0005205476294610551
3.35 0.0005209167681563445
3.45 0.0004906958819397373
3.5500000000000003 0.0005239623065473048
3.6500000000000004 0.0005031366129215446
3.75 0.0005061369240633
3.85 0.0004959264069111169
3.95 0.0005215553722434489
4.05 0.0005135341435027476
4.15 0.0005134160430005625
4.25 0.0005080652936018165
4.3500000000000005 0.0005022740998869982
4.45 0.0005007855973856207
4.55 0.000499733567995049
4.65 0.0005235494406564216
4.75 0.0005065065044482129
4.8500000000000005 0.0005227204839937554
4.95 0.0005008292741042635
5.050000000000001 0.0005079112975454746
5.15 0.0004945421001589081
5.25 0.0005134313735798699
5.3500000000000005 0.0005189529003677609
5.45 0.0004938026169442848
5.550000000000001 0.0004966711018175922
5.65 0.0004958569064167386
5.75 0.0005114655061847491
5.8500000000000005 0.0005146135165483835
5.95 0.0005036231054089731
6.050000000000001 0.0004916739326398453
6.15 0.00048800370434214747
6.25 0.0005155758891527859
6.3500000000000005 0.0005239387381803181
6.45 0.0005143235373508704
6.550000000000001 0.0005014416700657704
6.65 0.0005166171455829249
6.75 0.00047776796081555877
6.8500000000000005 0.0005069304389120694
6.95 0.000491576215900947
7.050000000000001 0.0004958593259091994
7.15 0.0005261904842591592
7.25 0.0005061500076861728
7.3500000000000005 0.0005083701472913937
7.45 0.0005008787642406461
7.550000000000001 0.0005134326690514339
7.65 0.0004931897321869586
7.75 0.0004982609470065339
7.8500000000000005 0.000508676203316874
7.95 0.0004930068818258889
8.05 0.0005096952869051854
8.15 0.0005065702172538037
8.25 0.0005091329753141649
8.35 0.0005016911393041315
8.450000000000001 0.0005151910283782894
8.55 0.0005036888707271963
8.65 0.0005146478796578086
8.75 0.0005089259052634355
8.85 0.0005052040848122215
8.950000000000001 0.0005177288758335363
9.05 0.0005089706856803859
9.15 0.0005111923264981113
9.25 0.0005265047333720259
9.35 0.0005189929671257864
9.450000000000001 0.0005027769442557923
9.55 0.0005092735231213479
9.65 0.0005071763356630392
9.75 0.0005203571779608789
9.850000000000001 0.0004951507331890912
9.950000000000001 0.0005075192203991277
