# r  Cs(r) [pure estimator]
0.2 9.405353216886294e-7
0.6000000000000001 1.715371200781562e-6
1.0 4.2479927693099256e-7
1.4000000000000001 2.1059504386568756e-6
1.8 1.626204512914402e-7
2.2 1.8818578290955055e-6
2.6 2.3004660516788772e-7
3.0 1.430416032176971e-6
3.4000000000000004 -2.3343767237447614e-9
3.8000000000000003 1.7217365554833849e-6
4.2 1.1943650155326992e-6
4.6000000000000005 -8.055404765622134e-8
5.0 1.9451664259245764e-6
5.4 4.2072093484247143e-7
5.800000000000001 -4.127479091851148e-8
6.2 1.0747133770459532e-6
6.6000000000000005 1.1500798774264476e-6
7.0 5.684946656615921e-7
7.4 7.926829362194417e-7
7.800000000000001 8.946585892322515e-7
8.200000000000001 1.3402548558928603e-6
8.6 3.3814698006217153e-7
9.0 2.1666411915687476e-6
9.4 -9.727871767899377e-8
9.8 1.5931338493655516e-6
10.200000000000001 -1.1828325717087788e-6
10.600000000000001 1.481201869218336e-6
11.0 -6.144388177321111e-7
11.4 1.1908717183339214e-6
11.8 -2.057725024309059e-6
12.200000000000001 7.398217598367223e-7
12.600000000000001 -6.412802462492185e-7
13.0 4.267106262532528e-7
13.4 1.3879167196135075e-6
13.8 4.859491714298154e-8
14.200000000000001 7.756534466247045e-7
14.600000000000001 -4.7324163256084e-8
15.0 1.5143198514515068e-6
15.4 -1.0426140926572589e-6
15.8 4.0163232823657747e-7
16.2 -2.4246440036242993e-7
16.6 2.6657433604673254e-7
17.0 -1.3492398138951332e-6
17.400000000000002 2.221613804280435e-6
17.8 1.420530001619242e-6
18.2 7.282610593545095e-7
18.6 1.1011831544545825e-6
19.0 6.240328516622037e-7
19.400000000000002 6.508358308151946e-7
19.8 1.0450502776764436e-6
20.200000000000003 2.586144284125126e-7
20.6 1.237887418058992e-6
21.0 -1.6473872937100604e-6
21.400000000000002 6.096074117519578e-7
21.8 -6.38193935137953e-8
22.200000000000003 9.962122037703818e-7
22.6 8.667314693422285e-7
23.0 1.1766894271105156e-7
23.400000000000002 1.1635009982417317e-6
23.8 -5.439653078044245e-7
24.200000000000003 -7.223172939319662e-7
24.6 -6.80017745673814e-8
25.0 -1.1896455159733915e-6
25.400000000000002 1.8050949621218828e-6
25.8 1.76762201987318e-6
26.200000000000003 8.009421702925352e-7
26.6 9.240169702965579e-7
27.0 3.5224460161885264e-7
27.400000000000002 -1.5220229852695177e-7
27.8 1.0737944234510126e-6
28.200000000000003 1.0199814884996939e-7
28.6 -3.9790286706068034e-7
29.0 6.456543336710622e-8
29.400000000000002 3.242968255331687e-7
29.8 1.4918400358527874e-6
30.200000000000003 1.1055993650068366e-6
30.6 -6.992816550940291e-7
31.0 1.2683875498951102e-6
31.400000000000002 1.5280832784063335e-6
31.8 3.4351356351158576e-7
32.2 -1.0743845626818521e-6
32.6 -2.496343401598827e-7
33.0 -2.5060994182215e-7
33.4 -1.7911452781730395e-6
33.800000000000004 -5.202064202118828e-7
34.2 -5.776883736135028e-7
34.6 -9.564161996641931e-7
35.0 -2.641002513273553e-7
35.4 1.322811856079203e-6
35.800000000000004 -2.0804159466671728e-7
36.2 1.665087092511524e-7
36.6 -1.0652635898005327e-6
37.0 -5.885264297208606e-7
37.4 1.6994479165650154e-6
37.800000000000004 4.152815494022254e-7
38.2 8.868895133508305e-7
38.6 1.4140137537531105e-6
39.0 2.935271474513087e-7
39.400000000000006 4.930090111772365e-7
39.800000000000004 -7.584083885692509e-7
