block_size         error    difference      rel_diff
-------------------------------------------------------
       2  3.789134e-08  1.568397e-08  4.139197e-01
       4  5.357532e-08  2.216307e-08  4.136807e-01
       8  7.573839e-08  3.129428e-08  4.131891e-01
      16  1.070327e-07  4.412044e-08  4.122147e-01
      32  1.511531e-07  6.202278e-08  4.103309e-01
      64  2.131759e-07  8.669753e-08  4.066948e-01
     128  2.998734e-07  1.198848e-07  3.997846e-01
     256  4.197582e-07  1.627904e-07  3.878195e-01
     512  5.825486e-07  2.133839e-07  3.662937e-01
    1024  7.959324e-07  2.591895e-07  3.256426e-01
    2048  1.055122e-06  2.874205e-07  2.724050e-01
    4096  1.342543e-06  2.587734e-07  1.927487e-01
    8192  1.601316e-06  1.249198e-07  7.801070e-02
   16384  1.726236e-06  7.308779e-08  4.233940e-02
   32768  1.799323e-06  6.265053e-08  3.481894e-02
   65536  1.861974e-06  4.375999e-08  2.350193e-02
  131072  1.905734e-06           ---           ---
