# r  Cs(r) [pure estimator]
0.125 2.23927831826452e-5
0.375 2.402474791644702e-5
0.625 2.4271467293263734e-5
0.875 2.2048516311705483e-5
1.125 2.5981028758458438e-5
1.375 1.9773912934958145e-5
1.625 2.5108857095499843e-5
1.875 2.4122483615538946e-5
2.125 1.6749119093219033e-5
2.375 2.7652946068753834e-5
2.625 1.9542590518117556e-5
2.875 2.421613198527829e-5
3.125 2.1368963159714e-5
3.375 2.42613417188103e-5
3.625 2.0005811044229927e-5
3.875 2.6849367658887987e-5
4.125 2.305022428112057e-5
4.375 2.1178895376447643e-5
4.625 2.0449707301482913e-5
4.875 1.8329120690665954e-5
5.125 1.797093162559124e-5
5.375 2.0465868075797457e-5
5.625 1.5474394019992192e-5
5.875 1.9919595232375264e-5
6.125 2.013754541161338e-5
6.375 1.848234352457039e-5
6.625 1.8029968462884005e-5
6.875 1.8304012156738184e-5
7.125 2.0358877795123552e-5
7.375 2.0123711347184208e-5
7.625 2.0458713364055303e-5
7.875 1.362443389078714e-5
8.125 1.7551412075221078e-5
8.375 1.8668475476507313e-5
8.625 1.6988940865544624e-5
8.875 1.9080003909609422e-5
9.125 1.2970151153611743e-5
9.375 1.59153214076137e-5
9.625 1.601192724639491e-5
9.875 1.6900052320958923e-5
10.125 1.1316017373024973e-5
10.375 1.4842297481763577e-5
10.625 9.202311389074344e-6
10.875 1.4343628941549464e-5
11.125 1.754107782248606e-5
11.375 1.929872598772338e-5
11.625 1.5684032734658992e-5
11.875 1.5564492820442097e-5
12.125 1.693868489235832e-5
12.375 1.6419098559832482e-5
12.625 1.0661810859466655e-5
12.875 1.3532853469657457e-5
13.125 1.192680680877192e-5
13.375 1.456522576195499e-5
13.625 1.2279455369371131e-5
13.875 1.813239965616284e-5
14.125 1.4674308853695527e-5
14.375 1.2222947423411768e-5
14.625 1.1022940880054827e-5
14.875 9.527654023964765e-6
15.125 1.4150585482597271e-5
15.375 1.1246291511953393e-5
15.625 1.2208128907090754e-5
15.875 1.3511685202860712e-5
16.125 1.2973145906851426e-5
16.375 1.2803386535529102e-5
16.625 1.062353040524114e-5
16.875 1.3955926755584865e-5
17.125 1.1575450621182137e-5
17.375 9.33410849159881e-6
17.625 9.695874236457764e-6
17.875 1.1835339874188539e-5
18.125 1.206110856296386e-5
18.375 1.4509660557480933e-5
18.625 1.0389370753373386e-5
18.875 1.1424157774666595e-5
19.125 8.573554121934209e-6
19.375 1.4401674637192986e-5
19.625 1.2844258730612573e-5
19.875 1.1637354853972956e-5
20.125 1.1029779905061838e-5
20.375 1.0374701888622069e-5
20.625 1.0854849570721624e-5
20.875 9.649876701501821e-6
21.125 1.0895551445816722e-5
21.375 1.0471909160370937e-5
21.625 1.07626520774753e-5
21.875 1.1516471461667679e-5
22.125 1.1201906127202131e-5
22.375 1.07885349345178e-5
22.625 1.0876337076838996e-5
22.875 1.3184013797101848e-5
23.125 9.336508794580174e-6
23.375 1.19887009424632e-5
23.625 8.77411356487305e-6
23.875 1.1790863340936492e-5
24.125 1.1662271904129555e-5
24.375 1.2271111875918724e-5
24.625 1.182038563964862e-5
24.875 1.2398497739362883e-5
