# k values and corresponding S(k) [pure estimator]
0.0 1.7042431163698282
0.12566370614359174 1.0996878433529917
0.25132741228718347 1.0040580120759839
0.3769911184307752 0.9760851248154563
0.5026548245743669 0.9765159882435929
0.6283185307179586 0.9659697180749027
0.7539822368615504 0.9669137991113409
0.8796459430051422 0.9672673584336244
1.0053096491487339 0.975928718173738
1.1309733552923256 0.9621155113752667
1.2566370614359172 0.962101202301696
1.3823007675795091 0.9656528696027635
1.5079644737231008 0.9793223335097095
1.6336281798666925 0.9849373011267223
1.7592918860102844 0.9746216002638757
1.884955592153876 0.9701634762860788
2.0106192982974678 0.973190491477629
2.1362830044410597 0.9677260893271405
2.261946710584651 0.9740447487522584
2.387610416728243 0.9566862903275075
2.5132741228718345 0.9600015982097952
2.6389378290154264 0.9735794333300882
2.7646015351590183 0.9822897132238864
2.8902652413026098 0.9630554457734544
3.0159289474462017 0.9635409281695371
3.1415926535897936 0.9817619929688126
3.267256359733385 0.9754205390184246
3.392920065876977 0.9690959188335164
3.518583772020569 0.9732071672620879
3.6442474781641603 0.9649090201585439
3.769911184307752 0.9736446559489357
3.8955748904513436 0.9681363911838916
4.0212385965949355 0.9641387893877389
4.1469023027385274 0.9714793907531974
4.272566008882119 0.9595801043799795
4.39822971502571 0.9791274321085163
4.523893421169302 0.980390309408709
4.649557127312894 0.9643819529690207
4.775220833456486 0.9637248214442916
4.900884539600078 0.9687889426492567
5.026548245743669 0.9754983437963604
5.152211951887261 0.9793635437303824
5.277875658030853 0.9621516364243526
5.403539364174445 0.9655397231404711
5.529203070318037 0.9662497359372326
5.6548667764616285 0.963969787509884
5.7805304826052195 0.9765599967622854
5.906194188748811 0.9711845897725085
6.031857894892403 0.9661116723572203
6.157521601035995 0.9701792900871522
6.283185307179587 0.9723461149283119
6.408849013323178 0.9618394740196928
6.53451271946677 0.9678767709354008
6.660176425610362 0.9712966208324331
6.785840131753954 0.9769081567069563
6.911503837897546 0.9614279011434796
7.037167544041138 0.9712065678811408
7.162831250184729 0.9791630913283332
7.288494956328321 0.9682705186591078
7.4141586624719125 0.9730681792734763
7.539822368615504 0.9599899969041708
7.665486074759096 0.9739388722852791
7.791149780902687 0.9730810074970063
7.916813487046279 0.966012179452341
8.042477193189871 0.9697015974943831
8.168140899333462 0.9736125165971555
8.293804605477055 0.9745826678124534
8.419468311620646 0.9690885364208972
8.545132017764239 0.9635335245771997
8.67079572390783 0.960605298424114
8.79645943005142 0.9595215588419872
8.922123136195014 0.9615311660721857
9.047786842338605 0.9673933476143579
9.173450548482197 0.9706672526267546
9.299114254625788 0.9667263059553657
