0.125 0.8532952380952381
0.375 0.8621632653061224
0.625 0.8492625850340136
0.875 0.8750802721088435
1.125 0.8823102040816326
1.375 0.933156462585034
1.625 1.0187482993197279
1.875 1.0730557823129252
2.125 1.0455482993197278
2.375 1.0540816326530613
2.625 1.0369551020408163
2.875 1.0052843537414966
3.125 0.9829469387755102
3.375 0.9757061224489796
3.625 0.9477687074829932
3.875 0.9422829931972789
4.125 0.9795646258503401
4.375 1.0328054421768706
4.625 1.0548789115646258
4.875 1.0264163265306123
5.125 1.0391265306122448
5.375 1.0248489795918367
5.625 0.9984761904761905
5.875 0.9744244897959183
6.125 1.0098802721088436
6.375 1.0061061224489796
6.625 1.0373251700680273
6.875 1.052247619047619
7.125 1.019948299319728
7.375 0.9894993197278912
7.625 0.9823020408163265
7.875 0.9762149659863946
8.125 0.9711183673469388
8.375 0.9948244897959184
8.625 1.0053333333333334
8.875 0.9819700680272109
9.125 0.9476408163265306
9.375 0.9376353741496599
9.625 0.9245142857142857
9.875 0.9087809523809524
10.125 0.9272027210884354
10.375 0.9567646258503402
10.625 0.9502149659863945
10.875 0.9297251700680272
11.125 0.9251591836734694
11.375 0.9070421768707483
11.625 0.9243102040816327
11.875 0.9746476190476191
12.125 1.0067510204081633
12.375 1.0428299319727892
12.625 1.049104761904762
12.875 1.064277551020408
13.125 1.0575156462585034
13.375 1.0709170068027212
13.625 1.0570585034013606
13.875 1.0407918367346938
14.125 1.0214013605442176
14.375 1.018865306122449
14.625 1.040312925170068
14.875 1.0883074829931974
15.125 1.0070231292517007
15.375 1.018682993197279
15.625 1.0268108843537416
15.875 0.9626775510204082
16.125 0.9424408163265307
16.375 0.9477278911564626
16.625 0.9597442176870749
16.875 1.020952380952381
17.125 1.0157850340136054
17.375 0.9887455782312925
17.625 0.9641061224489796
17.875 0.9931918367346939
18.125 1.0551727891156462
18.375 1.0485768707482994
18.625 1.0911727891156462
18.875 1.0840489795918367
19.125 1.062712925170068
19.375 1.047491156462585
19.625 1.0147755102040816
19.875 1.0147619047619048
20.125 0.9917632653061225
20.375 0.9707238095238095
20.625 0.9956816326530612
20.875 0.9602965986394558
21.125 0.9936517006802721
21.375 1.0281632653061223
21.625 1.0607074829931973
21.875 1.0467727891156462
22.125 1.0367972789115647
22.375 1.0606367346938776
22.625 1.0466721088435373
22.875 1.0470231292517007
23.125 1.0902965986394557
23.375 1.0364136054421769
23.625 1.0054938775510205
23.875 1.0327455782312924
24.125 1.0234340136054423
24.375 1.0267238095238096
24.625 1.0171156462585034
24.875 0.995556462585034
