0.125 0.06608075615620596
0.375 0.04200476573719011
0.625 0.08294030195063185
0.875 0.01682877683524466
1.125 -0.011666959651379033
1.375 -0.06763089215157392
1.625 -0.07044525761906034
1.875 -0.07690161988903202
2.125 -0.11145927404558101
2.375 -0.10530622781542433
2.625 -0.1301796730878737
2.875 -0.11158991127159337
3.125 -0.09971680328209216
3.375 -0.06629073101078724
3.625 -0.04668035199035328
3.875 -0.025732841643829288
4.125 -0.034606516847690214
4.375 -0.005432663427794581
4.625 0.0419173106885273
4.875 0.024569998515407945
5.125 0.01965282196716761
5.375 0.04238620191592855
5.625 0.02682182373140023
5.875 0.022979550462020493
6.125 0.01698322155788657
6.375 0.004954779523129517
6.625 -0.03335370668149636
6.875 -0.0464881135554343
7.125 -0.032001088490546406
7.375 -0.06372493750704679
7.625 -0.07525291138959989
7.875 -0.09651325820397537
8.125 -0.05971654814142331
8.375 -0.08093589133419767
8.625 -0.0726790450928382
8.875 -0.08371342906388379
9.125 -0.023028903858633543
9.375 0.004791326277420984
9.625 0.050762452208771514
9.875 0.020501411773864667
10.125 0.021931227567667508
10.375 0.0769856460690934
10.625 0.07196939324864549
10.875 -0.036104590925853296
11.125 -0.034053341804021225
11.375 0.00016199773203175156
11.625 0.014878534167049375
11.875 -0.02885396571026542
12.125 -0.04739973133755517
12.375 -0.04330445673729256
12.625 -0.013170931613867088
12.875 -0.042155644530351144
13.125 -0.10911724822906722
13.375 -0.08684273380051936
13.625 -0.1338922796928455
13.875 -0.12067473483036202
14.125 -0.0888974731261572
14.375 -0.06698928780315838
14.625 -0.07568889528268574
14.875 -0.06037959460236578
15.125 -0.0602922063007828
15.375 -0.05153779990704284
15.625 -0.0260313287558334
15.875 -0.006421997603057233
16.125 -0.019451590456969457
16.375 -0.06155215481351747
16.625 -0.07314874144471599
16.875 -0.06643923240938167
17.125 -0.03480569299305386
17.375 -0.05891062405741901
17.625 -0.060887530376027704
17.875 -0.0314467476534118
18.125 -0.0003197722396435055
18.375 0.01344744545246943
18.625 0.015680563383091525
18.875 -0.005577477233249997
19.125 0.007986234691343167
19.375 0.026582465911422954
19.625 0.05328077655324055
19.875 0.09946503988737682
20.125 0.10350012209409201
20.375 0.05870085019664126
20.625 0.04567479154881078
20.875 0.07849332264124746
21.125 0.07750152669874331
21.375 0.06525870054254333
21.625 0.07515456247915651
21.875 0.018271902757812156
22.125 -0.009445624017447765
22.375 -0.008194281961291383
22.625 -0.03783159843182929
22.875 -0.055727803607766496
23.125 -0.04022621317546995
23.375 -0.06257055991094354
23.625 -0.029002568203529453
23.875 -0.014976260361390548
24.125 -0.0345748075041477
24.375 0.011266269303855337
24.625 0.034762834746782954
24.875 0.0535467806607319
