# r  Cs(r) [pure estimator]
0.125 0.0006770257495867172
0.375 0.0006696189542600535
0.625 0.0006687083318985921
0.875 0.0006619762199868729
1.125 0.000659201470924537
1.375 0.0006627353851817088
1.625 0.000660990679960365
1.875 0.0006699251200913277
2.125 0.0006596093282830698
2.375 0.0006670296092356058
2.625 0.0006517792294280842
2.875 0.00066601684497647
3.125 0.0006623730203648214
3.375 0.0006615248143599301
3.625 0.0006574154799260367
3.875 0.000653671165219181
4.125 0.0006551267327855933
4.375 0.0006683434264223726
4.625 0.0006623223389683391
4.875 0.0006578708001600064
5.125 0.0006590004427412614
5.375 0.000643798920291289
5.625 0.0006716722518661978
5.875 0.0006499131790843227
6.125 0.0006666479588822446
6.375 0.0006570886088161668
6.625 0.0006698407352180902
6.875 0.0006762558352554646
7.125 0.0006549873047165512
7.375 0.0006649960392669835
7.625 0.0006505631939137611
7.875 0.0006581086886154893
8.125 0.0006647793089377427
8.375 0.0006644323002578762
8.625 0.0006586098796653994
8.875 0.0006634668444191203
9.125 0.0006649954565518842
9.375 0.000662509417240036
9.625 0.0006655477499301735
9.875 0.0006629901610005297
10.125 0.000660780238529407
10.375 0.0006676188501358593
10.625 0.0006608472227988718
10.875 0.0006540401748206012
11.125 0.0006610249066902281
11.375 0.0006540618694852763
11.625 0.0006573913099734561
11.875 0.0006587458709233614
12.125 0.0006568703472850238
12.375 0.0006560807360460053
12.625 0.0006466207081616708
12.875 0.000647173919828508
13.125 0.0006496788567354546
13.375 0.0006511724104890531
13.625 0.0006584705585923154
13.875 0.000665161284598665
14.125 0.0006616060787251799
14.375 0.0006593831435625134
14.625 0.0006505981293216669
14.875 0.0006555287866773158
15.125 0.0006543100251559939
15.375 0.0006514534608313062
15.625 0.0006589729709264768
15.875 0.0006605285074370234
16.125 0.0006622236387548668
16.375 0.0006463583215546139
16.625 0.0006456071430193638
16.875 0.000650762670825587
17.125 0.0006506528876579472
17.375 0.0006530579296515397
17.625 0.000660012024263907
17.875 0.0006703549352662074
18.125 0.0006581706686850715
18.375 0.0006571654003086712
18.625 0.0006511019590167886
18.875 0.000637616389969905
19.125 0.0006538287563699391
19.375 0.0006578858922362978
19.625 0.0006570148400620502
19.875 0.0006630844328778243
20.125 0.0006618519992335191
20.375 0.0006533913781263746
20.625 0.0006603607652740282
20.875 0.0006750592639842973
21.125 0.000656289172768615
21.375 0.0006617532400238726
21.625 0.0006678376691007681
21.875 0.00066025577094506
22.125 0.0006635104023857251
22.375 0.0006647058415582366
22.625 0.000652460002339536
22.875 0.0006518827346962609
23.125 0.0006543592073082167
23.375 0.0006667951036027117
23.625 0.000661293592927724
23.875 0.0006559932183677267
24.125 0.0006515565331154508
24.375 0.000653192407580305
24.625 0.0006542724135432647
24.875 0.0006624222641284541
