# r  Cs(r) [pure estimator]
0.2 5.091762362416856e-5
0.6000000000000001 5.15668749232209e-5
1.0 4.855156481779221e-5
1.4000000000000001 5.0254061616027815e-5
1.8 5.0042150085421657e-5
2.2 4.648952289472954e-5
2.6 4.5038823263728366e-5
3.0 4.516975784595856e-5
3.4000000000000004 4.734016035297542e-5
3.8000000000000003 4.608839975158893e-5
4.2 4.392774571294904e-5
4.6000000000000005 4.588805859238814e-5
5.0 4.762236703454025e-5
5.4 4.4514623999488725e-5
5.800000000000001 4.4284338788764e-5
6.2 4.2472843539542615e-5
6.6000000000000005 4.2130582202781744e-5
7.0 4.2934805659093366e-5
7.4 4.1889583023140465e-5
7.800000000000001 3.982654516141158e-5
8.200000000000001 4.593434298857087e-5
8.6 4.1324682179735484e-5
9.0 4.1660363821827785e-5
9.4 4.0189009138254156e-5
9.8 4.0493053697921096e-5
10.200000000000001 3.6800138625733485e-5
10.600000000000001 3.8467661712222833e-5
11.0 3.8242167456072064e-5
11.4 3.734440702112553e-5
11.8 3.4489565464812555e-5
12.200000000000001 3.7532542874998873e-5
12.600000000000001 4.0509962399303074e-5
13.0 3.666195612036536e-5
13.4 3.846341206818591e-5
13.8 3.576294130976413e-5
14.200000000000001 3.429140514025488e-5
14.600000000000001 3.7319007771374743e-5
15.0 3.7400075426778356e-5
15.4 3.652790903501538e-5
15.8 3.5945906046926256e-5
16.2 3.568244883703475e-5
16.6 3.463968938244956e-5
17.0 3.509721151679753e-5
17.400000000000002 3.528507758219076e-5
17.8 3.27557628538242e-5
18.2 3.578551338967687e-5
18.6 3.542624329944166e-5
19.0 3.354279557518425e-5
19.400000000000002 3.139841357928171e-5
19.8 3.5283804442185256e-5
20.200000000000003 3.705556829349579e-5
20.6 3.511340400005166e-5
21.0 3.2931830853737434e-5
21.400000000000002 3.3878670619758737e-5
21.8 3.2269958881797374e-5
22.200000000000003 3.4351555903782774e-5
22.6 3.4571211098122474e-5
23.0 3.350398807268298e-5
23.400000000000002 3.1610220273489814e-5
23.8 3.158081389216553e-5
24.200000000000003 3.34768870979981e-5
24.6 3.434138497973234e-5
25.0 3.282902571811519e-5
25.400000000000002 3.370780505595952e-5
25.8 3.567597846067511e-5
26.200000000000003 3.3696811717378836e-5
26.6 3.0319149996832076e-5
27.0 3.407349224421151e-5
27.400000000000002 3.012100078480809e-5
27.8 3.0369116256348952e-5
28.200000000000003 3.1868330218771036e-5
28.6 3.345770026039648e-5
29.0 3.208063409652519e-5
29.400000000000002 3.1562851735549854e-5
29.8 3.108893114205423e-5
30.200000000000003 3.003304808552763e-5
30.6 2.864860492559193e-5
31.0 2.8894477463789688e-5
31.400000000000002 2.923575038993002e-5
31.8 3.0347581624801052e-5
32.2 3.236638280081957e-5
32.6 3.108329065343941e-5
33.0 3.0279947293949062e-5
33.4 2.899991658297615e-5
33.800000000000004 3.073885551362881e-5
34.2 2.8929855072129032e-5
34.6 2.9763246388680705e-5
35.0 3.007008629011169e-5
35.4 2.919006172727797e-5
35.800000000000004 3.0080030630068076e-5
36.2 2.9007997272487622e-5
36.6 2.8994215407704034e-5
37.0 2.631396596599003e-5
37.4 2.8430438246187685e-5
37.800000000000004 2.5215401569248016e-5
38.2 2.8833289296601702e-5
38.6 2.8072661223427728e-5
39.0 2.906354552161788e-5
39.400000000000006 2.9139004140691076e-5
39.800000000000004 2.991123080468225e-5
