# r  Cs(r) [pure estimator]
0.1 1.0459066732738446e-5
0.30000000000000004 1.3048180773510975e-5
0.5 1.290434588710752e-5
0.7000000000000001 1.1092492815956112e-5
0.9 9.771627097521328e-6
1.1 1.22678674888358e-5
1.3 9.471447764513367e-6
1.5 9.75140821272913e-6
1.7000000000000002 1.3224225041944463e-5
1.9000000000000001 9.047571029608911e-6
2.1 1.0017422130026115e-5
2.3000000000000003 1.572797473174305e-5
2.5 8.037804857887099e-6
2.7 1.0308378344808277e-5
2.9000000000000004 1.2970776090007063e-5
3.1 1.0704420212299427e-5
3.3000000000000003 7.983801875906638e-6
3.5 1.1453071327437255e-5
3.7 1.2630154393655773e-5
3.9000000000000004 7.230409297798372e-6
4.1000000000000005 1.106894406066042e-5
4.3 7.663580851860743e-6
4.5 1.1831686005358448e-5
4.7 9.2459174306645e-6
4.9 4.866238118526672e-6
5.1000000000000005 1.2382929425303912e-5
5.300000000000001 9.068088556516126e-6
5.5 1.0162049711007021e-5
5.7 9.050303247849825e-6
5.9 1.093067066883672e-5
6.1000000000000005 1.0031618722594712e-5
6.300000000000001 8.586503876377699e-6
6.5 1.2111024509902218e-5
6.7 9.97915926166778e-6
6.9 8.619982242122545e-6
7.1000000000000005 1.034590022383044e-5
7.300000000000001 9.065250268383954e-6
7.5 7.699838397865032e-6
7.7 3.1524851955824686e-6
7.9 1.0181419111407181e-5
8.1 1.0144959903880569e-5
8.3 7.690681929893446e-6
8.5 7.2273073009185675e-6
8.700000000000001 6.303214194081128e-6
8.9 7.917129167847009e-6
9.1 7.667951132744796e-6
9.3 7.2126589578826215e-6
9.5 6.5897772893644115e-6
9.700000000000001 8.262427059300602e-6
9.9 9.275911878238958e-6
10.100000000000001 9.604311494024767e-6
10.3 1.0336992628558731e-5
10.5 9.824318814722195e-6
10.700000000000001 6.895720050166415e-6
10.9 1.1547476011418055e-5
11.100000000000001 9.176323297006753e-6
11.3 4.119362058400352e-6
11.5 8.122120675993857e-6
11.700000000000001 6.6185758806752515e-6
11.9 5.391187900362072e-6
12.100000000000001 9.300744137874932e-6
12.3 2.9734323165777473e-6
12.5 8.87333039004188e-6
12.700000000000001 7.858324107296211e-6
12.9 7.132404457959985e-6
13.100000000000001 7.668645620587057e-6
13.3 7.566846800529881e-6
13.5 8.225511154958326e-6
13.700000000000001 8.590258980014787e-6
13.9 5.6587256407677485e-6
14.100000000000001 7.437016322219838e-6
14.3 6.9662696255315e-6
14.5 5.070261589479957e-6
14.700000000000001 6.4171900397173794e-6
14.9 1.0469674681670296e-5
15.100000000000001 6.081560596165655e-6
15.3 1.0007708695387649e-5
15.5 6.71709834962854e-6
15.700000000000001 6.548166156848497e-6
15.9 6.4153279578062685e-6
16.1 1.3172439887081266e-5
16.3 6.572457278830181e-6
16.5 5.69746601651828e-6
16.7 5.3998034401696795e-6
16.900000000000002 7.025216494740829e-6
17.1 7.061986456912845e-6
17.3 1.1029569214482505e-5
17.5 8.251438720525782e-6
17.7 6.950711547160096e-6
17.900000000000002 4.451277201240823e-6
18.1 8.386541496734998e-6
18.3 7.06483980980531e-6
18.5 8.22274637472032e-6
18.7 3.901549753261312e-6
18.900000000000002 8.00466319391933e-6
19.1 3.13770707897682e-6
19.3 9.755288255471683e-6
19.5 9.57502784367392e-6
19.700000000000003 8.769798274098007e-6
19.900000000000002 8.433009647742222e-6
