0.2 0.6595424239948566
0.6000000000000001 0.6430130494732276
1.0 0.6318864728446736
1.4000000000000001 0.6017822579186339
1.8 0.6129588111918277
2.2 0.5715050897208337
2.6 0.6342562555452511
3.0 0.6899018263036562
3.4000000000000004 0.6940033224724519
3.8000000000000003 0.6873201150405549
4.2 0.6956402326164575
4.6000000000000005 0.6942510639100469
5.0 0.6841214017147756
5.4 0.6693967186693606
5.800000000000001 0.6747164142206502
6.2 0.6693505410986809
6.6000000000000005 0.6718814962640913
7.0 0.6791414950889738
7.4 0.6683226682664267
7.800000000000001 0.6788540891564635
8.200000000000001 0.675323553776722
8.6 0.6966014378033272
9.0 0.6938874605149098
9.4 0.6671669872502338
9.8 0.6401313518996873
10.200000000000001 0.6419880520754035
10.600000000000001 0.6414703582042859
11.0 0.6582418458872145
11.4 0.7072123307392439
11.8 0.6994884696016771
12.200000000000001 0.665266291059849
12.600000000000001 0.6557581391858626
13.0 0.6599905003166561
13.4 0.670415615783377
13.8 0.6498738388662262
14.200000000000001 0.6495148725248521
14.600000000000001 0.6432052987746789
15.0 0.6864662644362783
15.4 0.7210387494271603
15.8 0.7035087421634415
16.2 0.7173068062572182
16.6 0.7053065988578098
17.0 0.7330513182070675
17.400000000000002 0.7026699418721142
17.8 0.7043676879342663
18.2 0.7002824916816819
18.6 0.6722417853639573
19.0 0.6831975880990361
19.400000000000002 0.6905495782415804
19.8 0.6465471806028469
20.200000000000003 0.6428637090509426
20.6 0.6511192484217851
21.0 0.6872110718832589
21.400000000000002 0.7019483303984076
21.8 0.6651427557126021
22.200000000000003 0.67262167062784
22.6 0.675568122756305
23.0 0.7136134305668774
23.400000000000002 0.7552350241359314
23.8 0.7388761527489851
24.200000000000003 0.7217066017072415
24.6 0.7005494445284574
25.0 0.7231904777203071
25.400000000000002 0.6902551812261656
25.8 0.6741330995661189
26.200000000000003 0.6536887272654615
26.6 0.6720778823193256
27.0 0.6744336619131416
27.400000000000002 0.6857876207912724
27.8 0.6601605956799982
28.200000000000003 0.6663505904337128
28.6 0.6369563508143775
29.0 0.640189907872906
29.400000000000002 0.6868145297267865
29.8 0.7110391548286976
30.200000000000003 0.6892769765545299
30.6 0.6822597935359709
31.0 0.7547050106822518
31.400000000000002 0.7398395014687701
31.8 0.6910907058395429
32.2 0.6879458754125684
32.6 0.7167908961350753
33.0 0.7281659755717937
33.4 0.7166083188667156
33.800000000000004 0.7107885127840997
34.2 0.6889786135916758
34.6 0.6312080676068074
35.0 0.6176772436067189
35.4 0.6570123198288458
35.800000000000004 0.6311116723108642
36.2 0.6144102036303013
36.6 0.6711685311180763
37.0 0.6751168426518954
37.4 0.658782752480285
37.800000000000004 0.6754054043197603
38.2 0.6551218196895621
38.6 0.6746672324834877
39.0 0.6660365221702744
39.400000000000006 0.6733909992089443
39.800000000000004 0.6620701553325077
