0.125 0.9202748299319727
0.375 0.930712925170068
0.625 0.9300789115646259
0.875 0.9270965986394558
1.125 0.9639510204081633
1.375 1.006261224489796
1.625 1.052312925170068
1.875 1.0976598639455781
2.125 1.0665632653061226
2.375 1.049025850340136
2.625 1.065608163265306
2.875 1.025613605442177
3.125 1.0173061224489797
3.375 1.025034013605442
3.625 1.0265006802721088
3.875 1.0345034013605443
4.125 1.0454557823129251
4.375 1.0358857142857143
4.625 1.0234095238095238
4.875 0.9918448979591836
5.125 0.9987047619047619
5.375 0.976487074829932
5.625 0.991482993197279
5.875 0.9966639455782313
6.125 1.0000625850340137
6.375 1.0050965986394558
6.625 0.9719074829931973
6.875 0.9690829931972789
7.125 0.9439700680272108
7.375 0.9138312925170068
7.625 0.9694775510204081
7.875 1.0074530612244899
8.125 1.0194149659863945
8.375 1.0032517006802721
8.625 0.9579700680272109
8.875 0.9519265306122449
9.125 0.9190013605442177
9.375 0.9153278911564626
9.625 0.9357931972789115
9.875 0.9178557823129252
10.125 0.9010666666666667
10.375 0.8962748299319728
10.625 0.8977551020408163
10.875 0.9024136054421769
11.125 0.9108353741496599
11.375 0.9241387755102041
11.625 0.9089850340136054
11.875 0.9567455782312925
12.125 0.9561251700680272
12.375 0.9757251700680272
12.625 0.9976272108843537
12.875 1.0123210884353742
13.125 0.9946585034013605
13.375 1.0520952380952382
13.625 1.06818231292517
13.875 1.1057142857142856
14.125 1.0895455782312926
14.375 1.046087074829932
14.625 1.0544244897959183
14.875 1.0076244897959183
15.125 0.9785605442176871
15.375 1.008073469387755
15.625 1.0056707482993197
15.875 1.0166585034013604
16.125 1.0745496598639457
16.375 1.029695238095238
16.625 1.0336326530612245
16.875 1.0112054421768708
17.125 0.9901142857142857
17.375 1.0242993197278911
17.625 1.0042448979591836
17.875 0.9836136054421769
18.125 0.9868897959183673
18.375 0.9958149659863945
18.625 1.0080408163265306
18.875 1.0015945578231293
19.125 1.03181768707483
19.375 1.0434802721088436
19.625 1.0575673469387754
19.875 1.0500244897959183
20.125 1.0689061224489795
20.375 1.0632353741496599
20.625 1.0365333333333333
20.875 1.001455782312925
21.125 0.957774149659864
21.375 0.9871646258503401
21.625 1.0060054421768707
21.875 1.0845578231292516
22.125 1.0691619047619048
22.375 1.1202340136054423
22.625 1.0893795918367346
22.875 1.042443537414966
23.125 0.9767945578231293
23.375 0.9891646258503402
23.625 0.992821768707483
23.875 1.0224054421768707
24.125 0.9697414965986395
24.375 0.9860925170068027
24.625 0.9777360544217687
24.875 0.9646367346938776
