# k  S_s(k)
0.0 68.44999999996742
0.07853981633974483 0.34232521891183393
0.15707963267948966 0.4604507083350334
0.23561944901923448 0.4444764196122388
0.3141592653589793 0.4980083290728512
0.39269908169872414 0.3477989580776303
0.47123889803846897 0.28525442625865943
0.5497787143782138 0.27852788314541344
0.6283185307179586 0.1157379603772895
0.7068583470577035 0.4701500500123932
0.7853981633974483 0.6650387572359184
0.8639379797371931 1.541682948413323
0.9424777960769379 1.8650724403000272
1.0210176124166828 1.0143181996845423
1.0995574287564276 1.262207303993619
1.1780972450961724 1.4460582411614213
1.2566370614359172 2.22303715821533
1.335176877775662 0.9034362500742422
1.413716694115407 0.8832979969695222
1.4922565104551517 1.9633972392486037
1.5707963267948966 0.603607903982574
1.6493361431346414 1.0276060193152459
1.7278759594743862 0.9930775595519485
1.806415775814131 0.8287753980737979
1.8849555921538759 0.6213787805554283
1.9634954084936207 1.104654330568429
2.0420352248333655 0.8123198538092155
2.1205750411731104 0.7795403120655325
2.199114857512855 1.0794515884307918
2.2776546738526 0.6585940709140147
2.356194490192345 0.760013429776529
2.4347343065320897 0.6271728150341486
2.5132741228718345 0.8954261935492127
2.5918139392115793 0.6491221250780715
2.670353755551324 1.264761957540614
2.748893571891069 0.8557235031846372
2.827433388230814 0.9819485635059955
2.9059732045705586 0.9445137369815015
2.9845130209103035 1.1232234583624934
3.0630528372500483 0.8525946754696858
3.141592653589793 0.8391165024222679
3.220132469929538 0.8816281370216792
3.2986722862692828 1.343584234547144
3.3772121026090276 0.9196706370088491
3.4557519189487724 0.8641547304131583
3.5342917352885173 0.8556527917067386
3.612831551628262 0.9405404649883353
3.691371367968007 1.0033656127882358
3.7699111843077517 1.1248392598567354
3.8484510006474966 0.9991780718662732
3.9269908169872414 1.0756722939225793
4.005530633326986 1.0449550938102512
4.084070449666731 0.9404121107233232
4.162610266006476 1.0446569877620075
4.241150082346221 1.215332677835648
4.319689898685965 1.012386937575314
4.39822971502571 0.8893833348279473
4.476769531365456 1.175893252377308
4.5553093477052 0.916336803731945
4.633849164044944 0.8678427345615988
4.71238898038469 0.8679265580829905
4.790928796724435 1.0595435937162623
4.869468613064179 1.0038678619452783
4.948008429403924 1.155930013436263
5.026548245743669 1.0380857119514604
5.105088062083414 0.9943338142800626
5.183627878423159 0.8684463979391807
5.262167694762903 0.9847231077203068
5.340707511102648 1.1272725122156515
5.419247327442394 0.7872341258171373
5.497787143782138 0.9613626331133862
5.576326960121882 0.9213682127787935
5.654866776461628 0.8655600890897186
5.733406592801373 0.9662749937326186
5.811946409141117 1.096102726287573
5.890486225480862 0.9201436588702587
5.969026041820607 1.0949257510713872
6.047565858160352 0.9432744399224412
6.126105674500097 1.034363141737862
6.204645490839841 1.284434931807021
6.283185307179586 1.0642976434981166
6.3617251235193315 0.8602547489855928
6.440264939859076 0.9750594552693848
6.51880475619882 1.1665461089263482
6.5973445725385655 1.026526835069982
6.675884388878311 1.0561510229499873
6.754424205218055 0.9482881247197672
6.8329640215578 0.9674436735287911
6.911503837897545 0.946373670149945
6.99004365423729 0.9633901462486384
7.0685834705770345 1.2279360823561263
7.147123286916779 0.9888500022340148
7.225663103256524 0.9005878723147509
7.304202919596269 1.0615874344232248
7.382742735936014 0.9374361042974689
7.461282552275758 0.9583309722747649
7.5398223686155035 1.1436749087209939
7.618362184955249 1.0081241913933388
7.696902001294993 1.0606523628252607
7.7754418176347375 1.1259832416966604
