0.1 0.9233461538461538
0.30000000000000004 0.9197136752136752
0.5 0.9292222222222222
0.7000000000000001 0.9111965811965812
0.9 0.9192051282051282
1.1 0.8949572649572649
1.3 0.861542735042735
1.5 0.9132222222222223
1.7000000000000002 0.9261538461538461
1.9000000000000001 0.9071196581196581
2.1 0.9281239316239316
2.3000000000000003 0.928965811965812
2.5 0.9078376068376068
2.7 0.8722136752136752
2.9000000000000004 0.8880128205128205
3.1 0.9143119658119658
3.3000000000000003 0.9014615384615384
3.5 0.926491452991453
3.7 0.9588846153846153
3.9000000000000004 0.9510641025641026
4.1000000000000005 0.9419358974358975
4.3 0.9352905982905982
4.5 0.9099145299145299
4.7 0.9630512820512821
4.9 0.9476837606837607
5.1000000000000005 0.9335769230769231
5.300000000000001 0.9716153846153847
5.5 1.0497350427350427
5.7 1.0198888888888888
5.9 1.0117393162393162
6.1000000000000005 1.0110598290598292
6.300000000000001 1.0053290598290598
6.5 1.0245384615384616
6.7 1.0209273504273504
6.9 1.0273803418803418
7.1000000000000005 1.050811965811966
7.300000000000001 1.0510897435897435
7.5 1.0673205128205128
7.7 1.0558162393162394
7.9 1.0466923076923076
8.1 1.0698290598290598
8.3 1.0447051282051283
8.5 1.0466324786324785
8.700000000000001 1.040380341880342
8.9 1.0284871794871795
9.1 1.081051282051282
9.3 1.0957948717948718
9.5 1.0447905982905983
9.700000000000001 0.9856581196581197
9.9 1.0065213675213676
10.100000000000001 1.0067478632478633
10.3 1.0253547008547008
10.5 1.07241452991453
10.700000000000001 1.0633974358974358
10.9 1.0426923076923076
11.100000000000001 1.0557564102564103
11.3 1.091042735042735
11.5 1.068525641025641
11.700000000000001 1.0288803418803418
11.9 1.0240811965811967
12.100000000000001 1.0163247863247864
12.3 1.0238931623931624
12.5 0.9682692307692308
12.700000000000001 0.9926538461538461
12.9 0.9689273504273505
13.100000000000001 0.9742564102564103
13.3 1.0233717948717949
13.5 1.0580769230769231
13.700000000000001 1.0729529914529914
13.9 1.0339957264957265
14.100000000000001 1.0196538461538462
14.3 1.0027692307692309
14.5 0.9997393162393162
14.700000000000001 0.950974358974359
14.9 1.00558547008547
15.100000000000001 1.0472179487179487
15.3 1.0542991452991453
15.5 1.0594188034188035
15.700000000000001 1.0531025641025642
15.9 1.0241410256410257
16.1 0.9739358974358975
16.3 0.9774529914529915
16.5 0.9912692307692308
16.7 0.9121239316239316
16.900000000000002 0.8934401709401709
17.1 0.9373205128205129
17.3 0.9936880341880342
17.5 1.0118547008547008
17.7 1.0017692307692307
17.900000000000002 1.0117094017094017
18.1 1.0552264957264956
18.3 1.0666282051282052
18.5 1.0487136752136752
18.7 1.0863504273504274
18.900000000000002 1.149068376068376
19.1 1.081482905982906
19.3 1.0437478632478632
19.5 1.0064102564102564
19.700000000000003 1.0410128205128204
19.900000000000002 1.115982905982906
