# k  S_n(k)
0.0 80.0
0.07853981633974483 0.46760005378894015
0.15707963267948966 0.4895251480323055
0.23561944901923448 0.1865872938709357
0.3141592653589793 0.2926137204753567
0.39269908169872414 0.09191234625276215
0.47123889803846897 0.41161962293603943
0.5497787143782138 0.4544714230175738
0.6283185307179586 0.1638426678877172
0.7068583470577035 0.4584910881921823
0.7853981633974483 0.23740317530277327
0.8639379797371931 1.896060163059665
0.9424777960769379 1.6402242255480104
1.0210176124166828 0.5706214260380558
1.0995574287564276 2.306846349881438
1.1780972450961724 1.3478509164955046
1.2566370614359172 1.6170890728866334
1.335176877775662 0.57522158071794
1.413716694115407 0.7892701321551197
1.4922565104551517 1.408188643944616
1.5707963267948966 0.4613251280632729
1.6493361431346414 0.7912583971041554
1.7278759594743862 1.0984775824441522
1.806415775814131 1.0193445398844105
1.8849555921538759 0.8670600719445712
1.9634954084936207 1.4842182430455628
2.0420352248333655 0.6784676621692686
2.1205750411731104 0.968989695768062
2.199114857512855 0.8973109369767901
2.2776546738526 1.1299665831984564
2.356194490192345 0.7805543591292439
2.4347343065320897 0.612756924461256
2.5132741228718345 0.8918992769394394
2.5918139392115793 1.0867975627553388
2.670353755551324 1.1071588942996542
2.748893571891069 0.8308256496255217
2.827433388230814 1.0149575216823663
2.9059732045705586 0.792218326691425
2.9845130209103035 1.2604072325318119
3.0630528372500483 1.2062794927889378
3.141592653589793 0.9237704865127272
3.220132469929538 1.026284302481624
3.2986722862692828 1.063995473671649
3.3772121026090276 0.8638220829521035
3.4557519189487724 0.8782452303292582
3.5342917352885173 0.8904521748134852
3.612831551628262 1.042639775057527
3.691371367968007 0.7334688136228072
3.7699111843077517 0.9464728032738887
3.8484510006474966 0.8839641211445171
3.9269908169872414 1.1005645375631958
4.005530633326986 0.9693698944302821
4.084070449666731 0.8942677977503978
4.162610266006476 0.8130075595477528
4.241150082346221 0.974410511802071
4.319689898685965 0.9607652291236759
4.39822971502571 0.9783229390092955
4.476769531365456 0.9809717690589043
4.5553093477052 0.7849465210194063
4.633849164044944 1.1260402578227036
4.71238898038469 0.8990052809529446
4.790928796724435 1.1512848425826676
4.869468613064179 1.2166939136064954
4.948008429403924 1.3542859499827546
5.026548245743669 0.9035026329419259
5.105088062083414 0.9011780652677954
5.183627878423159 1.0464809851046657
5.262167694762903 1.13716322215569
5.340707511102648 1.273782686676553
5.419247327442394 0.9845658419317518
5.497787143782138 1.0557156223569222
5.576326960121882 0.8254807103267527
5.654866776461628 0.8869422781669238
5.733406592801373 0.8837449012093668
5.811946409141117 0.8856570016469204
5.890486225480862 1.0473933842125622
5.969026041820607 0.8233724971790229
6.047565858160352 0.9471208366837363
6.126105674500097 0.8365270711771396
6.204645490839841 1.222028100521299
6.283185307179586 0.8278247359044586
6.3617251235193315 1.1174598009042116
6.440264939859076 1.2064712864781821
6.51880475619882 0.909021774839682
6.5973445725385655 1.121515697304427
6.675884388878311 1.1155871136148106
6.754424205218055 0.8546223735087038
6.8329640215578 1.0174133293191858
6.911503837897545 1.0087203360892785
6.99004365423729 0.856035558257687
7.0685834705770345 0.9661953223880919
7.147123286916779 0.9099662518987321
7.225663103256524 0.9745370682393589
7.304202919596269 1.0378549561194184
7.382742735936014 1.0767338334901033
7.461282552275758 1.0571797505064782
7.5398223686155035 0.8628360877477875
7.618362184955249 0.8992446004035514
7.696902001294993 0.8343868642378465
7.7754418176347375 0.9197542326199395
