0.1 0.9272307692307692
0.30000000000000004 0.9204615384615384
0.5 0.9304188034188035
0.7000000000000001 0.9065
0.9 0.9065641025641026
1.1 0.8953931623931624
1.3 0.8665512820512821
1.5 0.9203675213675213
1.7000000000000002 0.9238461538461539
1.9000000000000001 0.9009871794871794
2.1 0.9304444444444444
2.3000000000000003 0.9315128205128205
2.5 0.903517094017094
2.7 0.8821623931623932
2.9000000000000004 0.8893675213675214
3.1 0.9116666666666666
3.3000000000000003 0.9009102564102565
3.5 0.9250512820512821
3.7 0.9586324786324786
3.9000000000000004 0.9538290598290599
4.1000000000000005 0.9459957264957265
4.3 0.9293547008547008
4.5 0.9171752136752137
4.7 0.95791452991453
4.9 0.949559829059829
5.1000000000000005 0.9361025641025641
5.300000000000001 0.9826666666666667
5.5 1.0440042735042736
5.7 1.025111111111111
5.9 1.0081965811965812
6.1000000000000005 1.0150598290598292
6.300000000000001 1.0142435897435897
6.5 1.0209017094017094
6.7 1.0143162393162393
6.9 1.0231153846153846
7.1000000000000005 1.0427094017094016
7.300000000000001 1.0582564102564103
7.5 1.0526538461538462
7.7 1.0553760683760685
7.9 1.0551752136752137
8.1 1.0642692307692307
8.3 1.0462393162393162
8.5 1.0391880341880342
8.700000000000001 1.0230042735042735
8.9 1.0318589743589743
9.1 1.0732948717948718
9.3 1.0812350427350428
9.5 1.0544273504273505
9.700000000000001 0.9973418803418803
9.9 1.006068376068376
10.100000000000001 1.0170299145299144
10.3 1.040602564102564
10.5 1.0786111111111112
10.700000000000001 1.0461837606837607
10.9 1.0387136752136752
11.100000000000001 1.0524529914529914
11.3 1.0807564102564102
11.5 1.072508547008547
11.700000000000001 1.0294615384615384
11.9 1.0248076923076923
12.100000000000001 1.0222179487179488
12.3 1.0218247863247862
12.5 0.9764786324786324
12.700000000000001 0.9965555555555555
12.9 0.965551282051282
13.100000000000001 0.979431623931624
13.3 1.036102564102564
13.5 1.0518888888888889
13.700000000000001 1.062423076923077
13.9 1.0421196581196581
14.100000000000001 1.0203034188034188
14.3 1.0020384615384614
14.5 1.002371794871795
14.700000000000001 0.9456452991452992
14.9 1.0138461538461538
15.100000000000001 1.0523205128205129
15.3 1.0566495726495726
15.5 1.0513717948717949
15.700000000000001 1.0559444444444444
15.9 1.0270982905982906
16.1 0.9749444444444444
16.3 0.977525641025641
16.5 0.9842179487179488
16.7 0.9133760683760683
16.900000000000002 0.9011794871794871
17.1 0.9387521367521368
17.3 0.9839444444444444
17.5 1.0186153846153847
17.7 0.9927649572649573
17.900000000000002 1.0158547008547008
18.1 1.0516025641025641
18.3 1.0604102564102564
18.5 1.0512094017094018
18.7 1.0841239316239317
18.900000000000002 1.1544700854700856
19.1 1.0905470085470086
19.3 1.0422777777777779
19.5 0.9986025641025641
19.700000000000003 1.0391923076923077
19.900000000000002 1.1128461538461538
