block_size         error    difference      rel_diff
-------------------------------------------------------
       2  3.716964e-08  1.538565e-08  4.139306e-01
       4  5.255529e-08  2.174217e-08  4.137009e-01
       8  7.429746e-08  3.070192e-08  4.132297e-01
      16  1.049994e-07  4.329014e-08  4.122894e-01
      32  1.482895e-07  6.086794e-08  4.104669e-01
      64  2.091575e-07  8.512922e-08  4.070102e-01
     128  2.942867e-07  1.178076e-07  4.003159e-01
     256  4.120943e-07  1.596806e-07  3.874856e-01
     512  5.717749e-07  2.094076e-07  3.662414e-01
    1024  7.811826e-07  2.590517e-07  3.316148e-01
    2048  1.040234e-06  2.786843e-07  2.679054e-01
    4096  1.318919e-06  2.537811e-07  1.924161e-01
    8192  1.572700e-06  2.225192e-07  1.414887e-01
   16384  1.795219e-06  1.156635e-07  6.442865e-02
   32768  1.910883e-06  -1.249834e-08  6.540609e-03
   65536  1.898384e-06  -2.691002e-07  1.417522e-01
  131072  1.629284e-06           ---           ---
