# block  <P^2>
1 0.0
2 0.026568986568986513
3 0.04593432098765436
4 0.03225679012345649
5 0.03612987654321006
6 0.03845827160493861
7 0.03270123456790078
8 0.03261283950617273
9 0.030854814814814623
10 0.029717530864197244
11 0.030919012345678887
12 0.027075964853742394
13 0.025278518518518398
14 0.023618765432098465
15 0.025270617283950473
16 0.030296296296296106
17 0.02899506172839477
18 0.030705767495890712
19 0.033063703703703505
20 0.0385906172839504
21 0.03476691358024705
22 0.03190469135802441
23 0.040042962962963065
24 0.030315061728394946
25 0.03551604938271588
26 0.025399999999999805
27 0.03214572597288636
28 0.03441777777777764
29 0.025671111111110895
30 0.026904197530863882
31 0.03801728395061739
32 0.0334439506172841
33 0.04164197530864208
34 0.03387209876543214
35 0.030808092042659864
36 0.02335393002059665
37 0.026643950617283946
38 0.033138765432098795
39 0.03375111111111124
40 0.02365333333333309
41 0.031801875355649406
42 0.0405812345679012
43 0.03616000000000013
44 0.030076001927853677
45 0.03306172839506169
46 0.036664691358024595
47 0.02520987654320963
48 0.02997037037037017
49 0.018284924951591352
50 0.024776790123456686
51 0.04247358024691395
52 0.027424691358024594
53 0.039837530864197376
54 0.025320987654320923
55 0.023993580246913383
56 0.03261629629629596
57 0.025168411835078335
58 0.022596049382715973
59 0.02074814814814809
60 0.027282840616173903
61 0.029617777777777517
62 0.03599906266572952
63 0.03085481481481458
64 0.034663703703703606
65 0.03352252685585986
66 0.017880102324546836
67 0.02926024691358001
68 0.027144659689749627
69 0.03227061728395033
70 0.02494666666666661
71 0.03018190373589907
72 0.04474944079882343
73 0.026120441429083152
74 0.029259259259259183
75 0.032617777777777586
76 0.036221234567901286
77 0.03344345679012349
78 0.025781234567901032
79 0.0278582716049382
80 0.022639429553009557
81 0.025913580246913252
82 0.024883950617283816
83 0.02387572757943112
84 0.03336219336219332
85 0.030921481481481203
86 0.030812839506172675
87 0.03745629629629623
88 0.03921155723624829
89 0.042706172839506
90 0.02848345679012331
91 0.04640888888888909
92 0.02900987654320975
93 0.029111111111110997
94 0.02943120809520265
95 0.02300543209876547
96 0.024935058515305236
97 0.02983111111111099
98 0.04061975308641995
99 0.040258271604938216
100 0.027809382716049293
101 0.03377876543209881
102 0.026975000308333524
103 0.028132839506172576
104 0.02795654320987645
105 0.03508691358024671
106 0.037988148148148104
107 0.022834567901234337
108 0.03833561957018752
109 0.029939259259259075
110 0.035706666666666345
111 0.03291209876543183
112 0.04096543209876587
113 0.042180162794725175
114 0.024605432098765374
115 0.02616889677435236
116 0.031472592592592455
117 0.029156543209876547
118 0.035052345679012345
119 0.04725135802469139
120 0.04159950617283937
121 0.02991802469135774
122 0.027847407407407303
123 0.02597037037037034
124 0.03372543209876535
125 0.04061889049543376
126 0.022063209876543224
127 0.028769876543209644
128 0.023166013651708745
129 0.028760987654320745
130 0.03087950617283945
131 0.03473333333333355
132 0.023018271604938096
133 0.023716049382715997
134 0.022485432098765225
135 0.03589200922534233
136 0.03394814814814794
137 0.03005530864197518
138 0.027293333333333177
139 0.041961961961961856
140 0.04359936359936438
141 0.03088790123456775
142 0.02724007958575844
143 0.03819555555555563
144 0.035485925925925865
145 0.02436296296296272
146 0.0330479012345678
147 0.02462158885672566
148 0.019370370370370413
149 0.04023977450364989
150 0.026439239772572867
151 0.0299202906610313
152 0.020913580246913453
153 0.024122469135802304
154 0.041467146158504185
155 0.02899308641975298
156 0.026149536417273925
157 0.03651753086419749
158 0.02408246913580234
159 0.026736790123456474
160 0.03828272717161622
161 0.03732296296296322
162 0.03112934624577977
163 0.029649382716049173
164 0.030479012345678742
165 0.05634370370370384
166 0.04418469135802504
167 0.026484938271604922
168 0.028362469135802395
169 0.03307703703703698
170 0.030207901234567874
171 0.02502617283950601
172 0.03472790123456777
173 0.039632592592592546
174 0.02258258258258229
175 0.025625185185185
176 0.03316098765432095
177 0.028315714250511156
178 0.03333111333111336
179 0.034737283950617065
180 0.023757530864197345
181 0.024261234567901024
182 0.023785679012345434
183 0.030112592592592403
184 0.038679012345678845
185 0.03487950617283928
186 0.0313056790123455
187 0.023425185185184782
188 0.023246456332875722
189 0.0386888888888891
190 0.03454320987654307
191 0.03979703703703716
192 0.028359295025961347
193 0.034139259259259286
194 0.040638024691358306
195 0.019109629629629674
196 0.03334890446001534
197 0.025404280984207647
198 0.029623703703703482
199 0.026229192155117983
200 0.02819802469135782
201 0.03500246913580229
202 0.0363762962962965
203 0.029288395061728437
204 0.02671196287680156
205 0.02712740740740735
206 0.030558518518518308
207 0.030691851851851693
208 0.029364938271604624
