# block  <|P|>
1 0.0
2 0.1282717282717293
3 0.17757777777777928
4 0.14302222222222324
5 0.15824444444444463
6 0.16515555555555592
7 0.1463555555555575
8 0.15237777777777806
9 0.1473111111111121
10 0.13737777777777926
11 0.14220000000000085
12 0.13867200533867277
13 0.1258444444444457
14 0.12595555555555654
15 0.12135555555555638
16 0.12733333333333421
17 0.14717777777777924
18 0.14723612501390315
19 0.1379555555555568
20 0.15022222222222315
21 0.14317777777777976
22 0.15326666666666822
23 0.15548888888888923
24 0.13808888888889048
25 0.15466666666666745
26 0.12953333333333414
27 0.14227560894227637
28 0.1583555555555556
29 0.1284444444444453
30 0.13255555555555648
31 0.16184444444444454
32 0.14768888888888823
33 0.16135555555555703
34 0.1489111111111133
35 0.13969525080636186
36 0.1263403263403276
37 0.13244444444444575
38 0.15004444444444515
39 0.14813333333333528
40 0.12217777777777938
41 0.15083500334001437
42 0.1687333333333351
43 0.14120000000000046
44 0.13571349126904786
45 0.1334666666666674
46 0.1578222222222228
47 0.12866666666666676
48 0.13968888888888983
49 0.10340770340770486
50 0.12948888888889015
51 0.15846666666666806
52 0.12486666666666749
53 0.1718888888888894
54 0.12455555555555639
55 0.12406666666666664
56 0.14697777777777785
57 0.12589632589632727
58 0.11775555555555636
59 0.11571111111111146
60 0.130291930291931
61 0.1292000000000004
62 0.16048396048395933
63 0.15335555555555727
64 0.15924444444444522
65 0.1520035520035531
66 0.10830830830830838
67 0.1404000000000016
68 0.13404586951681172
69 0.13888888888889095
70 0.12957777777777854
71 0.13781344032096404
72 0.16979201423645923
73 0.13166499833166645
74 0.1386666666666683
75 0.1406888888888897
76 0.1497777777777787
77 0.15375555555555653
78 0.1304666666666681
79 0.14042222222222264
80 0.12325658992325841
81 0.12482222222222399
82 0.12848888888889026
83 0.12683794906017212
84 0.15615495615495642
85 0.14648888888889045
86 0.13808888888888993
87 0.15926666666666808
88 0.16287398509620793
89 0.17346666666666818
90 0.13224444444444572
91 0.17351111111111256
92 0.13268888888888988
93 0.13915555555555661
94 0.12173235359608146
95 0.11733333333333411
96 0.11680569458347355
97 0.13964444444444504
98 0.1707777777777785
99 0.16091111111111103
100 0.13840000000000044
101 0.14071111111111229
102 0.12927072927073105
103 0.12384444444444499
104 0.131333333333334
105 0.14855555555555602
106 0.16324444444444547
107 0.11857777777777867
108 0.1629629629629634
109 0.13504444444444547
110 0.15502222222222403
111 0.14882222222222355
112 0.15962222222222328
113 0.1703406813627258
114 0.12093333333333402
115 0.1280993568418734
116 0.13844444444444604
117 0.13902222222222266
118 0.15482222222222272
119 0.18706666666666724
120 0.16615555555555636
121 0.14155555555555674
122 0.13722222222222294
123 0.13137777777777873
124 0.1546666666666672
125 0.16854632410187928
126 0.12008888888888934
127 0.13117777777777864
128 0.12226657795520239
129 0.13033333333333463
130 0.14464444444444544
131 0.15642222222222296
132 0.12333333333333399
133 0.12797777777777883
134 0.11548888888889015
135 0.15198135198135326
136 0.14744444444444602
137 0.132400000000001
138 0.13531111111111177
139 0.17430764097430906
140 0.17442557442557538
141 0.13831111111111188
142 0.13231008786564433
143 0.1601777777777795
144 0.16228888888888926
145 0.11984444444444445
146 0.14902222222222322
147 0.1114896459585844
148 0.10295555555555645
149 0.16160407665891272
150 0.12842712842712928
151 0.14414414414414434
152 0.11102222222222366
153 0.1288888888888898
154 0.16098320542765157
155 0.13842222222222314
156 0.13018741633199596
157 0.15813333333333407
158 0.11362222222222339
159 0.13288888888889003
160 0.14977199421643986
161 0.15882222222222228
162 0.13668219117321007
163 0.13151111111111147
164 0.1464000000000002
165 0.17813333333333484
166 0.1749777777777795
167 0.12520000000000062
168 0.13564444444444534
169 0.15104444444444534
170 0.14046666666666777
171 0.12195555555555601
172 0.14600000000000096
173 0.16137777777777865
174 0.11540429318207227
175 0.1329111111111125
176 0.13366666666666746
177 0.14681747615879442
178 0.1508491508491512
179 0.15135555555555635
180 0.11837777777777912
181 0.11948888888889016
182 0.125333333333334
183 0.13826666666666856
184 0.16504444444444524
185 0.16268888888888974
186 0.14942222222222257
187 0.12324444444444545
188 0.11044377711044526
189 0.1475333333333348
190 0.14937777777777902
191 0.16317777777777825
192 0.12705072705072873
193 0.1464444444444449
194 0.1674666666666675
195 0.10668888888888893
196 0.14592370147925735
197 0.13266866068461447
198 0.1440444444444455
199 0.12423534645756976
200 0.13708888888888973
201 0.14920000000000158
202 0.15164444444444553
203 0.1329555555555563
204 0.12646504929655547
205 0.13233333333333389
206 0.14042222222222323
207 0.15077777777777976
208 0.1405777777777779
