block_size         error    difference      rel_diff
-------------------------------------------------------
       2  4.213699e-08  1.741784e-08  4.133623e-01
       4  5.955483e-08  2.457718e-08  4.126816e-01
       8  8.413201e-08  3.460315e-08  4.112958e-01
      16  1.187352e-07  4.851478e-08  4.085966e-01
      32  1.672499e-07  6.746772e-08  4.033946e-01
      64  2.347177e-07  9.245208e-08  3.938863e-01
     128  3.271697e-07  1.233679e-07  3.770762e-01
     256  4.505377e-07  1.571657e-07  3.488402e-01
     512  6.077033e-07  1.823328e-07  3.000359e-01
    1024  7.900362e-07  1.880211e-07  2.379905e-01
    2048  9.780573e-07  1.428340e-07  1.460384e-01
    4096  1.120891e-06  9.152987e-08  8.165812e-02
    8192  1.212421e-06  2.012099e-08  1.659571e-02
   16384  1.232542e-06  2.419716e-08  1.963191e-02
   32768  1.256739e-06  3.634731e-08  2.892192e-02
   65536  1.293087e-06  -1.088404e-07  8.417101e-02
  131072  1.184246e-06           ---           ---
