0.125 0.856043537414966
0.375 0.8659918367346939
0.625 0.8625904761904762
0.875 0.8837414965986394
1.125 0.8950829931972789
1.375 0.9271020408163265
1.625 1.0047836734693878
1.875 1.0776380952380953
2.125 1.037695238095238
2.375 1.0384680272108844
2.625 1.0459238095238095
2.875 0.9995156462585034
3.125 0.9776462585034014
3.375 0.9757850340136054
3.625 0.9484761904761905
3.875 0.9378857142857143
4.125 0.9762530612244898
4.375 1.0440272108843538
4.625 1.0635238095238095
4.875 1.0335238095238095
5.125 1.0358775510204081
5.375 1.0063401360544217
5.625 1.0045115646258505
5.875 0.9794938775510204
6.125 1.0180734693877551
6.375 1.006152380952381
6.625 1.0350748299319728
6.875 1.0537142857142856
7.125 1.0013632653061224
7.375 0.999730612244898
7.625 0.9801687074829932
7.875 0.9552
8.125 0.9757414965986394
8.375 1.0045061224489795
8.625 1.0078857142857143
8.875 0.9963836734693877
9.125 0.9359374149659864
9.375 0.9399891156462585
9.625 0.9252680272108843
9.875 0.9134122448979591
10.125 0.9241551020408163
10.375 0.9535020408163265
10.625 0.9436625850340136
10.875 0.9261197278911565
11.125 0.8981768707482993
11.375 0.9233877551020409
11.625 0.9422965986394558
11.875 0.9658993197278911
12.125 0.9931183673469388
12.375 1.0511102040816327
12.625 1.041278911564626
12.875 1.0665768707482992
13.125 1.0470965986394558
13.375 1.083891156462585
13.625 1.049855782312925
13.875 1.041526530612245
14.125 1.0217632653061224
14.375 1.0275020408163265
14.625 1.0540081632653062
14.875 1.0835102040816327
15.125 1.0043891156462585
15.375 1.0317578231292517
15.625 1.0151863945578232
15.875 0.9589605442176871
16.125 0.9365768707482993
16.375 0.9466040816326531
16.625 0.9714394557823129
16.875 1.0219918367346938
17.125 1.0113496598639455
17.375 0.9929877551020408
17.625 0.9736380952380952
17.875 1.003082993197279
18.125 1.0340027210884353
18.375 1.0621360544217686
18.625 1.0845360544217688
18.875 1.0785578231292516
19.125 1.0479374149659864
19.375 1.063061224489796
19.625 1.017717006802721
19.875 1.0104408163265306
20.125 0.9954204081632653
20.375 0.9731156462585034
20.625 0.9929251700680272
20.875 0.9578993197278911
21.125 0.9875482993197279
21.375 1.0233795918367348
21.625 1.0521931972789116
21.875 1.057804081632653
22.125 1.0330421768707483
22.375 1.067352380952381
22.625 1.0526149659863946
22.875 1.0582122448979592
23.125 1.0981115646258504
23.375 1.0303265306122449
23.625 1.0060761904761906
23.875 1.023134693877551
24.125 1.0248326530612244
24.375 1.035047619047619
24.625 1.013687074829932
24.875 0.9859619047619048
