# P_value  count
-1.0 0.0
-0.9333333333333333 0.0
-0.8666666666666667 0.0
-0.8 3.0
-0.7333333333333333 8.0
-0.6666666666666666 23.0
-0.6 162.0
-0.5333333333333333 423.0
-0.4666666666666667 1143.0
-0.4 2744.0
-0.3333333333333333 5536.0
-0.26666666666666666 9806.0
-0.2 15125.0
-0.13333333333333333 20955.0
-0.06666666666666667 24629.0
0.0 27140.0
0.06666666666666667 25173.0
0.13333333333333333 20868.0
0.2 14784.0
0.26666666666666666 9681.0
0.3333333333333333 5516.0
0.4 2700.0
0.4666666666666667 1175.0
0.5333333333333333 356.0
0.6 148.0
0.6666666666666666 43.0
0.7333333333333333 6.0
0.8 3.0
0.8666666666666667 1.0
0.9333333333333333 0.0
1.0 0.0
