# k values and corresponding S(k) [pure estimator]
0.0 5.150622116470446
0.20943951023931953 0.9830270386677289
0.41887902047863906 0.9804986411055664
0.6283185307179586 0.9777719332524041
0.8377580409572781 0.9925446351857626
1.0471975511965976 0.9752508278135165
1.2566370614359172 0.9708407770551559
1.4660765716752366 0.9886098848009858
1.6755160819145563 0.9888759537724257
1.8849555921538759 0.9938587100958247
2.0943951023931953 0.985546792155231
2.3038346126325147 0.9938409239087553
2.5132741228718345 0.9936856202285211
2.722713633111154 0.9837671250901355
2.9321531433504733 0.9808044979177226
3.141592653589793 0.9942457026393628
3.3510321638291125 0.9820945059731307
3.560471674068432 0.9830905855916032
3.7699111843077517 0.9821185778494856
3.979350694547071 0.9814367477311086
4.1887902047863905 0.9918717119803854
4.39822971502571 0.9906175417555914
4.607669225265029 0.9893852100948305
4.817108735504349 0.9754620974787732
5.026548245743669 0.9789016486805652
5.235987755982988 0.9811894248839454
5.445427266222308 0.9834014687417746
5.654866776461628 0.9850091048710881
5.864306286700947 0.9839479880583272
6.073745796940266 0.9842808307430553
6.283185307179586 0.9863591441385907
6.492624817418905 0.9838756268853852
6.702064327658225 0.9869811320309452
6.911503837897545 0.9819305541541232
7.120943348136864 0.9807565734811406
7.330382858376184 0.9803118509699419
7.5398223686155035 0.985052529198401
7.749261878854822 0.9880792058082525
7.958701389094142 0.9825585569133909
8.168140899333462 0.9860091481919782
8.377580409572781 0.9883712069801601
8.5870199198121 0.971317509961956
8.79645943005142 0.986490756036956
9.00589894029074 0.980743767448797
9.215338450530059 0.9833185334853236
9.42477796076938 0.9895329793845756
9.634217471008698 0.9814317400687056
9.843656981248017 0.9903147446572818
10.053096491487338 0.9788624526923458
10.262536001726657 0.9864231486116665
10.471975511965976 0.982589607442817
10.681415022205297 0.9882219205273485
10.890854532444616 0.9721229299423871
11.100294042683934 0.9890907093902851
11.309733552923255 0.998367945875
11.519173063162574 0.9862133415072992
11.728612573401893 0.9818178999771797
11.938052083641214 0.9856598269317848
12.147491593880533 0.9697974958337906
12.356931104119852 0.9770761549819671
12.566370614359172 0.9937907834689462
12.775810124598491 0.9853198123283815
12.98524963483781 0.9780797931832518
13.194689145077131 0.9849477983759699
13.40412865531645 0.9896201502931643
13.613568165555769 0.9698370313462036
13.82300767579509 0.98123015219787
14.032447186034409 1.0017948997861483
14.241886696273728 0.9795435361789581
14.451326206513048 0.9928553605850065
14.660765716752367 0.988528177562781
14.870205226991686 0.9859681761982766
15.079644737231007 0.9861716657614048
15.289084247470326 0.9858405788788748
15.498523757709645 0.9963847378864933
