# P_value  count
-1.0 0.0
-0.96 0.0
-0.92 0.0
-0.88 0.0
-0.84 0.0
-0.8 0.0
-0.76 0.0
-0.72 0.0
-0.68 29.0
-0.64 125.0
-0.6 175.0
-0.56 365.0
-0.52 590.0
-0.48 887.0
-0.44 1627.0
-0.4 2607.0
-0.36 3605.0
-0.32 5155.0
-0.28 6787.0
-0.24 8206.0
-0.2 9983.0
-0.16 11836.0
-0.12 13319.0
-0.08 14685.0
-0.04 15351.0
0.0 16728.0
0.04 15067.0
0.08 14559.0
0.12 13288.0
0.16 11940.0
0.2 10200.0
0.24 8408.0
0.28 6497.0
0.32 4795.0
0.36 3576.0
0.4 2199.0
0.44 1472.0
0.48 912.0
0.52 469.0
0.56 331.0
0.6 99.0
0.64 12.0
0.68 32.0
0.72 0.0
0.76 0.0
0.8 0.0
0.84 0.0
0.88 0.0
0.92 0.0
0.96 0.0
1.0 0.0
