block_size         error    difference      rel_diff
-------------------------------------------------------
       2  2.776467e-08  1.149084e-08  4.138656e-01
       4  3.925551e-08  1.623602e-08  4.135986e-01
       8  5.549153e-08  2.292057e-08  4.130462e-01
      16  7.841210e-08  3.230251e-08  4.119583e-01
      32  1.107146e-07  4.538195e-08  4.099003e-01
      64  1.560966e-07  6.337930e-08  4.060262e-01
     128  2.194759e-07  8.753424e-08  3.988331e-01
     256  3.070101e-07  1.187824e-07  3.869005e-01
     512  4.257925e-07  1.555479e-07  3.653138e-01
    1024  5.813403e-07  1.967612e-07  3.384612e-01
    2048  7.781015e-07  2.357128e-07  3.029332e-01
    4096  1.013814e-06  2.800012e-07  2.761859e-01
    8192  1.293816e-06  3.413664e-07  2.638447e-01
   16384  1.635182e-06  4.351030e-07  2.660885e-01
   32768  2.070285e-06  4.893498e-07  2.363684e-01
   65536  2.559635e-06  3.622742e-07  1.415335e-01
  131072  2.921909e-06           ---           ---
