# k values and corresponding S(k) [pure estimator]
0.0 1.9883860726323652
0.12566370614359174 1.0140363902993244
0.25132741228718347 0.985588936785269
0.3769911184307752 0.9718080125873003
0.5026548245743669 0.9764625734720683
0.6283185307179586 0.9710991968444036
0.7539822368615504 0.976640566881896
0.8796459430051422 0.9678718020890454
1.0053096491487339 0.9616416786040793
1.1309733552923256 0.9738100122502009
1.2566370614359172 0.9710167484023698
1.3823007675795091 0.9732607237790629
1.5079644737231008 0.9669420539866841
1.6336281798666925 0.9650102647809274
1.7592918860102844 0.9674994259667351
1.884955592153876 0.9670101555853271
2.0106192982974678 0.9614612314262625
2.1362830044410597 0.9687890605533452
2.261946710584651 0.9783226541832337
2.387610416728243 0.9714007366702722
2.5132741228718345 0.9664399915205371
2.6389378290154264 0.9677927526057002
2.7646015351590183 0.969593022516342
2.8902652413026098 0.9726477592677472
3.0159289474462017 0.9716199565923795
3.1415926535897936 0.9675671078605399
3.267256359733385 0.9660296532146734
3.392920065876977 0.9660508802741989
3.518583772020569 0.9749150158077498
3.6442474781641603 0.9764330750736655
3.769911184307752 0.9635461503687599
3.8955748904513436 0.9598066338879062
4.0212385965949355 0.9696743857688411
4.1469023027385274 0.97583744495138
4.272566008882119 0.9684246608613596
4.39822971502571 0.9720270647919013
4.523893421169302 0.9678968940324187
4.649557127312894 0.9660035043187428
4.775220833456486 0.9698485737287984
4.900884539600078 0.9575419956530811
5.026548245743669 0.9760709766539433
5.152211951887261 0.9744266755310916
5.277875658030853 0.9731059888508976
5.403539364174445 0.9620211261308868
5.529203070318037 0.9770719047891171
5.6548667764616285 0.9717939356322765
5.7805304826052195 0.9725841299862622
5.906194188748811 0.972035023414074
6.031857894892403 0.9714085253506052
6.157521601035995 0.9656780180511492
6.283185307179587 0.9731420955010027
6.408849013323178 0.9713949299172976
6.53451271946677 0.9708711603749294
6.660176425610362 0.9669814388467266
6.785840131753954 0.9693947265653131
6.911503837897546 0.9717626297778745
7.037167544041138 0.9602289901773851
7.162831250184729 0.9726204017852583
7.288494956328321 0.9720965464301891
7.4141586624719125 0.9795665284253905
7.539822368615504 0.97332386155223
7.665486074759096 0.9682431303151744
7.791149780902687 0.9675284221073194
7.916813487046279 0.9626243793281772
8.042477193189871 0.961122181142282
8.168140899333462 0.975650481243384
8.293804605477055 0.9629025436203436
8.419468311620646 0.9737856763213112
8.545132017764239 0.9699652723203043
8.67079572390783 0.9660284449307873
8.79645943005142 0.9701257483229545
8.922123136195014 0.9642425082359317
9.047786842338605 0.9681131250918819
9.173450548482197 0.9723919524584977
9.299114254625788 0.9674802723886757
