0.15 0.1190530227176646
0.44999999999999996 0.12996205361010518
0.75 0.09579905730928351
1.05 0.006838025511858976
1.3499999999999999 0.0242267424979932
1.65 0.07165246695107397
1.95 0.095012018274144
2.25 0.17919537896402074
2.55 0.17867976488963788
2.85 0.1959102198176277
3.15 0.162295190606531
3.4499999999999997 0.12584683241047773
3.75 0.07084935629493395
4.05 0.017208131318950097
4.35 0.0002667130945016355
4.6499999999999995 -0.0006094166284683622
4.95 -0.027018991083560075
5.25 -0.07128378030752557
5.55 -0.13921429816541503
5.85 -0.11288183436527019
6.1499999999999995 -0.1474397972341403
6.45 -0.14399228064532635
6.75 -0.1544746306330243
7.05 -0.15407429434458364
7.35 -0.16032474489214427
7.6499999999999995 -0.15016053913595886
7.949999999999999 -0.1578806575986136
8.25 -0.16522297080526147
8.549999999999999 -0.16947941489033727
8.85 -0.15424590967540264
9.15 -0.1585634959705043
9.45 -0.16352788263436624
9.75 -0.13303912511322075
10.049999999999999 -0.09979614179470724
10.35 -0.11786849976969054
10.65 -0.09151153502795659
10.95 -0.07143522186816549
11.25 -0.03817199506547168
11.549999999999999 -0.07292180276635736
11.85 -0.07121736698459848
12.15 -0.044271657929611
12.45 -0.04358376628026319
12.75 0.015347656808922425
13.049999999999999 0.03968101787554321
13.35 -0.004706917678902315
13.65 -0.023203897237068186
13.95 -0.02571727278975795
14.25 0.006240346906057282
14.549999999999999 0.09493711877902614
14.85 0.06484299234190549
15.149999999999999 0.03639735475328275
15.45 0.03397831904227768
15.75 0.04585009225897706
16.05 0.04898361207093295
16.349999999999998 -0.0009357293313318017
16.65 0.019757451121416077
16.95 0.053008012312706534
17.25 0.07114159903926635
17.55 0.107060833236796
17.849999999999998 0.07902728023272707
18.15 0.12146515482064775
18.45 0.12498740618754614
18.75 0.10829051100412283
19.05 0.11713099036802867
19.349999999999998 0.10186602452836638
19.65 0.06668704798845908
19.95 0.055283256304347
20.25 0.027086361548136376
20.55 -0.005198418373316643
20.849999999999998 0.003179921225928363
21.15 0.014265618101958201
21.45 0.046073806627691394
21.75 0.020504409254320753
22.05 -0.04053838265878383
22.349999999999998 -0.0721907633475511
22.65 -0.05508712759977515
22.95 -0.1062682199419948
23.25 -0.09252704164674871
23.55 -0.08586818522670746
23.849999999999998 -0.07130561173365829
24.15 -0.09490248350041192
24.45 -0.1399685683563055
24.75 -0.1167285611832622
25.05 -0.11619958988380041
25.349999999999998 -0.11108473641637284
25.65 -0.1060943937193242
25.95 -0.057168417554890986
26.25 -0.047692123873318844
26.55 -0.07933758056704296
26.849999999999998 -0.04360029904340527
27.15 -0.022328173398692936
27.45 -0.010241434949168985
27.75 -0.01614349061151638
28.05 -0.028593287153937184
28.349999999999998 -0.037488086210947125
28.65 -0.04668289748586761
28.95 -0.012548189868080236
29.25 0.029873088676399602
29.549999999999997 0.0802219600712316
29.849999999999998 0.08732284978707436
