# k  S_s(k)
0.0 0.0
0.15707963267948966 0.5875302958678733
0.3141592653589793 0.7001931092315162
0.47123889803846897 0.3906769011441047
0.6283185307179586 1.6133138439369181
0.7853981633974483 0.4042611041246179
0.9424777960769379 1.0193561234667157
1.0995574287564276 0.5941650730575292
1.2566370614359172 0.793275356415931
1.413716694115407 0.8716230321041006
1.5707963267948966 1.6134741603476779
1.7278759594743862 1.096952205817863
1.8849555921538759 0.9128710510705929
2.0420352248333655 0.9835555645642661
2.199114857512855 0.7036886594365909
2.356194490192345 0.8702104342039703
2.5132741228718345 1.119669735571733
2.670353755551324 1.2415085411017206
2.827433388230814 0.9939318506791556
2.9845130209103035 1.0066098434468453
3.141592653589793 1.1078609760832085
3.2986722862692828 1.0310508376963758
3.4557519189487724 1.038681872406389
3.612831551628262 1.256127562332364
3.7699111843077517 0.9250560015944883
3.9269908169872414 0.8597309327414282
4.084070449666731 1.0701221839568213
4.241150082346221 1.0641705138237691
4.39822971502571 1.0704930857455954
4.5553093477052 0.9760009470835421
4.71238898038469 1.3669415865546255
4.869468613064179 1.0348946363334306
5.026548245743669 0.9986504260096685
5.183627878423159 1.0913241234767297
5.340707511102648 0.9648229616742285
5.497787143782138 0.9091364979722681
5.654866776461628 1.0517572171379554
5.811946409141117 0.9359779935068487
5.969026041820607 0.987940600890327
6.126105674500097 1.0233462480598872
6.283185307179586 1.102628306092175
6.440264939859076 0.9967246241889373
6.5973445725385655 1.058514351081306
6.754424205218055 1.0804486355685265
6.911503837897545 1.0495347910589388
7.0685834705770345 0.9831284526035139
7.225663103256524 1.0062964548129325
7.382742735936014 0.9878803814676664
7.5398223686155035 0.9967570540620924
7.696902001294993 1.0326700632928636
7.853981633974483 0.9134491236008686
8.011061266653972 0.9820526712117011
8.168140899333462 0.9703698773606195
8.325220532012953 0.9783403919115724
8.482300164692441 0.9411831287759347
8.63937979737193 1.0007606362150119
8.79645943005142 1.08089848492009
8.953539062730911 0.975217996817268
9.1106186954104 1.0163527525599472
9.267698328089889 1.009199307077016
9.42477796076938 1.1110716629081339
9.58185759344887 0.9805628788084139
9.738937226128359 1.0584183913835068
9.896016858807847 1.0076323774232858
10.053096491487338 1.0138050980135904
10.210176124166829 1.007191673739521
10.367255756846317 0.9512232732601007
10.524335389525806 0.9857898750847498
10.681415022205297 1.014938008708409
10.838494654884787 0.9594779726635022
10.995574287564276 0.9652145758187604
11.152653920243765 1.0028680395233676
11.309733552923255 0.9053000789291691
11.466813185602746 0.9931852427596531
11.623892818282235 1.0120497873668088
11.780972450961723 0.9675495435674237
11.938052083641214 1.003399528490984
12.095131716320704 0.9567376304495789
12.252211349000193 1.0423969451692432
12.409290981679682 0.938560460068393
12.566370614359172 0.9816524723379143
12.723450247038663 1.0063762960968925
12.880529879718152 1.0587837097128838
13.03760951239764 1.009439330491391
13.194689145077131 0.9121699048245161
13.351768777756622 1.0310260324933609
13.50884841043611 1.0213867125717406
13.6659280431156 0.985096688760386
13.82300767579509 0.9253177326408452
13.98008730847458 0.9873969746541308
14.137166941154069 1.0112844247510455
14.294246573833558 1.0304505935824502
14.451326206513048 0.9988447542821774
14.608405839192539 0.9767715431609969
14.765485471872028 1.0468014616659025
14.922565104551516 0.9968700567075356
15.079644737231007 1.010737866036244
15.236724369910498 0.9946656799322942
15.393804002589986 0.9470437336889561
15.550883635269475 0.9512956201007251
