block_size         error    difference      rel_diff
-------------------------------------------------------
       2  4.815124e-08  1.990308e-08  4.133451e-01
       4  6.805432e-08  2.808287e-08  4.126538e-01
       8  9.613719e-08  3.953604e-08  4.112460e-01
      16  1.356732e-07  5.542341e-08  4.085066e-01
      32  1.910966e-07  7.708062e-08  4.033594e-01
      64  2.681773e-07  1.056080e-07  3.937992e-01
     128  3.737853e-07  1.408870e-07  3.769198e-01
     256  5.146723e-07  1.788562e-07  3.475148e-01
     512  6.935285e-07  2.094145e-07  3.019551e-01
    1024  9.029430e-07  2.125779e-07  2.354278e-01
    2048  1.115521e-06  1.460700e-07  1.309433e-01
    4096  1.261591e-06  6.465311e-08  5.124729e-02
    8192  1.326244e-06  4.746172e-08  3.578657e-02
   16384  1.373706e-06  6.550174e-08  4.768252e-02
   32768  1.439207e-06  6.201193e-08  4.308755e-02
   65536  1.501219e-06  8.539195e-08  5.688173e-02
  131072  1.586611e-06           ---           ---
