# r  Cs(r) [pure estimator]
0.15 1.337138783906317e-5
0.44999999999999996 1.182645355281509e-5
0.75 6.62807668529659e-6
1.05 8.213987495448357e-6
1.3499999999999999 1.0523145073030419e-5
1.65 1.245083928067986e-5
1.95 1.387370930903489e-5
2.25 1.4626256992538458e-5
2.55 1.2230466130963968e-5
2.85 1.135085085381486e-5
3.15 1.3371349330181758e-5
3.4499999999999997 1.100933162391047e-5
3.75 1.165417478685135e-5
4.05 8.951532932128892e-6
4.35 1.1850421742853155e-5
4.6499999999999995 1.40536875194432e-5
4.95 1.0139099180731052e-5
5.25 1.03911173261281e-5
5.55 8.237840076939123e-6
5.85 8.529341070274431e-6
6.1499999999999995 6.971469058860928e-6
6.45 8.031145838211082e-6
6.75 6.794832940729874e-6
7.05 7.365490585274341e-6
7.35 7.338554914291704e-6
7.6499999999999995 6.138789735667015e-6
7.949999999999999 7.05951396806595e-6
8.25 7.184281893456825e-6
8.549999999999999 1.0301081696867585e-5
8.85 7.795749054512213e-6
9.15 7.617942865456047e-6
9.45 6.125090221200237e-6
9.75 9.721332215495868e-6
10.049999999999999 5.527236466584859e-6
10.35 6.631815445270634e-6
10.65 1.020970352874188e-5
10.95 4.984307533064994e-6
11.25 7.214270456088949e-6
11.549999999999999 7.672417178217483e-6
11.85 5.541297727915107e-6
12.15 9.61654544472689e-6
12.45 6.817801583963563e-6
12.75 5.1392490744891605e-6
13.049999999999999 4.255810684610363e-6
13.35 4.728352359746309e-6
13.65 5.6402167174266964e-6
13.95 4.089043788900992e-6
14.25 9.163128248955792e-6
14.549999999999999 4.615888813706579e-6
14.85 6.8290785540239095e-6
15.149999999999999 2.7175795772476317e-6
15.45 4.1619783334802476e-6
15.75 7.158155008928581e-6
16.05 6.52144533072115e-6
16.349999999999998 3.2610661806751976e-6
16.65 4.449051385173109e-6
16.95 5.403513084428638e-6
17.25 4.254677185074275e-6
17.55 3.919575906712434e-6
17.849999999999998 3.265915716132368e-6
18.15 3.191307613692326e-6
18.45 2.69629199609274e-6
18.75 6.4063765584649746e-6
19.05 6.783233753408947e-6
19.349999999999998 6.11666240495161e-6
19.65 4.2730887224752865e-6
19.95 2.38883799235197e-6
20.25 2.4021771316027137e-6
20.55 4.339484848846155e-6
20.849999999999998 9.172672461846526e-7
21.15 4.747226593820878e-6
21.45 5.27838936997323e-6
21.75 4.89984893838491e-6
22.05 4.376856685825655e-6
22.349999999999998 3.6219205305395254e-6
22.65 6.4664748989349855e-6
22.95 3.9436696019310495e-6
23.25 2.2761861586093647e-6
23.55 5.350990056190272e-6
23.849999999999998 5.7429093199023105e-6
24.15 4.408999406440614e-6
24.45 3.5990923359851775e-6
24.75 5.614342992503935e-6
25.05 2.024281188696664e-6
25.349999999999998 3.6732621209802965e-6
25.65 1.0118790677529153e-7
25.95 3.319387162668737e-6
26.25 1.0034336206635156e-6
26.55 6.228366208666931e-6
26.849999999999998 1.4059524610074395e-6
27.15 3.1888249158935072e-6
27.45 4.720666889042799e-6
27.75 5.003137174623095e-6
28.05 5.122904562625632e-6
28.349999999999998 1.8064608809246988e-6
28.65 2.031262208861552e-6
28.95 5.964514364426524e-6
29.25 3.584725929266697e-6
29.549999999999997 1.6822710937822672e-6
29.849999999999998 5.348683193722226e-6
