# block  <|P|>
1 0.0
2 0.1276666666666668
3 0.13793333333333285
4 0.11829999999999993
5 0.1281718281718283
6 0.1283666666666668
7 0.12436666666666629
8 0.13703333333333334
9 0.11117764471057859
10 0.11639999999999992
11 0.124466666666667
12 0.12389999999999943
13 0.13076666666666625
14 0.1278666666666667
15 0.12152152152152189
16 0.11090000000000004
17 0.11993333333333332
18 0.12103333333333367
19 0.12643333333333334
20 0.12494172494172481
21 0.1361914257228314
22 0.11306666666666627
23 0.10702630702630649
24 0.14418914418914436
25 0.11910000000000057
26 0.13153333333333334
27 0.10196666666666646
28 0.13190143190143164
29 0.13073333333333315
30 0.11658324991658331
31 0.11750000000000063
32 0.10867534200867493
33 0.11943333333333347
34 0.1474666666666659
35 0.12913752913752896
36 0.11826666666666663
37 0.11806666666666679
38 0.12947052947052978
39 0.12120000000000052
40 0.12399999999999975
41 0.12294372294372254
42 0.11346666666666724
43 0.1230666666666668
44 0.12489999999999989
45 0.10742590742590753
46 0.11141141141141123
47 0.12926666666666636
48 0.12902902902902896
49 0.11436666666666664
50 0.1368999999999996
51 0.13230103230103185
52 0.1187333333333333
53 0.12680000000000047
54 0.1261666666666661
55 0.12910000000000013
56 0.10840840840840811
57 0.11933333333333296
58 0.12206666666666696
59 0.11226666666666711
60 0.13146666666666634
61 0.12469999999999949
62 0.11433333333333291
63 0.11376666666666599
64 0.11500000000000009
65 0.12306666666666607
66 0.12406666666666653
67 0.10136803470136795
68 0.1182999999999999
69 0.12957042957042914
70 0.10300000000000041
71 0.13483333333333258
72 0.1241666666666658
73 0.1072999999999997
74 0.12952952952953
75 0.1279666666666671
76 0.12569999999999953
77 0.1145000000000004
78 0.11928595261928578
79 0.11665001665001656
80 0.11425241425241389
81 0.1359333333333334
82 0.1211666666666666
83 0.10856666666666634
84 0.13390000000000005
85 0.11429999999999994
86 0.10943333333333317
87 0.12817182817182834
88 0.11920000000000011
89 0.1212212212212207
90 0.1328661995328658
91 0.12400000000000033
92 0.11185704742818962
93 0.12890000000000043
94 0.10629370629370645
95 0.13460000000000033
96 0.11936666666666718
97 0.13243243243243294
98 0.1373666666666665
99 0.1090666666666663
100 0.13466533466533434
101 0.1281614948281619
102 0.12730000000000008
103 0.13373333333333307
104 0.11106666666666642
105 0.11651651651651573
106 0.12272272272272244
107 0.09939999999999942
108 0.1348666666666669
109 0.11403333333333315
110 0.12613333333333354
111 0.11676666666666592
112 0.12146666666666614
113 0.12271062271062266
114 0.10516666666666645
115 0.13589999999999983
116 0.10399999999999951
117 0.12053333333333326
118 0.12530000000000033
119 0.11079999999999962
120 0.12033333333333388
121 0.10176843510176833
122 0.11676666666666631
123 0.1044333333333335
124 0.11856666666666675
125 0.12839999999999968
126 0.14316666666666655
127 0.11453333333333261
128 0.12256666666666681
129 0.11880000000000009
130 0.12956666666666664
131 0.11236666666666659
132 0.12596666666666645
133 0.10359999999999965
134 0.13530000000000045
135 0.10383333333333337
136 0.1015333333333326
137 0.11843333333333324
138 0.14933333333333348
139 0.12266666666666727
140 0.12159999999999949
141 0.12003333333333352
142 0.11693333333333357
143 0.11010000000000031
144 0.1177999999999997
145 0.12456666666666628
146 0.10873333333333325
147 0.11546666666666718
148 0.10853333333333312
149 0.12616666666666687
150 0.11073333333333309
151 0.10773333333333286
152 0.11773333333333309
153 0.13886666666666564
154 0.13706666666666578
155 0.14940000000000117
156 0.12329999999999973
157 0.11951381951381963
158 0.11899999999999987
159 0.11836666666666566
160 0.09899999999999967
161 0.12186666666666685
162 0.11363333333333368
163 0.12846666666666634
164 0.13243333333333354
165 0.11723333333333356
166 0.1143999999999994
167 0.10353333333333328
168 0.12515849182515837
169 0.12356666666666619
170 0.12050000000000015
171 0.12429095762429052
172 0.10380000000000011
173 0.11713333333333295
174 0.11441441441441459
175 0.11390000000000014
176 0.1017982017982022
177 0.11539999999999977
178 0.1462333333333329
179 0.13379999999999945
180 0.1420666666666666
181 0.12271062271062219
182 0.1142333333333329
183 0.10879999999999981
184 0.12673333333333398
185 0.124366666666667
186 0.12109999999999954
187 0.12353333333333366
188 0.11673333333333304
189 0.11443333333333296
190 0.12336666666666649
191 0.10230000000000022
192 0.1023000000000001
193 0.10503333333333312
194 0.1156666666666663
195 0.1226333333333331
196 0.13053333333333306
197 0.10116666666666643
198 0.1156333333333331
199 0.13133333333333297
200 0.09659999999999999
201 0.10183333333333326
202 0.12829496162829487
203 0.1372000000000005
204 0.11556666666666666
205 0.10883333333333269
206 0.10443333333333361
207 0.12166666666666663
208 0.12463333333333344
