block_size         error    difference      rel_diff
-------------------------------------------------------
       2  9.360349e-08  3.872104e-08  4.136709e-01
       4  1.323245e-07  5.468264e-08  4.132465e-01
       8  1.870072e-07  7.711598e-08  4.123691e-01
      16  2.641231e-07  1.084653e-07  4.106619e-01
      32  3.725885e-07  1.517815e-07  4.073703e-01
      64  5.243699e-07  2.103453e-07  4.011392e-01
     128  7.347153e-07  2.866705e-07  3.901790e-01
     256  1.021386e-06  3.776158e-07  3.697093e-01
     512  1.399002e-06  4.713894e-07  3.369470e-01
    1024  1.870391e-06  5.198371e-07  2.779297e-01
    2048  2.390228e-06  4.810806e-07  2.012698e-01
    4096  2.871309e-06  4.221578e-07  1.470263e-01
    8192  3.293466e-06  1.029413e-07  3.125621e-02
   16384  3.396408e-06  1.549253e-07  4.561447e-02
   32768  3.551333e-06  -2.138910e-07  6.022836e-02
   65536  3.337442e-06  -2.007933e-07  6.016384e-02
  131072  3.136649e-06           ---           ---
