# r  Cs(r) [pure estimator]
0.025 4.222295410335296e-5
0.07500000000000001 4.968983425624418e-5
0.125 5.018534701572227e-5
0.17500000000000002 4.8201063435733434e-5
0.225 4.1992314922310235e-5
0.275 5.533633695983964e-5
0.325 4.723886264298635e-5
0.375 3.0009382441652566e-5
0.42500000000000004 5.5735152726761557e-5
0.47500000000000003 4.612812039808397e-5
0.525 5.734871867369893e-5
0.5750000000000001 5.913193722459059e-5
0.625 5.493722701684022e-5
0.675 5.697610397526769e-5
0.7250000000000001 4.6804672005421485e-5
0.775 4.7759938911053467e-5
0.8250000000000001 5.1681882065580836e-5
0.875 5.2931557217536454e-5
0.925 4.717260401535252e-5
0.9750000000000001 5.2075332060537275e-5
1.0250000000000001 4.318198224197989e-5
1.075 4.565827727372621e-5
1.125 4.73663914281492e-5
1.175 4.2199231308413985e-5
1.225 5.0541557568034816e-5
1.2750000000000001 4.588477555061384e-5
1.3250000000000002 5.507550004940073e-5
1.375 4.231555203989999e-5
1.425 4.776536578878471e-5
1.475 5.376118360764671e-5
1.5250000000000001 4.040494812434899e-5
1.5750000000000002 5.129388574887127e-5
1.625 5.343532506454675e-5
1.675 6.375737561734791e-5
1.725 5.997837832463746e-5
1.7750000000000001 4.3592333040309407e-5
1.8250000000000002 4.6560035432421315e-5
1.875 5.5043929999627846e-5
1.925 4.966774236620686e-5
1.975 5.195804798771609e-5
2.025 6.070412556797778e-5
2.075 4.283620932600355e-5
2.125 4.6953100666170226e-5
2.1750000000000003 5.7630137721642015e-5
2.225 4.963087699536504e-5
2.275 4.294647018743971e-5
2.325 6.159420466594509e-5
2.375 2.6566704143628163e-5
2.4250000000000003 5.578953607294944e-5
2.475 6.622266286119362e-5
2.5250000000000004 4.9347245687427326e-5
2.575 3.984824795270884e-5
2.625 5.025941846992506e-5
2.6750000000000003 3.899723855793545e-5
2.725 5.153829321785146e-5
2.7750000000000004 4.8448926000370134e-5
2.825 5.6067458026130746e-5
2.875 4.7418942430251865e-5
2.9250000000000003 4.766961359737279e-5
2.975 4.990945873933795e-5
3.0250000000000004 5.243722058827323e-5
3.075 6.483766920124837e-5
3.125 4.810535204341814e-5
3.1750000000000003 4.927191390486238e-5
3.225 4.7371511806400325e-5
3.2750000000000004 5.047843424782226e-5
3.325 5.12843157583455e-5
3.375 4.5743809563635895e-5
3.4250000000000003 4.2524885639031284e-5
3.475 5.218739326084956e-5
3.5250000000000004 4.13899955986551e-5
3.575 5.6477344683914245e-5
3.625 4.732441594080145e-5
3.6750000000000003 4.976613757391367e-5
3.725 6.144698487215577e-5
3.7750000000000004 4.41908608843332e-5
3.825 4.549841519364285e-5
3.875 4.9729807512376334e-5
3.9250000000000003 5.550542324860495e-5
3.975 4.28669819341443e-5
4.025 4.4572082552485185e-5
4.075 5.763312415546791e-5
4.125 4.53343927011859e-5
4.175 5.236446623144814e-5
4.2250000000000005 5.114256401952979e-5
4.275 5.5199345603047575e-5
4.325 4.4877336944466175e-5
4.375 4.300924660313565e-5
4.425 4.34738412972217e-5
4.4750000000000005 5.4041527194581975e-5
4.525 4.8072457718184985e-5
4.575 2.9192145528912246e-5
4.625 3.742227062222695e-5
4.675 4.559754330930679e-5
4.7250000000000005 4.102431786991929e-5
4.775 4.706609988891848e-5
4.825 4.9412590993455035e-5
4.875 5.709245055181124e-5
4.925000000000001 5.8171318035610904e-5
4.9750000000000005 5.8323149408120537e-5
