block_size         error    difference      rel_diff
-------------------------------------------------------
       2  1.541742e-07  6.383630e-08  4.140530e-01
       4  2.180105e-07  9.024545e-08  4.139500e-01
       8  3.082560e-07  1.275364e-07  4.137355e-01
      16  4.357924e-07  1.801279e-07  4.133341e-01
      32  6.159203e-07  2.541272e-07  4.125976e-01
      64  8.700475e-07  3.578509e-07  4.113005e-01
     128  1.227898e-06  5.021954e-07  4.089878e-01
     256  1.730094e-06  7.018961e-07  4.056983e-01
     512  2.431990e-06  9.745531e-07  4.007225e-01
    1024  3.406543e-06  1.345351e-06  3.949314e-01
    2048  4.751894e-06  1.845632e-06  3.883992e-01
    4096  6.597526e-06  2.443427e-06  3.703550e-01
    8192  9.040953e-06  3.081378e-06  3.408245e-01
   16384  1.212233e-05  3.136239e-06  2.587159e-01
   32768  1.525857e-05  1.782464e-06  1.168173e-01
   65536  1.704103e-05  1.666420e-06  9.778866e-02
  131072  1.870745e-05           ---           ---
