# k values and corresponding S(k) [pure estimator]
0.0 4.968190355752673
0.20943951023931953 1.0067923093200544
0.41887902047863906 0.9697352365610855
0.6283185307179586 0.9777771363117727
0.8377580409572781 0.9666652044301987
1.0471975511965976 0.9648107035404181
1.2566370614359172 0.9797581806753753
1.4660765716752366 0.9697706060350343
1.6755160819145563 0.9645126807914353
1.8849555921538759 0.9745538009910961
2.0943951023931953 0.964697614272172
2.3038346126325147 0.9698150179270445
2.5132741228718345 0.9806381587963457
2.722713633111154 0.9826402680719981
2.9321531433504733 0.9690182374742455
3.141592653589793 0.9642698088503213
3.3510321638291125 0.9684640245754285
3.560471674068432 0.9586211660424406
3.7699111843077517 0.9762367717161823
3.979350694547071 0.959698183225849
4.1887902047863905 0.9649328790701136
4.39822971502571 0.9886939649310897
4.607669225265029 0.9781090321151099
4.817108735504349 0.9767461179941745
5.026548245743669 0.961226083447954
5.235987755982988 0.972820178420514
5.445427266222308 0.965348334880666
5.654866776461628 0.9825549075612988
5.864306286700947 0.9606022802468297
6.073745796940266 0.9667894118076993
6.283185307179586 0.9667275773472817
6.492624817418905 0.9654319194753378
6.702064327658225 0.9723992850146917
6.911503837897545 0.9735273649989177
7.120943348136864 0.970512062986672
7.330382858376184 0.9635094839866405
7.5398223686155035 0.9646816499423152
7.749261878854822 0.9642458203693729
7.958701389094142 0.9756572204963884
8.168140899333462 0.9828129504403528
8.377580409572781 0.970288281254491
8.5870199198121 0.9670163005176616
8.79645943005142 0.974500768149302
9.00589894029074 0.9662722579537888
9.215338450530059 0.9730987304690208
9.42477796076938 0.9498199965576655
9.634217471008698 0.9615267318186536
9.843656981248017 0.9944903297468956
10.053096491487338 0.9800246267405022
10.262536001726657 0.9900485683909374
10.471975511965976 0.9814258978614407
10.681415022205297 0.9740653550872095
10.890854532444616 0.9753456442674678
11.100294042683934 0.9587117609599927
11.309733552923255 0.9631174793946541
11.519173063162574 0.9885227709026569
11.728612573401893 0.9457712622646223
11.938052083641214 0.9704717125305562
12.147491593880533 0.9701657647948089
12.356931104119852 0.973089190889136
12.566370614359172 0.9700425072174336
12.775810124598491 0.9709016606856661
12.98524963483781 0.9584740077559958
13.194689145077131 0.9738516418212392
13.40412865531645 0.9609247872908405
13.613568165555769 0.9738976668367336
13.82300767579509 0.9806014816965714
14.032447186034409 0.9577226835143977
14.241886696273728 0.966687320401552
14.451326206513048 0.9743852074014452
14.660765716752367 0.9667154910775132
14.870205226991686 0.9706998989221141
15.079644737231007 0.9576502378931204
15.289084247470326 0.9434719275547375
15.498523757709645 0.9824934627565428
