# k values and corresponding S(k) [pure estimator]
0.0 5.287908787293063
0.6283185307179586 0.992512926272707
1.2566370614359172 0.9991093028647474
1.8849555921538759 1.0044638276132438
2.5132741228718345 1.009860286661788
3.141592653589793 0.9974905994539197
3.7699111843077517 0.9958920755014434
4.39822971502571 0.9933266760879047
5.026548245743669 0.9946567351348033
5.654866776461628 1.0050202561688049
6.283185307179586 1.0016706556555053
6.911503837897545 1.0014354933491973
7.5398223686155035 1.0001256455424303
8.168140899333462 1.0048756851219167
8.79645943005142 1.0007043419662014
9.42477796076938 1.002574558660662
10.053096491487338 0.9935958174502677
10.681415022205297 1.0173346366112592
11.309733552923255 1.0071263056101818
11.938052083641214 0.9790088371550671
12.566370614359172 0.9993902846692481
13.194689145077131 0.9850283418952833
13.82300767579509 0.9987456037921821
14.451326206513048 1.013785984262854
15.079644737231007 0.9982491164062851
15.707963267948966 0.9976793572580968
16.336281798666924 1.0067678121422101
16.964600329384883 0.9925451057110758
17.59291886010284 0.9986678376452844
18.2212373908208 0.9938889626794832
18.84955592153876 0.9960227520500698
19.477874452256717 1.0120002938667312
20.106192982974676 1.000667102089962
20.734511513692635 0.9953657409881559
21.362830044410593 1.0068392209717958
21.991148575128552 0.9967688499445013
22.61946710584651 0.9996238568646361
23.24778563656447 1.001457744226171
23.876104167282428 1.0005454814874895
24.504422698000386 0.9988999792213324
25.132741228718345 0.9926916389525964
25.761059759436304 0.9987626534098676
26.389378290154262 1.005741912877115
27.01769682087222 1.0061076948690428
27.64601535159018 1.001339311885837
28.274333882308138 1.0052701318298827
28.902652413026097 1.00488248966932
29.530970943744055 0.9996766995021492
30.159289474462014 1.0041189857544208
30.787608005179973 1.0051923668877873
31.41592653589793 1.0045489341741358
32.044245066615886 0.999099006575492
32.67256359733385 0.9994493827087924
33.30088212805181 0.9933412634314176
33.929200658769766 0.9913585094948377
34.55751918948772 1.010226838956214
35.18583772020568 0.9999212237228177
35.814156250923645 1.0055974137010317
36.4424747816416 0.9924620160780021
37.070793312359555 0.9997624450532605
37.69911184307752 0.9900840773058416
38.32743037379548 0.9953485459140892
38.955748904513435 0.9848876214290752
39.58406743523139 0.9929547580080493
40.21238596594935 1.0013728875342398
40.840704496667314 0.9987958784376536
41.46902302738527 0.9990928732943303
42.097341558103224 0.9878312909078276
42.725660088821186 0.9953602488511051
43.35397861953915 1.0016901984142228
43.982297150257104 1.0013153009801525
44.61061568097506 1.0014631783451502
45.23893421169302 1.007130424699818
45.86725274241098 0.9977380466923894
46.49557127312894 0.989970584478799
