block_size         error    difference      rel_diff
-------------------------------------------------------
       2  5.088696e-08  2.103122e-08  4.132929e-01
       4  7.191818e-08  2.967607e-08  4.126366e-01
       8  1.015942e-07  4.178506e-08  4.112935e-01
      16  1.433793e-07  5.860239e-08  4.087228e-01
      32  2.019817e-07  8.159167e-08  4.039557e-01
      64  2.835734e-07  1.121681e-07  3.955522e-01
     128  3.957414e-07  1.509564e-07  3.814521e-01
     256  5.466978e-07  1.959972e-07  3.585109e-01
     512  7.426950e-07  2.436050e-07  3.280014e-01
    1024  9.863000e-07  2.896551e-07  2.936785e-01
    2048  1.275955e-06  3.443095e-07  2.698445e-01
    4096  1.620265e-06  4.333269e-07  2.674421e-01
    8192  2.053592e-06  4.571433e-07  2.226068e-01
   16384  2.510735e-06  3.714896e-07  1.479605e-01
   32768  2.882224e-06  2.092896e-07  7.261393e-02
   65536  3.091514e-06  -3.979987e-10  1.287391e-04
  131072  3.091116e-06           ---           ---
