# k values and corresponding S(k) [pure estimator]
0.0 1.79199627123733
0.20943951023931953 1.0250618775388403
0.41887902047863906 0.9800196335595419
0.6283185307179586 0.9705512679722637
0.8377580409572781 0.972160454006704
1.0471975511965976 0.9791383444664598
1.2566370614359172 0.9755222534721416
1.4660765716752366 0.9663299468611294
1.6755160819145563 0.9593667406353447
1.8849555921538759 0.9698235295692662
2.0943951023931953 0.9738965399229148
2.3038346126325147 0.9704798164198043
2.5132741228718345 0.9657284884359454
2.722713633111154 0.9634485069392634
2.9321531433504733 0.9654424055875841
3.141592653589793 0.9660929663250973
3.3510321638291125 0.9613573219392532
3.560471674068432 0.9687926368528189
3.7699111843077517 0.9758794263862679
3.979350694547071 0.9659681869945043
4.1887902047863905 0.9658805820140077
4.39822971502571 0.9742757638639741
4.607669225265029 0.9698459467677687
4.817108735504349 0.9743791175877331
5.026548245743669 0.9645801219268804
5.235987755982988 0.9651268838069719
5.445427266222308 0.9682457288223005
5.654866776461628 0.9669639253908435
5.864306286700947 0.9725600470685933
6.073745796940266 0.9784301767520203
6.283185307179586 0.975374096683952
6.492624817418905 0.9763497511606933
6.702064327658225 0.9733716431618864
6.911503837897545 0.9655064372308171
7.120943348136864 0.9728933769967212
7.330382858376184 0.9657952655491407
7.5398223686155035 0.9712453934842022
7.749261878854822 0.9640451366278353
7.958701389094142 0.9818991651743346
8.168140899333462 0.9743713701176975
8.377580409572781 0.9614378078164186
8.5870199198121 0.9782578726374027
8.79645943005142 0.9694887312792058
9.00589894029074 0.9666445904829838
9.215338450530059 0.9800570918605986
9.42477796076938 0.9682022628244839
9.634217471008698 0.9742493135237394
9.843656981248017 0.970855391796775
10.053096491487338 0.970576612024363
10.262536001726657 0.96878991762839
10.471975511965976 0.9771117773782398
10.681415022205297 0.9601123238798797
10.890854532444616 0.9720659102598121
11.100294042683934 0.9764101270883714
11.309733552923255 0.9714841877152203
11.519173063162574 0.9651144038970856
11.728612573401893 0.9662526288429909
11.938052083641214 0.964808989121723
12.147491593880533 0.9713512582471346
12.356931104119852 0.9664850180134695
12.566370614359172 0.962291433763009
12.775810124598491 0.9729579617259074
12.98524963483781 0.9632718804917878
13.194689145077131 0.9702136192297537
13.40412865531645 0.9682552023181032
13.613568165555769 0.9698720305715528
13.82300767579509 0.9677594625555983
14.032447186034409 0.9757643939188794
14.241886696273728 0.9652778881481228
14.451326206513048 0.9628285024456463
14.660765716752367 0.9744742658469923
14.870205226991686 0.9684778742282448
15.079644737231007 0.9687264574971305
15.289084247470326 0.9707348097050056
15.498523757709645 0.9554297312556185
