# P_value  count
-1.0 0.0
-0.96 0.0
-0.92 0.0
-0.88 0.0
-0.84 0.0
-0.8 0.0
-0.76 0.0
-0.72 0.0
-0.68 0.0
-0.64 0.0
-0.6 0.0
-0.56 3.0
-0.52 2.0
-0.48 45.0
-0.44 79.0
-0.4 188.0
-0.36 512.0
-0.32 1253.0
-0.28 2592.0
-0.24 4638.0
-0.2 8088.0
-0.16 12076.0
-0.12 16596.0
-0.08 20977.0
-0.04 23547.0
0.0 25945.0
0.04 23671.0
0.08 20759.0
0.12 16350.0
0.16 12264.0
0.2 8306.0
0.24 4726.0
0.28 2646.0
0.32 1291.0
0.36 641.0
0.4 271.0
0.44 88.0
0.48 29.0
0.52 10.0
0.56 0.0
0.6 0.0
0.64 0.0
0.68 0.0
0.72 0.0
0.76 0.0
0.8 0.0
0.84 0.0
0.88 0.0
0.92 0.0
0.96 0.0
1.0 0.0
