# k values and corresponding S(k) [pure estimator]
0.0 0.8353319162230926
0.12566370614359174 0.9574613733143684
0.25132741228718347 0.9686037361728791
0.3769911184307752 0.9739812882014325
0.5026548245743669 0.9713105068271596
0.6283185307179586 0.9654915651826089
0.7539822368615504 0.9733519683934118
0.8796459430051422 0.9700190828356159
1.0053096491487339 0.9724192033923129
1.1309733552923256 0.9617157214162949
1.2566370614359172 0.9690869085075589
1.3823007675795091 0.9663951049070137
1.5079644737231008 0.969813173797872
1.6336281798666925 0.9715513429055022
1.7592918860102844 0.9726071331326328
1.884955592153876 0.9675575546595572
2.0106192982974678 0.9783057985059295
2.1362830044410597 0.968380504092337
2.261946710584651 0.9709867942450191
2.387610416728243 0.9703030248053017
2.5132741228718345 0.9701081935691401
2.6389378290154264 0.9670544531205046
2.7646015351590183 0.9697978195821549
2.8902652413026098 0.9677715526525409
3.0159289474462017 0.969382947065518
3.1415926535897936 0.972505121095525
3.267256359733385 0.9723155889292237
3.392920065876977 0.975799032645836
3.518583772020569 0.9710269497907532
3.6442474781641603 0.9638802226947522
3.769911184307752 0.977449984532638
3.8955748904513436 0.96944348304766
4.0212385965949355 0.9713263293471809
4.1469023027385274 0.9694241766433118
4.272566008882119 0.9635420303377508
4.39822971502571 0.9670220814146381
4.523893421169302 0.9675734491369197
4.649557127312894 0.9646241518261219
4.775220833456486 0.9739605810918229
4.900884539600078 0.9681137787829849
5.026548245743669 0.9704377691374716
5.152211951887261 0.9776492895151223
5.277875658030853 0.9674743661975428
5.403539364174445 0.9731421960853104
5.529203070318037 0.9708723009691549
5.6548667764616285 0.9698426484392642
5.7805304826052195 0.9728680831531592
5.906194188748811 0.9684186259222245
6.031857894892403 0.9694983120263013
6.157521601035995 0.9706825676805301
6.283185307179587 0.9707368925205329
6.408849013323178 0.9705269144097669
6.53451271946677 0.9703740909018808
6.660176425610362 0.9687679669230073
6.785840131753954 0.962678681050091
6.911503837897546 0.9751262126245164
7.037167544041138 0.964302229328486
7.162831250184729 0.973901382188639
7.288494956328321 0.9731882283773169
7.4141586624719125 0.9703556417135586
7.539822368615504 0.9723292663472558
7.665486074759096 0.9711906266848707
7.791149780902687 0.9706638437158427
7.916813487046279 0.9640309978381205
8.042477193189871 0.9729137990626868
8.168140899333462 0.968585371336342
8.293804605477055 0.9651572361775449
8.419468311620646 0.9731075904828268
8.545132017764239 0.9634265462490004
8.67079572390783 0.9662851645181445
8.79645943005142 0.9752543712709512
8.922123136195014 0.9642482024388362
9.047786842338605 0.9712001539395382
9.173450548482197 0.9643285413615624
9.299114254625788 0.9668681188698781
