# k values and corresponding S(k) [pure estimator]
0.0 1.0584394223060933
0.20943951023931953 0.9730388353404992
0.41887902047863906 0.9719611207886212
0.6283185307179586 0.9694304842174138
0.8377580409572781 0.9698521159082402
1.0471975511965976 0.9713448715455139
1.2566370614359172 0.971162539084991
1.4660765716752366 0.9686910193993947
1.6755160819145563 0.9694004605050857
1.8849555921538759 0.9739543656368276
2.0943951023931953 0.970116336166325
2.3038346126325147 0.9717933202961717
2.5132741228718345 0.9688449987028025
2.722713633111154 0.965757835387298
2.9321531433504733 0.9679060396040775
3.141592653589793 0.9653695663928118
3.3510321638291125 0.9701923756485364
3.560471674068432 0.9707251055855605
3.7699111843077517 0.9694529699490322
3.979350694547071 0.9680689131732358
4.1887902047863905 0.9690854838274034
4.39822971502571 0.9657914384971924
4.607669225265029 0.965873521288774
4.817108735504349 0.9705219603748062
5.026548245743669 0.9640158879742095
5.235987755982988 0.9708200408841018
5.445427266222308 0.9705768371968295
5.654866776461628 0.9661253243460282
5.864306286700947 0.9642588966111693
6.073745796940266 0.9741845503298525
6.283185307179586 0.9720610960778681
6.492624817418905 0.977399705503327
6.702064327658225 0.9687044167588902
6.911503837897545 0.9728912860610271
7.120943348136864 0.9704627044888412
7.330382858376184 0.9663019734428272
7.5398223686155035 0.9714818922676904
7.749261878854822 0.9708864214024385
7.958701389094142 0.9655164474804956
8.168140899333462 0.967268069445018
8.377580409572781 0.9718763093642808
8.5870199198121 0.9697870960704003
8.79645943005142 0.9710482475902511
9.00589894029074 0.968724168769699
9.215338450530059 0.9747139288339541
9.42477796076938 0.9697833891244484
9.634217471008698 0.9665287259564207
9.843656981248017 0.9689574853916453
10.053096491487338 0.9742941114570747
10.262536001726657 0.9668018755526059
10.471975511965976 0.9692864452579864
10.681415022205297 0.9692044561057969
10.890854532444616 0.9656172085149423
11.100294042683934 0.974796920861958
11.309733552923255 0.9705177704555434
11.519173063162574 0.966758557468023
11.728612573401893 0.9679794044990716
11.938052083641214 0.9675108908474511
12.147491593880533 0.963111063554949
12.356931104119852 0.9687925695756526
12.566370614359172 0.9718951579167566
12.775810124598491 0.9675219502778104
12.98524963483781 0.9706636868243693
13.194689145077131 0.9693945748624857
13.40412865531645 0.9675315006424374
13.613568165555769 0.9754399930911228
13.82300767579509 0.9679454389092421
14.032447186034409 0.9660920362280785
14.241886696273728 0.9691047461686835
14.451326206513048 0.9734223578708883
14.660765716752367 0.9743385390627951
14.870205226991686 0.9627207694062488
15.079644737231007 0.9650564158593496
15.289084247470326 0.9707013983706015
15.498523757709645 0.968888622161185
