# block  <P^4>
1 0.0
2 0.002204466666666673
3 0.001646755555555556
4 0.0022396874730208085
5 0.0018748576920233657
6 0.0016847798230699097
7 0.0011099444444444464
8 0.0019010555555555452
9 0.00251722351722353
10 0.0014610222222222185
11 0.002254503886602647
12 0.0029657469135802596
13 0.0012150590150590108
14 0.0010091288819683813
15 0.0016731864197530879
16 0.0010839691358024675
17 0.0015590530864197545
18 0.0015355148148148059
19 0.0017702641975308599
20 0.0015962567901234533
21 0.0015452185185185195
22 0.00234919031585698
23 0.0015407111111111072
24 0.001496423456790114
25 0.002714519457729342
26 0.0014972296296296267
27 0.001984330009021368
28 0.0009848061728395014
29 0.002218500000000011
30 0.0013097061728395065
31 0.0012731827160493824
32 0.0014019901234567868
33 0.0011947728395061683
34 0.001071461728395061
35 0.0020672074074074127
36 0.0011075148148148083
37 0.001964854320987652
38 0.0018005296296296266
39 0.00188659506172839
40 0.0019215455602563116
41 0.002334234234234249
42 0.0009812654320987622
43 0.0015004296296296216
44 0.0012253666666666699
45 0.001520998765432096
46 0.0012753320987654246
47 0.0018980160493827214
48 0.0014467049382716078
49 0.002070249382716054
50 0.0012861679012345648
51 0.0012827345679012345
52 0.0023746000000000006
53 0.0009700716049382743
54 0.0012101456790123432
55 0.001757016049382713
56 0.002347935802469151
57 0.000977326377326374
58 0.0014514975308641963
59 0.0019361209876543194
60 0.00083442839506173
61 0.0012959484959484966
62 0.001233544444444447
63 0.0015971259259259282
64 0.00194734320987655
65 0.001823548148148143
66 0.00211692716049384
67 0.0024497962962962915
68 0.0025598740740740773
69 0.0013398493827160485
70 0.0008972172839506137
71 0.0010472827160493846
72 0.0014922465675552097
73 0.0021641025641025713
74 0.0009900567901234563
75 0.0013783839506172886
76 0.001870751851851857
77 0.002705890123456805
78 0.0017248938271604921
79 0.0017948962962962987
80 0.0012281851851851829
81 0.0018347446211643798
82 0.0019006333333333465
83 0.0016830345679012333
84 0.0017603197530864248
85 0.0020698086419753017
86 0.001288788888888899
87 0.0011745197530864135
88 0.0013433999999999983
89 0.0018850234567901276
90 0.002544016049382721
91 0.0024481555481555574
92 0.0019863160493827133
93 0.001651677777777779
94 0.0022700222222222207
95 0.0018906493827160562
96 0.0016211876543209911
97 0.002131864197530864
98 0.0017638206107341923
99 0.0016595629629629627
100 0.002278044444444444
101 0.0014101737768404477
102 0.001871513580246917
103 0.0011649995674686965
104 0.0007783567901234564
105 0.0017560716049382697
106 0.0014298567901234588
107 0.001805420987654322
108 0.0017460246913580282
109 0.002112413648216122
110 0.0013007202673869357
111 0.001718832098765433
112 0.0023226592592592637
113 0.0014400679012345691
114 0.001034216049382711
115 0.0015650975308641973
116 0.0012259913580246887
117 0.0013418382716049468
118 0.00162585555555555
119 0.0014284925925925865
120 0.0014066827160493789
121 0.0014297617283950642
122 0.0019577012345679
123 0.0020476049382716116
124 0.001810564743898079
125 0.0012022037037037032
126 0.0021176962962962875
127 0.0015940975308641916
128 0.0011668174347186698
129 0.0015757160493827132
130 0.0010203037037037031
131 0.0010920388253721537
132 0.0009518518518518493
133 0.0019525617283950624
134 0.0017963320987654356
135 0.002741518061271152
136 0.0012806666666666654
137 0.002349902469135799
138 0.002220972839506183
139 0.0019751814814814765
140 0.0015604012345679004
141 0.0009691160296098561
142 0.0029326086419753433
143 0.002407262962962975
144 0.001134448148148145
145 0.0017644456790123482
146 0.001784374074074072
147 0.0014545669125916015
148 0.0022595123456790266
149 0.0013494271604938231
150 0.0011102061728395062
151 0.000998975308641974
152 0.0009157654320987674
153 0.0021967201769670926
154 0.0012517580246913568
155 0.002024157324157321
156 0.00166582592592593
157 0.0015542444444444413
158 0.0019628604938271704
159 0.0015906283950617285
160 0.0024931049382716066
161 0.0010372111111111087
162 0.0012664160493827156
163 0.0019385049382716086
164 0.0009813171195887246
165 0.0014504372171038863
166 0.001573188888888895
167 0.0017817399652893214
168 0.0013248742569730199
169 0.0011205246913580222
170 0.0021349358024691373
171 0.001253585185185181
172 0.002265269135802483
173 0.0010762913580246922
174 0.0006906703703703705
175 0.001919971604938279
176 0.0013345592592592579
177 0.001019175308641973
178 0.0019365518518518554
179 0.0020062802469135886
180 0.001572504938271606
181 0.0010061814901321066
182 0.0016711288711288696
183 0.0018480592592592631
184 0.0018871086419753014
185 0.001482777777777776
186 0.001400845679012341
187 0.0012084543209876575
188 0.0013565296296296286
189 0.001674081488896309
190 0.0009216684550017866
191 0.0021697493827160567
192 0.0017458098765432111
193 0.0008419901234567884
194 0.002086053086419748
195 0.0019277074074074035
196 0.0013447308641975299
197 0.0017782888888888866
198 0.0013752679419346088
199 0.0016459256792590144
200 0.0016754740740740732
201 0.001169837037037031
202 0.001817303703703702
203 0.0015970024691358026
204 0.0010990901234567824
205 0.0013363957030623707
206 0.002805870370370372
207 0.0015628371628371614
208 0.0021539012345679156
