# block  <P>
1 0.0
2 -0.020800000000000086
3 0.014533333333333388
4 -0.007292707292707227
5 -0.006387225548902114
6 -0.0008316699933466304
7 0.03703333333333327
8 -0.028900000000000012
9 -0.009390609390609386
10 -0.0020666666666667023
11 0.042375709042375656
12 0.022166666666666723
13 0.020779220779220765
14 0.03273273273273276
15 0.020966666666666692
16 -0.0035666666666666737
17 -0.03916666666666648
18 -0.021433333333333228
19 -0.012933333333333371
20 -0.009133333333333462
21 0.024633333333333198
22 -0.009357309357309352
23 -0.010733333333333445
24 0.027233333333333245
25 -0.027093760427093733
26 -0.02686666666666649
27 -0.039839839839839526
28 0.006299999999999971
29 -0.0020333333333332937
30 -0.005200000000000004
31 -0.022133333333333307
32 -0.0035333333333333033
33 -0.023600000000000055
34 -0.017666666666666657
35 0.003333333333333346
36 -0.01896666666666661
37 0.026333333333333365
38 -0.013566666666666642
39 0.022266666666666608
40 -0.004442217768871085
41 0.004637971304637956
42 0.003900000000000001
43 -0.020533333333333466
44 0.00676666666666662
45 -0.023233333333333345
46 0.004499999999999996
47 -0.011233333333333255
48 -0.01336666666666671
49 -0.010800000000000016
50 0.006066666666666671
51 0.0262333333333334
52 -0.037533333333333335
53 -0.005733333333333351
54 0.004466666666666667
55 -0.005499999999999981
56 -0.004666666666666719
57 0.001665001665001677
58 0.022899999999999962
59 0.023466666666666632
60 -0.015033333333333275
61 0.00965700965700964
62 -0.004300000000000007
63 0.006533333333333309
64 0.0035333333333333536
65 0.0038666666666666368
66 0.03143333333333348
67 -0.016100000000000007
68 0.014066666666666734
69 -0.0003999999999999797
70 0.012066666666666701
71 -0.01956666666666664
72 -0.01057724391057728
73 0.004662004662004678
74 -0.03419999999999994
75 -0.009366666666666652
76 -0.00929999999999999
77 -0.010966666666666588
78 -0.018199999999999997
79 -0.02219999999999995
80 0.014999999999999998
81 -0.03313313313313307
82 -0.029833333333333406
83 -0.0398
84 -0.002633333333333363
85 0.024833333333333416
86 0.0360333333333333
87 0.016833333333333225
88 0.02173333333333341
89 -0.014033333333333354
90 -0.02923333333333343
91 0.030469530469530517
92 0.02793333333333321
93 -0.013899999999999982
94 0.01686666666666667
95 0.04213333333333341
96 0.022200000000000122
97 -0.003066666666666657
98 0.0014681348014681413
99 -0.03133333333333359
100 0.023400000000000008
101 0.0004995004995004957
102 -0.002600000000000052
103 0.0076076076076075335
104 -0.012033333333333309
105 0.012866666666666682
106 0.017333333333333322
107 0.01929999999999995
108 0.007466666666666672
109 0.0006006006006005922
110 -0.016816516816516854
111 0.02826666666666657
112 0.014333333333333299
113 0.025166666666666646
114 0.01603333333333333
115 0.008300000000000056
116 0.0075000000000000075
117 -0.0055666666666666165
118 -0.010433333333333352
119 -0.013033333333333296
120 -0.005233333333333322
121 -0.00763333333333333
122 0.004266666666666675
123 0.03853333333333334
124 0.008791208791208932
125 0.006633333333333318
126 0.005733333333333276
127 -0.027833333333333432
128 0.007307307307307273
129 0.020066666666666642
130 -0.0017333333333333244
131 -0.003063603063603072
132 -0.006066666666666798
133 -0.00016666666666667192
134 0.006833333333333338
135 0.00930930930930929
136 0.035466666666666674
137 -0.006566666666666655
138 -0.03780000000000027
139 -0.010899999999999967
140 0.012899999999999962
141 0.02178845512178844
142 0.01309999999999998
143 -0.034633333333333446
144 -0.011033333333333359
145 0.004433333333333327
146 -0.012166666666666685
147 0.013913913913913925
148 -0.006566666666666795
149 -0.014399999999999965
150 0.00830000000000002
151 0.014666666666666701
152 0.00700000000000002
153 0.012479145812479121
154 -0.010733333333333293
155 0.004628704628704569
156 -0.0012333333333333577
157 0.01886666666666667
158 -0.02016666666666663
159 -0.003966666666666646
160 0.007766666666666655
161 0.007166666666666691
162 0.0012333333333333183
163 0.016433333333333282
164 0.0036036036036036128
165 -0.0020979020979021283
166 0.00516666666666666
167 -0.0024925224327019125
168 -0.028194861528194812
169 0.00383333333333333
170 0.013866666666666626
171 0.021866666666666736
172 -0.0027333333333333246
173 -0.020333333333333276
174 -0.010233333333333317
175 -0.005366666666666688
176 -0.005699999999999997
177 -0.024266666666666728
178 -0.0433666666666666
179 -0.014166666666666659
180 -0.004699999999999958
181 -0.025625625625625578
182 -0.01145521145521136
183 -0.0029333333333333537
184 -0.023733333333333374
185 -0.03133333333333323
186 -0.008033333333333363
187 -0.024666666666666625
188 -0.004633333333333341
189 -0.014948281614948315
190 0.0011988011988011962
191 -0.005900000000000021
192 0.01806666666666667
193 -0.0018666666666666235
194 0.01910000000000001
195 0.019833333333333338
196 -0.003466666666666642
197 0.025666666666666928
198 -0.02147852147852149
199 0.003030303030303116
200 -0.0030666666666667093
201 0.005066666666666665
202 -0.01326666666666668
203 -0.022266666666666473
204 -0.010633333333333352
205 0.03033633033633027
206 0.03790000000000016
207 0.02284382284382283
208 0.034733333333333234
