# block  <|P|>
1 0.0
2 0.13413333333333302
3 0.12860000000000024
4 0.12950382950382897
5 0.1229540918163673
6 0.1285761809713903
7 0.1118333333333327
8 0.1235666666666659
9 0.14039294039293945
10 0.13566666666666657
11 0.11758425091758425
12 0.1405666666666666
13 0.11848151848151867
14 0.11561561561561592
15 0.1270333333333333
16 0.11463333333333296
17 0.12149999999999964
18 0.1158999999999993
19 0.12673333333333292
20 0.1355999999999996
21 0.13163333333333338
22 0.13756243756243777
23 0.12513333333333326
24 0.1276333333333332
25 0.12939606272939622
26 0.11179999999999944
27 0.12412412412412367
28 0.12276666666666691
29 0.13343333333333357
30 0.12540000000000012
31 0.10966666666666623
32 0.11486666666666645
33 0.11479999999999967
34 0.12453333333333316
35 0.1375333333333334
36 0.11109999999999944
37 0.13873333333333246
38 0.12583333333333313
39 0.12660000000000013
40 0.11873747494989956
41 0.14357691024357658
42 0.11543333333333382
43 0.10786666666666626
44 0.1120333333333329
45 0.12430000000000022
46 0.1122333333333335
47 0.12136666666666575
48 0.1272333333333333
49 0.1283999999999996
50 0.11460000000000009
51 0.12603333333333305
52 0.1259999999999999
53 0.11266666666666675
54 0.11993333333333336
55 0.12763333333333343
56 0.13673333333333312
57 0.11881451881451857
58 0.11543333333333314
59 0.11966666666666644
60 0.10743333333333274
61 0.12174492174492162
62 0.1179666666666672
63 0.1360666666666664
64 0.1348666666666664
65 0.12966666666666604
66 0.13569999999999974
67 0.12596666666666687
68 0.1306666666666665
69 0.11746666666666672
70 0.11726666666666682
71 0.11843333333333278
72 0.11521521521521491
73 0.14052614052614068
74 0.11639999999999982
75 0.1217666666666664
76 0.12943333333333354
77 0.1394999999999992
78 0.13253333333333311
79 0.1363333333333326
80 0.11693333333333353
81 0.1327660994327654
82 0.13623333333333307
83 0.12973333333333317
84 0.12610000000000005
85 0.13629999999999948
86 0.11463333333333403
87 0.10916666666666633
88 0.11299999999999956
89 0.13443333333333304
90 0.12569999999999965
91 0.14575424575424517
92 0.13040000000000043
93 0.12730000000000022
94 0.13713333333333327
95 0.14093333333333327
96 0.12266666666666687
97 0.12219999999999967
98 0.1288621955288625
99 0.12213333333333284
100 0.12073333333333311
101 0.12484182484182509
102 0.11613333333333267
103 0.1303970637303974
104 0.10703333333333348
105 0.12819999999999956
106 0.11660000000000009
107 0.13456666666666653
108 0.12766666666666704
109 0.11871871871871874
110 0.11811521811521764
111 0.13046666666666656
112 0.13233333333333358
113 0.12136666666666676
114 0.10516666666666692
115 0.12316666666666627
116 0.115633333333333
117 0.12056666666666732
118 0.12223333333333332
119 0.10543333333333281
120 0.11223333333333337
121 0.12903333333333356
122 0.123266666666667
123 0.12206666666666666
124 0.14332334332334284
125 0.10983333333333313
126 0.13026666666666617
127 0.12043333333333313
128 0.11468134801468138
129 0.12546666666666623
130 0.11486666666666653
131 0.10602730602730569
132 0.10853333333333251
133 0.11709999999999937
134 0.11569999999999978
135 0.14731398064731305
136 0.1254666666666666
137 0.1348333333333329
138 0.13759999999999906
139 0.12709999999999919
140 0.11103333333333316
141 0.11174507841174484
142 0.12816666666666646
143 0.1407666666666662
144 0.12070000000000042
145 0.12076666666666651
146 0.13176666666666692
147 0.12455789122455703
148 0.13436666666666652
149 0.12066666666666677
150 0.1000999999999998
151 0.11913333333333331
152 0.1196666666666669
153 0.12165498832165461
154 0.10993333333333338
155 0.13263403263403206
156 0.13323333333333354
157 0.12226666666666645
158 0.12330000000000053
159 0.12343333333333334
160 0.13383333333333375
161 0.11209999999999984
162 0.1197666666666668
163 0.12249999999999983
164 0.11558224891558254
165 0.12117882117882176
166 0.10970000000000033
167 0.11335992023928251
168 0.12002002002002003
169 0.1092333333333332
170 0.12113333333333365
171 0.12226666666666641
172 0.10559999999999975
173 0.11239999999999982
174 0.10836666666666685
175 0.12450000000000047
176 0.11069999999999973
177 0.12139999999999998
178 0.13370000000000007
179 0.1366333333333325
180 0.1299666666666668
181 0.12686019352686032
182 0.12540792540792484
183 0.12193333333333319
184 0.11639999999999975
185 0.13026666666666686
186 0.13010000000000002
187 0.12206666666666659
188 0.12123333333333287
189 0.12699366032699347
190 0.10662670662670647
191 0.12469999999999942
192 0.12453333333333318
193 0.10046666666666652
194 0.12916666666666665
195 0.1344999999999993
196 0.13559999999999997
197 0.12666666666666626
198 0.1194472194472195
199 0.12617382617382622
200 0.1212666666666668
201 0.11426666666666682
202 0.12579999999999966
203 0.12060000000000011
204 0.1173666666666667
205 0.1217782217782218
206 0.13003333333333336
207 0.12500832500832515
208 0.12079999999999996
