0.125 0.8484027210884354
0.375 0.8556952380952381
0.625 0.879134693877551
0.875 0.8932190476190476
1.125 0.8870040816326531
1.375 0.9339401360544217
1.625 0.9986775510204081
1.875 1.071504761904762
2.125 1.0546938775510204
2.375 1.0455646258503402
2.625 1.050065306122449
2.875 0.9979455782312925
3.125 0.9766938775510204
3.375 0.9659619047619048
3.625 0.9554938775510204
3.875 0.9435863945578231
4.125 0.9929904761904762
4.375 1.035956462585034
4.625 1.0639972789115646
4.875 1.0242340136054422
5.125 1.0247455782312924
5.375 1.0208136054421768
5.625 1.000508843537415
5.875 0.9829496598639456
6.125 1.0106557823129252
6.375 1.0122340136054422
6.625 1.031170068027211
6.875 1.037768707482993
7.125 1.0124054421768707
7.375 0.9908380952380952
7.625 0.9724027210884354
7.875 0.974552380952381
8.125 0.9683210884353741
8.375 1.014669387755102
8.625 0.9972054421768708
8.875 0.9914585034013605
9.125 0.9440244897959184
9.375 0.9255646258503402
9.625 0.9358176870748299
9.875 0.9149224489795919
10.125 0.9208054421768708
10.375 0.9511646258503401
10.625 0.9472081632653061
10.875 0.912043537414966
11.125 0.9018285714285714
11.375 0.921425850340136
11.625 0.9451183673469388
11.875 0.9668598639455782
12.125 0.995221768707483
12.375 1.042625850340136
12.625 1.0373578231292517
12.875 1.0751238095238096
13.125 1.0414938775510203
13.375 1.054895238095238
13.625 1.0611972789115647
13.875 1.0451809523809523
14.125 1.0126857142857142
14.375 1.037891156462585
14.625 1.0452598639455781
14.875 1.089752380952381
15.125 1.0101768707482994
15.375 1.0174421768707482
15.625 1.01203537414966
15.875 0.9798421768707483
16.125 0.959869387755102
16.375 0.9349795918367347
16.625 0.966334693877551
16.875 1.0217768707482993
17.125 1.0043020408163266
17.375 1.0130122448979593
17.625 0.964908843537415
17.875 1.005121088435374
18.125 1.0414884353741496
18.375 1.06043537414966
18.625 1.0758068027210885
18.875 1.0641469387755103
19.125 1.0529850340136055
19.375 1.0689523809523809
19.625 1.013504761904762
19.875 1.0106530612244897
20.125 1.0072027210884353
20.375 0.9713414965986394
20.625 0.9863727891156463
20.875 0.9606911564625851
21.125 0.9930367346938775
21.375 1.0286721088435373
21.625 1.0511537414965986
21.875 1.0401061224489796
22.125 1.0381115646258503
22.375 1.0401333333333334
22.625 1.0703074829931973
22.875 1.075956462585034
23.125 1.1020163265306122
23.375 1.0267510204081634
23.625 1.0208108843537416
23.875 1.016808163265306
24.125 1.0340462585034014
24.375 1.0194285714285714
24.625 1.0076
24.875 0.9887482993197279
