0.125 0.0389880303283
0.375 0.059357390895099026
0.625 0.03921605041444587
0.875 -0.0005239780904044989
1.125 -0.021124384153337384
1.375 -0.08833615462833201
1.625 -0.09510808851978399
1.875 -0.06931316630182488
2.125 -0.1045046439628483
2.375 -0.09965777043292691
2.625 -0.09856205898434564
2.875 -0.08546810454130253
3.125 -0.09481661024976668
3.375 -0.033845928488327875
3.625 -0.049717494816941196
3.875 -0.046872837170673184
4.125 -0.05144632855060232
4.375 -0.012933593195942361
4.625 0.03903902367915626
4.875 0.03329915038548801
5.125 0.025757181473948072
5.375 0.039709555403319746
5.625 0.02635665661282558
5.875 0.02416716034481804
6.125 0.0182706183901609
6.375 -0.00896246196195658
6.625 -0.05799897085405919
6.875 -0.037343332109706855
7.125 -0.05037641879379346
7.375 -0.03940593134925975
7.625 -0.05368286144426598
7.875 -0.09539073232295028
8.125 -0.055909941605921464
8.375 -0.03587375399245356
8.625 -0.09299730130186944
8.875 -0.0732323163016898
9.125 -0.03674238821199727
9.375 -0.006447250437313499
9.625 0.05745929929953215
9.875 0.014585080628371907
10.125 0.017015567559900236
10.375 0.07880063967409806
10.625 0.03189609852369585
10.875 -0.033689762990190227
11.125 -0.04302671518487004
11.375 -0.02304030429030429
11.625 0.010004865675681122
11.875 -0.008727319803783058
12.125 -0.042160636948247954
12.375 -0.04739733535161093
12.625 -0.009052301897284834
12.875 -0.033074501149052915
13.125 -0.11841964316040016
13.375 -0.09908325035983842
13.625 -0.11892099797430704
13.875 -0.11455230874971362
14.125 -0.06857766241582966
14.375 -0.06067509995411942
14.625 -0.06470415194737239
14.875 -0.0655157259715744
15.125 -0.04734942355349639
15.375 -0.049525286833730045
15.625 -0.0027290595096296816
15.875 -0.006720504759894694
16.125 -0.03644486778246474
16.375 -0.05737110926790937
16.625 -0.059629204117951834
16.875 -0.07786622210741326
17.125 -0.03851458081017446
17.375 -0.06973208481742335
17.625 -0.06491748542035623
17.875 -0.0208077275016108
18.125 -0.0017583416721750921
18.375 0.029632290677683405
18.625 0.014222516750598824
18.875 -0.00046027094616364167
19.125 0.030968648894493658
19.375 0.021830770797271155
19.625 0.04799671376754201
19.875 0.0703014148593891
20.125 0.08403958427327521
20.375 0.05565204724232985
20.625 0.05083698398861216
20.875 0.06994963943192826
21.125 0.08027872998649097
21.375 0.06844039075540224
21.625 0.07097869784803999
21.875 0.029036806814584593
22.125 -0.019276236808857528
22.375 -0.002289083817093047
22.625 -0.06731106580091423
22.875 -0.039664756432498595
23.125 -0.039509519964641186
23.375 -0.05040402193299782
23.625 -0.007676970155778519
23.875 0.0010142449227541434
24.125 -0.01787311979621696
24.375 -0.0036995515695067266
24.625 0.025393404682238118
24.875 0.039637829730436336
