# P_value  count
-1.0 0.0
-0.9333333333333333 0.0
-0.8666666666666667 0.0
-0.8 0.0
-0.7333333333333333 0.0
-0.6666666666666666 1.0
-0.6 2.0
-0.5333333333333333 78.0
-0.4666666666666667 72.0
-0.4 129.0
-0.3333333333333333 209.0
-0.26666666666666666 244.0
-0.2 281.0
-0.13333333333333333 351.0
-0.06666666666666667 447.0
0.0 1548.0
0.06666666666666667 594.0
0.13333333333333333 851.0
0.2 1173.0
0.26666666666666666 2045.0
0.3333333333333333 3625.0
0.4 6740.0
0.4666666666666667 11319.0
0.5333333333333333 17809.0
0.6 26078.0
0.6666666666666666 33675.0
0.7333333333333333 37139.0
0.8 33452.0
0.8666666666666667 22222.0
0.9333333333333333 10547.0
1.0 1310.0
