block_size         error    difference      rel_diff
-------------------------------------------------------
       2  3.061501e-08  1.265827e-08  4.134662e-01
       4  4.327328e-08  1.786782e-08  4.129065e-01
       8  6.114110e-08  2.517728e-08  4.117898e-01
      16  8.631838e-08  3.536448e-08  4.096982e-01
      32  1.216829e-07  4.939921e-08  4.059668e-01
      64  1.710821e-07  6.836283e-08  3.995908e-01
     128  2.394449e-07  9.324786e-08  3.894335e-01
     256  3.326928e-07  1.251447e-07  3.761570e-01
     512  4.578375e-07  1.664870e-07  3.636377e-01
    1024  6.243244e-07  2.225703e-07  3.564979e-01
    2048  8.468948e-07  3.043050e-07  3.593185e-01
    4096  1.151200e-06  3.966263e-07  3.445330e-01
    8192  1.547826e-06  4.742376e-07  3.063895e-01
   16384  2.022064e-06  4.790090e-07  2.368912e-01
   32768  2.501073e-06  3.415196e-07  1.365493e-01
   65536  2.842592e-06  4.992319e-07  1.756256e-01
  131072  3.341824e-06           ---           ---
