# k  S_s(k)
0.0 48.050000000026635
0.07853981633974483 1.2383786797425556
0.15707963267948966 0.1980644486316301
0.23561944901923448 0.9464066418065425
0.3141592653589793 0.3435945422476219
0.39269908169872414 0.36251365199778174
0.47123889803846897 0.3590820920709399
0.5497787143782138 0.3256578651467695
0.6283185307179586 0.1867743157467894
0.7068583470577035 0.47896532127147806
0.7853981633974483 1.0043406694760468
0.8639379797371931 0.9258851490117371
0.9424777960769379 1.0233105665915265
1.0210176124166828 1.2016699488898592
1.0995574287564276 0.9610592735578056
1.1780972450961724 2.220358201570444
1.2566370614359172 1.4427608351237087
1.335176877775662 1.0161130483220926
1.413716694115407 1.2042110929379084
1.4922565104551517 1.7697090063868568
1.5707963267948966 0.9977798362580983
1.6493361431346414 1.1351219819631844
1.7278759594743862 1.2731293801311638
1.806415775814131 1.0282239666383945
1.8849555921538759 0.930136048891813
1.9634954084936207 1.1035106799807683
2.0420352248333655 1.0792751331297306
2.1205750411731104 0.9750461156660643
2.199114857512855 1.0895385836203855
2.2776546738526 0.849547486955104
2.356194490192345 0.8276391660446887
2.4347343065320897 0.977641618246994
2.5132741228718345 0.5807090242647616
2.5918139392115793 0.6819107095240379
2.670353755551324 1.0323011366171106
2.748893571891069 0.8315275827709387
2.827433388230814 1.160090610165921
2.9059732045705586 0.9934203212604775
2.9845130209103035 1.220764851004648
3.0630528372500483 0.6114555185314969
3.141592653589793 0.7758936265872323
3.220132469929538 1.0988701900022027
3.2986722862692828 1.222647931124372
3.3772121026090276 0.8418892044722798
3.4557519189487724 0.8155964613037049
3.5342917352885173 0.9196483454977596
3.612831551628262 0.9291182146833504
3.691371367968007 0.7956796244941757
3.7699111843077517 1.3401119869237779
3.8484510006474966 1.2157776958570372
3.9269908169872414 1.1040408420978856
4.005530633326986 1.046801787997289
4.084070449666731 1.1140674937180985
4.162610266006476 0.9522222051592942
4.241150082346221 1.3489437491819039
4.319689898685965 0.9977004458634537
4.39822971502571 0.9627371529810943
4.476769531365456 1.1703840360513105
4.5553093477052 0.9176362222925069
4.633849164044944 0.995150816649859
4.71238898038469 0.889076764482801
4.790928796724435 1.081315438757524
4.869468613064179 0.9724765765204753
4.948008429403924 1.0572280535958536
5.026548245743669 0.9833218086094778
5.105088062083414 0.8433552649173285
5.183627878423159 0.9239616539285239
5.262167694762903 0.9996011628527597
5.340707511102648 1.170619738749277
5.419247327442394 0.8425021241622532
5.497787143782138 0.966432440590194
5.576326960121882 0.9255607287254167
5.654866776461628 0.9655241523344144
5.733406592801373 0.8471337182785306
5.811946409141117 1.1843738915137598
5.890486225480862 0.9608956244481263
5.969026041820607 0.9664679476280226
6.047565858160352 0.8794597861029851
6.126105674500097 1.0461711759956323
6.204645490839841 1.3302102736712107
6.283185307179586 1.044760145705512
6.3617251235193315 0.8825597539762884
6.440264939859076 0.8965573429388025
6.51880475619882 1.2213594219394588
6.5973445725385655 1.0442007020704789
6.675884388878311 1.1221336258333545
6.754424205218055 0.8721022770051808
6.8329640215578 0.9956926229523279
6.911503837897545 0.9675387650507995
6.99004365423729 1.150750241058282
7.0685834705770345 1.2558302569891857
7.147123286916779 1.055378012017835
7.225663103256524 0.8768778422784145
7.304202919596269 1.1116926964581957
7.382742735936014 1.0132339026688981
7.461282552275758 0.92329815394399
7.5398223686155035 1.1507493967177067
7.618362184955249 0.8927950070954125
7.696902001294993 1.0214137196852018
7.7754418176347375 1.2127538855819995
