0.15 0.12508225000444595
0.44999999999999996 0.14146966174315515
0.75 0.09069684401351388
1.05 0.017275010015609025
1.3499999999999999 0.02194038878377535
1.65 0.06912769144700306
1.95 0.0904223499039075
2.25 0.18696838885770148
2.55 0.18283057004106307
2.85 0.1882103726827686
3.15 0.16025925418041317
3.4499999999999997 0.1323745993242658
3.75 0.07237402768646974
4.05 0.03065958371930355
4.35 -0.0034384821926510293
4.6499999999999995 0.004791279976405639
4.95 -0.02169953043582766
5.25 -0.07198827912079518
5.55 -0.14260667542100175
5.85 -0.11544456008918147
6.1499999999999995 -0.16079257891249488
6.45 -0.14336849832290982
6.75 -0.15837134984553025
7.05 -0.14752731897224966
7.35 -0.15752274696707105
7.6499999999999995 -0.14824745810481854
7.949999999999999 -0.15706273304522833
8.25 -0.16545018796821712
8.549999999999999 -0.1780489441863587
8.85 -0.15487515077972075
9.15 -0.1635910932351065
9.45 -0.16846390331080227
9.75 -0.13681250832532302
10.049999999999999 -0.10680469184965698
10.35 -0.10518136901452897
10.65 -0.10359423915145984
10.95 -0.0686435235900729
11.25 -0.04333363855682856
11.549999999999999 -0.08362168075436514
11.85 -0.05567372803585746
12.15 -0.042742529435448234
12.45 -0.0429024362454868
12.75 0.017440241133939983
13.049999999999999 0.03171695575956496
13.35 -0.01705799719044752
13.65 -0.021381275787264814
13.95 -0.015829620505773006
14.25 0.01552156501374049
14.549999999999999 0.0917977955150133
14.85 0.052408016528309204
15.149999999999999 0.0381993626890555
15.45 0.03509560162948564
15.75 0.036666712109733324
16.05 0.048954504248727375
16.349999999999998 0.008061590472772768
16.65 0.020450455765656805
16.95 0.059984827817612864
17.25 0.06053238870439735
17.55 0.10743581341878586
17.849999999999998 0.09165038707929148
18.15 0.12389363950447041
18.45 0.11149683554777569
18.75 0.11186676192880766
19.05 0.12642660314791462
19.349999999999998 0.10497610410109671
19.65 0.06477150261356672
19.95 0.05663947956658029
20.25 0.028752582567296462
20.55 -0.008359733144497037
20.849999999999998 -0.00030110195973312085
21.15 0.014625660929762186
21.45 0.04681753084008723
21.75 0.018137636420451568
22.05 -0.04121530646592613
22.349999999999998 -0.07055692298567658
22.65 -0.060552273101833524
22.95 -0.10316763951370041
23.25 -0.09064814084447428
23.55 -0.07913860039154527
23.849999999999998 -0.06918880807481075
24.15 -0.08836004520807522
24.45 -0.13288731714202928
24.75 -0.11669845673660482
25.05 -0.11658927234806368
25.349999999999998 -0.11299064603549261
25.65 -0.09039303428069463
25.95 -0.07717894903575813
26.25 -0.048181724817238834
26.55 -0.07786103364208939
26.849999999999998 -0.0387655507664018
27.15 -0.02444795881127196
27.45 -0.020809833752506068
27.75 -0.012707499019999883
28.05 -0.03093597255532955
28.349999999999998 -0.03375423304125982
28.65 -0.05375740210124164
28.95 -0.014567460199816192
29.25 0.024117580297355577
29.549999999999997 0.0782246572050311
29.849999999999998 0.0914370661054902
