# P_value  count
-1.0 360.0
-0.9666666666666667 735.0
-0.9333333333333333 1196.0
-0.9 1055.0
-0.8666666666666667 1411.0
-0.8333333333333334 561.0
-0.8 189.0
-0.7666666666666667 429.0
-0.7333333333333333 87.0
-0.7 34.0
-0.6666666666666666 13.0
-0.6333333333333333 4.0
-0.6 0.0
-0.5666666666666667 0.0
-0.5333333333333333 0.0
-0.5 0.0
-0.4666666666666667 0.0
-0.43333333333333335 0.0
-0.4 0.0
-0.36666666666666664 0.0
-0.3333333333333333 0.0
-0.3 0.0
-0.26666666666666666 0.0
-0.23333333333333334 0.0
-0.2 0.0
-0.16666666666666666 0.0
-0.13333333333333333 0.0
-0.1 0.0
-0.06666666666666667 0.0
-0.03333333333333333 0.0
0.0 985.0
0.03333333333333333 0.0
0.06666666666666667 0.0
0.1 0.0
0.13333333333333333 0.0
0.16666666666666666 0.0
0.2 0.0
0.23333333333333334 0.0
0.26666666666666666 0.0
0.3 0.0
0.3333333333333333 0.0
0.36666666666666664 0.0
0.4 0.0
0.43333333333333335 0.0
0.4666666666666667 0.0
0.5 0.0
0.5333333333333333 0.0
0.5666666666666667 0.0
0.6 0.0
0.6333333333333333 46.0
0.6666666666666666 39.0
0.7 217.0
0.7333333333333333 658.0
0.7666666666666667 1857.0
0.8 5506.0
0.8333333333333334 12527.0
0.8666666666666667 24727.0
0.9 40613.0
0.9333333333333333 47585.0
0.9666666666666667 41875.0
1.0 15789.0
