block_size         error    difference      rel_diff
-------------------------------------------------------
       2  6.605172e-08  2.730182e-08  4.133401e-01
       4  9.335354e-08  3.852744e-08  4.127046e-01
       8  1.318810e-07  5.425599e-08  4.114012e-01
      16  1.861370e-07  7.610987e-08  4.088918e-01
      32  2.622468e-07  1.059897e-07  4.041599e-01
      64  3.682365e-07  1.456653e-07  3.955753e-01
     128  5.139018e-07  1.953534e-07  3.801377e-01
     256  7.092552e-07  2.510263e-07  3.539295e-01
     512  9.602816e-07  2.966942e-07  3.089658e-01
    1024  1.256976e-06  3.115337e-07  2.478438e-01
    2048  1.568509e-06  2.601088e-07  1.658319e-01
    4096  1.828618e-06  2.022936e-07  1.106265e-01
    8192  2.030912e-06  2.425316e-07  1.194200e-01
   16384  2.273443e-06  5.139622e-08  2.260721e-02
   32768  2.324840e-06  -4.110199e-08  1.767950e-02
   65536  2.283738e-06  -7.683160e-08  3.364292e-02
  131072  2.206906e-06           ---           ---
