0.125 0.06298270815427427
0.375 0.038658247043910264
0.625 0.008967179414475083
0.875 -0.0392114067372462
1.125 -0.021743345270408977
1.375 -0.033265943760338174
1.625 -0.03939155218575874
1.875 -0.09313519673704415
2.125 -0.11049397246415281
2.375 -0.08741627578296225
2.625 -0.10923576245736606
2.875 -0.08757430728470486
3.125 -0.055936215936961575
3.375 -0.06521178338443863
3.625 -0.08035450756970601
3.875 -0.07003139021684687
4.125 0.004869655891553702
4.375 0.012199831762944466
4.625 0.032833957880438344
4.875 0.019223216408798597
5.125 0.0024141855705777553
5.375 -0.026615734455416044
5.625 0.026070047582433503
5.875 0.022178833170624388
6.125 -0.02333689902971743
6.375 -0.017232407776449226
6.625 -0.04145473668641484
6.875 -0.0444923442033127
7.125 0.008408669219533378
7.375 -0.013674319943832813
7.625 0.011505036118478845
7.875 -0.01947139291555821
8.125 -0.010958979133577962
8.375 -0.025503782654356703
8.625 -0.046904412250727806
8.875 -0.013724918553406604
9.125 -0.009183753564918585
9.375 0.006418112814318786
9.625 0.02117479146924976
9.875 -0.014321650374372967
10.125 -0.016057047029490665
10.375 0.02300230779235313
10.625 -0.027707015051509545
10.875 -0.058209126139863426
11.125 -0.07661737216093543
11.375 -0.08997935767676828
11.625 -0.0668393172454385
11.875 -0.08717207188597398
12.125 -0.08254292113864321
12.375 -0.08928220527794307
12.625 -0.05161754212037194
12.875 -0.051157233142492785
13.125 -0.06105031243064895
13.375 -0.06328145851725625
13.625 -0.06881291640324855
13.875 -0.03571509879263286
14.125 -0.06443518497202974
14.375 -0.07530884645618574
14.625 -0.08116566849497063
14.875 -0.06103036748198039
15.125 -0.024769292129113888
15.375 0.0018682250267743486
15.625 -0.03501255403129939
15.875 -0.046945087688047546
16.125 -0.04162769660078809
16.375 -0.0574702063491204
16.625 -0.06107484622942435
16.875 -0.059908655573171425
17.125 -0.07727292605064066
17.375 -0.06579294952315745
17.625 -0.09998718797377805
17.875 -0.028812256764111442
18.125 -0.021923134110546343
18.375 -0.02362756056004917
18.625 0.011089518209478027
18.875 0.02340028429744892
19.125 0.020647726436032018
19.375 0.026930991268830293
19.625 0.08186212934414373
19.875 0.05966221812196631
20.125 0.053155964592188104
20.375 0.07327745749735072
20.625 0.07462943677521905
20.875 0.08560887656033288
21.125 0.05043748695828652
21.375 0.011940031527049538
21.625 -0.04442499933709861
21.875 -0.021374368588772025
22.125 -0.03559814816690811
22.375 -0.0001073542544003045
22.625 -0.0014938871548377509
22.875 -0.007225879514261738
23.125 0.010791870273658993
23.375 -0.0021378363764921185
23.625 0.02320294289243816
23.875 0.04118044119462414
24.125 0.02003225248450151
24.375 0.06873093417038773
24.625 0.07117615393841013
24.875 0.03750780770771304
