# block  <|P|>
1 0.0
2 0.8018333333333224
3 0.8335333333333328
4 0.8162829496162902
5 0.8401999999999964
6 0.8431000000000026
7 0.8459333333333224
8 0.8397333333333332
9 0.8497666666666677
10 0.8349999999999944
11 0.8458999999999988
12 0.8610000000000003
13 0.8488666666666596
14 0.8489999999999976
15 0.8452333333333347
16 0.84010677344011
17 0.825966666666659
18 0.8226773226773251
19 0.8571428571428517
20 0.8151666666666666
21 0.8470999999999955
22 0.8722333333333342
23 0.8291666666666706
24 0.8502333333333291
25 0.8238666666666641
26 0.8350333333333251
27 0.7888221554888244
28 0.8479333333333231
29 0.8331333333333357
30 0.8325999999999982
31 0.8581666666666561
32 0.8600999999999972
33 0.8319333333333343
34 0.9017333333333301
35 0.8660999999999979
36 0.8203796203796224
37 0.862095428762089
38 0.870433333333329
39 0.8145666666666704
40 0.8453333333333206
41 0.8216883550216867
42 0.8787333333333277
43 0.8471999999999932
44 0.8093333333333261
45 0.8335333333333295
46 0.813233333333322
47 0.8019666666666575
48 0.8776333333333391
49 0.8686666666666621
50 0.8393333333333282
51 0.8542999999999996
52 0.8253253253253225
53 0.8675333333333215
54 0.856066666666666
55 0.8578666666666616
56 0.8400666666666676
57 0.876399999999988
58 0.8545545545545565
59 0.838199999999995
60 0.8530999999999982
61 0.8139472806139499
62 0.8338661338661396
63 0.8670666666666547
64 0.8243333333333329
65 0.8398666666666686
66 0.8335662009314692
67 0.8116883116883136
68 0.8709580838323243
69 0.8434333333333269
70 0.8430236430236364
71 0.8294000000000072
72 0.8497999999999972
73 0.8434666666666725
74 0.9006666666666489
75 0.8185333333333212
76 0.8543209876543157
77 0.900699999999994
78 0.8391333333333322
79 0.8285666666666679
80 0.859926593259919
81 0.8519666666666599
82 0.8461538461538453
83 0.8324666666666689
84 0.8224666666666688
85 0.8186333333333279
86 0.85699032365699
87 0.8252081252081231
88 0.8423576423576375
89 0.8130130130130087
90 0.8383999999999989
91 0.81843333333333
92 0.8450784117450764
93 0.840866666666659
94 0.8273666666666596
95 0.8533666666666593
96 0.8653333333333315
97 0.8512333333333251
98 0.8656333333333255
99 0.8305305305305327
100 0.8665334665334595
101 0.839094239094239
102 0.844566666666664
103 0.8833666666666603
104 0.8418581418581388
105 0.879099999999992
106 0.8339666666666625
107 0.8434666666666628
108 0.8404333333333184
109 0.8320653987320658
110 0.8469863469863476
111 0.832132132132124
112 0.840674007340673
113 0.8276333333333254
114 0.8330999999999967
115 0.8467333333333283
116 0.842899999999999
117 0.8912333333333283
118 0.8349333333333256
119 0.8550333333333248
120 0.8565333333333193
121 0.8370370370370283
122 0.8503333333333258
123 0.8690000000000009
124 0.8468333333333367
125 0.826773226773231
126 0.8432666666666621
127 0.8669333333333263
128 0.8322999999999944
129 0.8305999999999965
130 0.8579666666666608
131 0.8504333333333274
132 0.8514485514485466
133 0.8413999999999966
134 0.8036666666666579
135 0.8187520854187579
136 0.8463536463536396
137 0.8397397397397358
138 0.8021000000000003
139 0.8685333333333359
140 0.8684666666666625
141 0.8115999999999924
142 0.8363000000000012
143 0.8625333333333303
144 0.8510510510510423
145 0.8333333333333324
146 0.8191666666666692
147 0.843710377043702
148 0.8235333333333344
149 0.8331999999999924
150 0.8594666666666608
151 0.8861138861138788
152 0.8438666666666691
153 0.8314666666666615
154 0.8153333333333297
155 0.8373666666666675
156 0.8490666666666645
157 0.8014333333333322
158 0.8262071262071259
159 0.857866666666673
160 0.8491841491841456
161 0.8514028056112208
162 0.8463333333333382
163 0.8681651681651656
164 0.8840666666666567
165 0.8360026693359996
166 0.8566200931470438
167 0.8255333333333191
168 0.8835333333333277
169 0.8407741074407745
170 0.8471471471471532
171 0.8584666666666634
172 0.8202666666666635
173 0.8541999999999957
174 0.83419913419913
175 0.8247333333333366
176 0.8625666666666622
177 0.8809000000000015
178 0.8501666666666666
179 0.8470666666666712
180 0.8441999999999994
181 0.8782333333333233
182 0.8269333333333375
183 0.879866666666659
184 0.8547452547452487
185 0.8482482482482456
186 0.8378621378621441
187 0.8165333333333271
188 0.8588999999999981
189 0.8725666666666694
190 0.8515333333333307
191 0.8174492174492113
192 0.8636363636363565
193 0.7988333333333348
194 0.8453213453213457
195 0.8503999999999984
196 0.8304695304695296
197 0.8706666666666563
198 0.86453333333334
199 0.8713000000000023
200 0.8833999999999965
201 0.8254999999999955
202 0.8135
203 0.8257000000000039
204 0.8438999999999942
205 0.8564564564564566
206 0.8315000000000077
207 0.8488666666666718
208 0.871733333333329
