# P_value  count
-1.0 0.0
-0.9777777777777777 0.0
-0.9555555555555556 0.0
-0.9333333333333333 0.0
-0.9111111111111111 3.0
-0.8888888888888888 11.0
-0.8666666666666667 133.0
-0.8444444444444444 175.0
-0.8222222222222222 800.0
-0.8 852.0
-0.7777777777777778 1544.0
-0.7555555555555555 2188.0
-0.7333333333333333 3948.0
-0.7111111111111111 5346.0
-0.6888888888888889 7199.0
-0.6666666666666666 8013.0
-0.6444444444444445 9950.0
-0.6222222222222222 11801.0
-0.6 13666.0
-0.5777777777777777 13153.0
-0.5555555555555556 14182.0
-0.5333333333333333 13087.0
-0.5111111111111111 12309.0
-0.4888888888888889 12583.0
-0.4666666666666667 10290.0
-0.4444444444444444 9599.0
-0.4222222222222222 6813.0
-0.4 6125.0
-0.37777777777777777 5315.0
-0.35555555555555557 4607.0
-0.3333333333333333 4097.0
-0.3111111111111111 2828.0
-0.28888888888888886 2226.0
-0.26666666666666666 1869.0
-0.24444444444444444 1313.0
-0.2222222222222222 1014.0
-0.2 821.0
-0.17777777777777778 598.0
-0.15555555555555556 658.0
-0.13333333333333333 708.0
-0.1111111111111111 362.0
-0.08888888888888889 201.0
-0.06666666666666667 264.0
-0.044444444444444446 257.0
-0.022222222222222223 185.0
0.0 1186.0
0.022222222222222223 226.0
0.044444444444444446 78.0
0.06666666666666667 143.0
0.08888888888888889 63.0
0.1111111111111111 116.0
0.13333333333333333 141.0
0.15555555555555556 68.0
0.17777777777777778 61.0
0.2 64.0
0.2222222222222222 103.0
0.24444444444444444 154.0
0.26666666666666666 287.0
0.28888888888888886 120.0
0.3111111111111111 188.0
0.3333333333333333 377.0
0.35555555555555557 568.0
0.37777777777777777 501.0
0.4 506.0
0.4222222222222222 627.0
0.4444444444444444 526.0
0.4666666666666667 625.0
0.4888888888888889 902.0
0.5111111111111111 802.0
0.5333333333333333 889.0
0.5555555555555556 617.0
0.5777777777777777 842.0
0.6 742.0
0.6222222222222222 870.0
0.6444444444444445 727.0
0.6666666666666666 422.0
0.6888888888888889 390.0
0.7111111111111111 426.0
0.7333333333333333 285.0
0.7555555555555555 124.0
0.7777777777777778 44.0
0.8 54.0
0.8222222222222222 8.0
0.8444444444444444 0.0
0.8666666666666667 0.0
0.8888888888888888 0.0
0.9111111111111111 0.0
0.9333333333333333 0.0
0.9555555555555556 0.0
0.9777777777777777 0.0
1.0 0.0
