# block  <P>
1 0.0
2 0.08048888888888864
3 0.1406444444444448
4 0.0990768546324101
5 0.023822222222222487
6 -0.09006666666666618
7 -0.12534756979201508
8 -0.07595555555555515
9 -0.12626564750193886
10 -0.17206666666666662
11 -0.12017777777777777
12 -0.03906666666666723
13 -0.09983316649983325
14 -0.14985014985014997
15 -0.31188888888888905
16 -0.1850294739183612
17 -0.1520666666666667
18 -0.11080031080030905
19 -0.3272222222222229
20 -0.374088888888889
21 -0.3500277500277508
22 -0.4080444444444452
23 -0.38522967411856435
24 -0.4177733288844397
25 -0.4706222222222194
26 -0.46361917473028436
27 -0.4768222222222224
28 -0.4813408813408844
29 -0.49695555555555593
30 -0.4423777777777815
31 -0.44448893337782297
32 -0.4534666666666665
33 -0.4738961183405617
34 -0.43122222222222456
35 -0.3989111111111083
36 -0.4809111111111096
37 -0.5356666666666681
38 -0.5581333333333317
39 -0.5208791208791184
40 -0.5174825174825176
41 -0.5413999999999985
42 -0.5515555555555575
43 -0.5223777777777779
44 -0.4934666666666685
45 -0.4936444444444455
46 -0.4807333333333326
47 -0.46731175620064697
48 -0.4888444444444428
49 -0.4430193720774864
50 -0.45833333333333476
51 -0.5122678233789364
52 -0.45088888888888945
53 -0.4873999999999993
54 -0.5126888888888914
55 -0.4589999999999998
56 -0.5196222222222228
57 -0.5174888888888903
58 -0.500399999999998
59 -0.5148444444444441
60 -0.5018222222222222
61 -0.4973999999999988
62 -0.5612666666666641
63 -0.5785777777777779
64 -0.5530222222222252
65 -0.5345333333333335
66 -0.4920444444444425
67 -0.5293777777777788
68 -0.5241425241425235
69 -0.5596000000000035
70 -0.5337555555555575
71 -0.5155157149181071
72 -0.5449120463148542
73 -0.5174888888888884
74 -0.5173555555555557
75 -0.5406222222222204
76 -0.49588888888888816
77 -0.5297405189620745
78 -0.5426666666666662
79 -0.5049839049839017
80 -0.4719777777777788
81 -0.460355555555555
82 -0.5085999999999995
83 -0.48691111111111063
84 -0.4845598845598833
85 -0.5055943281267308
86 -0.5353333333333342
87 -0.4950444444444436
88 -0.5122222222222232
89 -0.5508444444444417
90 -0.5131333333333352
91 -0.5458666666666675
92 -0.529866666666666
93 -0.4850260850260869
94 -0.5154666666666682
95 -0.572133333333334
96 -0.5389389389389375
97 -0.5691999999999995
98 -0.5292444444444412
99 -0.5261261261261264
100 -0.5135333333333328
101 -0.556554556554559
102 -0.5069026942774434
103 -0.5192444444444442
104 -0.47902222222222374
105 -0.5365111111111094
106 -0.5146888888888911
107 -0.5557109557109539
108 -0.5388000000000011
109 -0.5197197197197179
110 -0.508464019575128
111 -0.49844444444444286
112 -0.5281333333333329
113 -0.4492000000000012
114 -0.3233777777777785
115 -0.35935555555555604
116 -0.40979999999999756
117 -0.4170222222222233
118 -0.42197777777777923
119 -0.4541777777777803
120 -0.44933333333333253
121 -0.5474808141474807
122 -0.5168888888888921
123 -0.5475857475857487
124 -0.5241333333333321
125 -0.510244444444446
126 -0.46586666666666804
127 -0.46321531952794287
128 -0.525280836391948
129 -0.5292444444444439
130 -0.4788222222222232
131 -0.5094000000000013
132 -0.5302444444444461
133 -0.5624888888888905
134 -0.5182666666666658
135 -0.5187333333333319
136 -0.5280000000000009
137 -0.5201111111111111
138 -0.5284493284493308
139 -0.49574869574869584
140 -0.5026444444444428
141 -0.47757777777777877
142 -0.4857777777777791
143 -0.42908888888888597
144 -0.43917777777777794
145 -0.5026666666666665
146 -0.459955555555557
147 -0.47648888888889124
148 -0.5218444444444447
149 -0.4952222222222212
150 -0.5336666666666642
151 -0.558288888888885
152 -0.5431111111111083
153 -0.5118451785118439
154 -0.4972138972138962
155 -0.5602666666666648
156 -0.5098666666666665
157 -0.43977310643977335
158 -0.41528888888889
159 -0.4228444444444414
160 -0.4289333333333344
161 -0.33764444444444386
162 -0.2920222222222201
163 -0.2711600489378238
164 -0.2744666666666691
165 -0.2980352980352982
166 -0.31934156378600737
167 -0.27956487956488074
168 -0.29431111111111136
169 -0.3953777777777774
170 -0.49231111111110953
171 -0.49288888888889226
172 -0.5500721500721499
173 -0.5487777777777805
174 -0.5431111111111095
175 -0.5075777777777787
176 -0.5406444444444451
177 -0.5250666666666661
178 -0.5570666666666663
179 -0.5111555555555553
180 -0.5498057498057475
181 -0.538933333333334
182 -0.4820888888888894
183 -0.5364635364635412
184 -0.5130647130647114
185 -0.5024000000000021
186 -0.5003333333333335
187 -0.5030666666666661
188 -0.5196444444444466
189 -0.5297999999999977
190 -0.5186444444444457
191 -0.5444222222222203
192 -0.5188222222222226
193 -0.5462222222222239
194 -0.5288888888888866
195 -0.5650222222222241
196 -0.5290444444444451
197 -0.510333333333333
198 -0.48926666666666757
199 -0.5366855366855323
200 -0.4949050949050971
201 -0.5249333333333307
202 -0.5407111111111118
203 -0.5566222222222243
204 -0.55073815073815
205 -0.5391555555555566
206 -0.5451659451659449
207 -0.5503281058836608
208 -0.5352869352869337
