# P_value  count
-1.0 0.0
-0.9333333333333333 32.0
-0.8666666666666667 49.0
-0.8 46.0
-0.7333333333333333 245.0
-0.6666666666666666 787.0
-0.6 1571.0
-0.5333333333333333 2629.0
-0.4666666666666667 4506.0
-0.4 6431.0
-0.3333333333333333 8680.0
-0.26666666666666666 11110.0
-0.2 13714.0
-0.13333333333333333 14856.0
-0.06666666666666667 16181.0
0.0 17188.0
0.06666666666666667 16015.0
0.13333333333333333 15157.0
0.2 13668.0
0.26666666666666666 11352.0
0.3333333333333333 8860.0
0.4 7169.0
0.4666666666666667 4769.0
0.5333333333333333 3182.0
0.6 1806.0
0.6666666666666666 650.0
0.7333333333333333 311.0
0.8 185.0
0.8666666666666667 25.0
0.9333333333333333 0.0
1.0 0.0
