# P_value  count
-1.0 0.0
-0.975 0.0
-0.95 0.0
-0.925 0.0
-0.9 42.0
-0.875 50.0
-0.85 136.0
-0.825 412.0
-0.8 1241.0
-0.775 2229.0
-0.75 4969.0
-0.725 5835.0
-0.7 8529.0
-0.675 10039.0
-0.65 12294.0
-0.625 15079.0
-0.6 15788.0
-0.575 14986.0
-0.55 15973.0
-0.525 14926.0
-0.5 12857.0
-0.475 11493.0
-0.45 9689.0
-0.425 7574.0
-0.4 5973.0
-0.375 5229.0
-0.35 3802.0
-0.325 2501.0
-0.3 2082.0
-0.275 1335.0
-0.25 969.0
-0.225 678.0
-0.2 562.0
-0.175 447.0
-0.15 400.0
-0.125 273.0
-0.1 235.0
-0.075 263.0
-0.05 259.0
-0.025 178.0
0.0 1171.0
0.025 209.0
0.05 173.0
0.075 180.0
0.1 139.0
0.125 162.0
0.15 134.0
0.175 191.0
0.2 85.0
0.225 140.0
0.25 117.0
0.275 160.0
0.3 61.0
0.325 98.0
0.35 50.0
0.375 102.0
0.4 5.0
0.425 24.0
0.45 42.0
0.475 15.0
0.5 37.0
0.525 17.0
0.55 2.0
0.575 10.0
0.6 11.0
0.625 0.0
0.65 0.0
0.675 0.0
0.7 0.0
0.725 0.0
0.75 0.0
0.775 0.0
0.8 0.0
0.825 0.0
0.85 0.0
0.875 0.0
0.9 0.0
0.925 0.0
0.95 0.0
0.975 0.0
1.0 0.0
