block_size         error    difference      rel_diff
-------------------------------------------------------
       2  1.609300e-07  6.665753e-08  4.142020e-01
       4  2.275875e-07  9.426537e-08  4.141940e-01
       8  3.218529e-07  1.333039e-07  4.141766e-01
      16  4.551568e-07  1.885000e-07  4.141431e-01
      32  6.436569e-07  2.665246e-07  4.140787e-01
      64  9.101815e-07  3.767675e-07  4.139477e-01
     128  1.286949e-06  5.324491e-07  4.137298e-01
     256  1.819398e-06  7.521171e-07  4.133879e-01
     512  2.571515e-06  1.061391e-06  4.127494e-01
    1024  3.632906e-06  1.497423e-06  4.121833e-01
    2048  5.130330e-06  2.109748e-06  4.112305e-01
    4096  7.240078e-06  2.976665e-06  4.111371e-01
    8192  1.021674e-05  4.172677e-06  4.084156e-01
   16384  1.438942e-05  5.811420e-06  4.038676e-01
   32768  2.020084e-05  7.777322e-06  3.849999e-01
   65536  2.797816e-05  9.898677e-06  3.538001e-01
  131072  3.787684e-05           ---           ---
