block_size         error    difference      rel_diff
-------------------------------------------------------
       2  1.768526e-07  7.321891e-08  4.140109e-01
       4  2.500715e-07  1.035003e-07  4.138827e-01
       8  3.535718e-07  1.462433e-07  4.136169e-01
      16  4.998151e-07  2.064789e-07  4.131106e-01
      32  7.062940e-07  2.911081e-07  4.121628e-01
      64  9.974022e-07  4.094245e-07  4.104909e-01
     128  1.406827e-06  5.733751e-07  4.075663e-01
     256  1.980202e-06  7.980632e-07  4.030211e-01
     512  2.778265e-06  1.100055e-06  3.959505e-01
    1024  3.878320e-06  1.504783e-06  3.879986e-01
    2048  5.383103e-06  2.052292e-06  3.812469e-01
    4096  7.435395e-06  2.734774e-06  3.678048e-01
    8192  1.017017e-05  3.524212e-06  3.465245e-01
   16384  1.369438e-05  4.032867e-06  2.944907e-01
   32768  1.772725e-05  4.550001e-06  2.566671e-01
   65536  2.227725e-05  2.934770e-06  1.317384e-01
  131072  2.521202e-05           ---           ---
