# k  S_n(k)
0.0 80.0
0.07853981633974483 0.699135619065231
0.15707963267948966 0.6435718821225983
0.23561944901923448 0.3820207760654331
0.3141592653589793 0.3626816405590422
0.39269908169872414 0.21290883285382825
0.47123889803846897 0.3945046239207956
0.5497787143782138 0.4640791397869475
0.6283185307179586 0.203465445261879
0.7068583470577035 0.6649439501752844
0.7853981633974483 0.36026030780621376
0.8639379797371931 1.7178153664950995
0.9424777960769379 2.2106251354657993
1.0210176124166828 0.9034880553007644
1.0995574287564276 1.1848357956424092
1.1780972450961724 1.6854244743762843
1.2566370614359172 2.224338046663727
1.335176877775662 0.6783004691386901
1.413716694115407 0.9414048233689443
1.4922565104551517 2.0212524810647174
1.5707963267948966 0.49903520331771756
1.6493361431346414 1.0133960471111425
1.7278759594743862 1.1340704924479814
1.806415775814131 0.7608426298206754
1.8849555921538759 0.7031336535609647
1.9634954084936207 1.3165810132099574
2.0420352248333655 0.7819751057451962
2.1205750411731104 0.7160143601447291
2.199114857512855 0.9575902524285734
2.2776546738526 0.520043015695632
2.356194490192345 0.8763667191565158
2.4347343065320897 0.7790497290609958
2.5132741228718345 0.7955238931451042
2.5918139392115793 0.6110460123876558
2.670353755551324 1.2588270077053416
2.748893571891069 0.7047811612557272
2.827433388230814 1.1259379976565314
2.9059732045705586 0.9804272168111177
2.9845130209103035 1.0319571154823175
3.0630528372500483 0.9252233359652104
3.141592653589793 1.0819303088666328
3.220132469929538 0.6370180660097886
3.2986722862692828 1.2814276727525085
3.3772121026090276 0.9165800854102428
3.4557519189487724 0.9499560395326583
3.5342917352885173 0.9209658063056824
3.612831551628262 0.8669822013772617
3.691371367968007 0.9075304440927642
3.7699111843077517 1.0535280935586389
3.8484510006474966 1.0764248960765639
3.9269908169872414 1.2111264886841946
4.005530633326986 0.953488511620695
4.084070449666731 0.9598388270776812
4.162610266006476 1.0384467863134887
4.241150082346221 1.2685136548944569
4.319689898685965 0.8974049223408672
4.39822971502571 0.9158903288128051
4.476769531365456 1.2509592515232546
4.5553093477052 1.0197539033428764
4.633849164044944 0.7278306035916661
4.71238898038469 0.9666859648884366
4.790928796724435 1.0867432561863555
4.869468613064179 1.0265111449632858
4.948008429403924 1.2116534453522223
5.026548245743669 1.0674704994150432
5.105088062083414 0.9503857579049702
5.183627878423159 0.958676050906277
5.262167694762903 1.0158334846710997
5.340707511102648 1.2463621303551589
5.419247327442394 0.8225969496856727
5.497787143782138 0.8374648123594337
5.576326960121882 0.8658829384115115
5.654866776461628 0.8001765059670577
5.733406592801373 0.9194952089414153
5.811946409141117 0.9892111831305266
5.890486225480862 0.9870630985754297
5.969026041820607 1.0777740206367006
6.047565858160352 1.023421171208198
6.126105674500097 1.0896787499211187
6.204645490839841 1.1937722823632237
6.283185307179586 0.970536767699845
6.3617251235193315 1.0817730948695845
6.440264939859076 1.0112004166586877
6.51880475619882 1.0878338380333954
6.5973445725385655 1.057517054621097
6.675884388878311 1.026724919214289
6.754424205218055 0.9574515134130467
6.8329640215578 1.0167666783945901
6.911503837897545 0.815655133595059
6.99004365423729 1.0023640360052448
7.0685834705770345 1.0738319434232733
7.147123286916779 1.0287734564046649
7.225663103256524 0.8920889459871284
7.304202919596269 1.0214997944812745
7.382742735936014 1.0077424752838369
7.461282552275758 0.9343648992443815
7.5398223686155035 1.0691969503569763
7.618362184955249 1.02315170966434
7.696902001294993 1.0032786791501982
7.7754418176347375 1.1484007244509116
