# k values and corresponding S(k) [pure estimator]
0.0 1.1719543836737003
0.3141592653589793 0.9759089213708539
0.6283185307179586 0.9698687227597695
0.9424777960769379 0.9793527685003165
1.2566370614359172 0.966631272179744
1.5707963267948966 0.9767091369356481
1.8849555921538759 0.9690032535351933
2.199114857512855 0.9691591197347635
2.5132741228718345 0.9659777834771912
2.827433388230814 0.9731636987790787
3.141592653589793 0.9733601284664034
3.4557519189487724 0.9710983286121879
3.7699111843077517 0.9708306628463684
4.084070449666731 0.9750989731044124
4.39822971502571 0.976289194784754
4.71238898038469 0.9739421552311174
5.026548245743669 0.9701086407774837
5.340707511102648 0.9727084467400406
5.654866776461628 0.9670645915239343
5.969026041820607 0.9622420239590791
6.283185307179586 0.9739581169333555
6.5973445725385655 0.9699553547833873
6.911503837897545 0.9733158161038092
7.225663103256524 0.9759113337875788
7.5398223686155035 0.9720262882634854
7.853981633974483 0.9698499411268435
8.168140899333462 0.9762820899398684
8.482300164692441 0.968034335743529
8.79645943005142 0.969158697373273
9.1106186954104 0.9702616408289425
9.42477796076938 0.9729886642201578
9.738937226128359 0.972910925683047
10.053096491487338 0.9685939792519943
10.367255756846317 0.9749716857204155
10.681415022205297 0.9647017481836417
10.995574287564276 0.9692357373044522
11.309733552923255 0.9803273134862971
11.623892818282235 0.969056324500633
11.938052083641214 0.9689244226502398
12.252211349000193 0.9671073083929085
12.566370614359172 0.9670837268291032
12.880529879718152 0.9751400352648791
13.194689145077131 0.9753833397145725
13.50884841043611 0.9701954578140879
13.82300767579509 0.9743316515665861
14.137166941154069 0.9710140173686808
14.451326206513048 0.9695924902064321
14.765485471872028 0.9715270804801007
15.079644737231007 0.97317685385461
15.393804002589986 0.9660483027544112
15.707963267948966 0.972801126513479
16.022122533307943 0.9654674732016175
16.336281798666924 0.9736267046011343
16.650441064025905 0.9690558654314713
16.964600329384883 0.9761376985209924
17.27875959474386 0.9743860665415458
17.59291886010284 0.9744706557438281
17.907078125461823 0.9726914467555527
18.2212373908208 0.9674714782456876
18.535396656179778 0.9690632589003234
18.84955592153876 0.9701924377910865
19.16371518689774 0.9742826960205656
19.477874452256717 0.9726721609368207
19.792033717615695 0.9775437304244043
20.106192982974676 0.9682279954781673
20.420352248333657 0.9733924002663257
20.734511513692635 0.969790045333617
21.048670779051612 0.9741013948799592
21.362830044410593 0.9687877953606148
21.676989309769574 0.9722776494507985
21.991148575128552 0.9774424401510801
22.30530784048753 0.9680080500163318
22.61946710584651 0.9756342648896327
22.93362637120549 0.9698521195767473
23.24778563656447 0.9761107225353892
