# k values and corresponding S(k) [pure estimator]
0.0 1.2577213661905988
0.10471975511965977 1.0501763543328844
0.20943951023931953 0.9964756018410028
0.3141592653589793 0.9696763666848839
0.41887902047863906 0.9785702002840323
0.5235987755982988 0.9740997126608314
0.6283185307179586 0.9813338412383582
0.7330382858376183 0.9724910851474259
0.8377580409572781 0.9714370581008194
0.9424777960769379 0.9791120493799402
1.0471975511965976 0.9751390307393765
1.1519173063162573 0.9709234723827336
1.2566370614359172 0.9775869193331495
1.361356816555577 0.9637664032457154
1.4660765716752366 0.9717893404392449
1.5707963267948966 0.9883944483837828
1.6755160819145563 0.9716588549656487
1.780235837034216 0.9763849260384962
1.8849555921538759 0.9716717191868723
1.9896753472735356 0.9687462820909319
2.0943951023931953 0.9717154783848705
2.199114857512855 0.9607756380105228
2.3038346126325147 0.9611091202853251
2.4085543677521746 0.9672209032330182
2.5132741228718345 0.9793919360639788
2.617993877991494 0.9814688280684015
2.722713633111154 0.9747639204258423
2.827433388230814 0.9808480424016602
2.9321531433504733 0.9821599592998788
3.036872898470133 0.9648931678635514
3.141592653589793 0.9699301102056441
3.2463124087094526 0.957258529937257
3.3510321638291125 0.960702578068397
3.4557519189487724 0.9623249500923892
3.560471674068432 0.9669862938373324
3.665191429188092 0.9663553727702807
3.7699111843077517 0.979106707740995
3.874630939427411 0.9758298722902843
3.979350694547071 0.9589366733207483
4.084070449666731 0.9788095963147974
4.1887902047863905 0.9681223761440252
4.29350995990605 0.9633253771391914
4.39822971502571 0.9563026044801268
4.50294947014537 0.9687936367170279
4.607669225265029 0.9645768271011824
4.71238898038469 0.9678854621372909
4.817108735504349 0.9694465934219642
4.921828490624009 0.9813773075625577
5.026548245743669 0.9617748872711938
5.1312680008633285 0.9716666026876416
5.235987755982988 0.984566926793108
5.340707511102648 0.9745157166353093
5.445427266222308 0.9620289026973035
5.550147021341967 0.9646241077605766
5.654866776461628 0.9655664726194199
5.759586531581287 0.9636029750593678
5.864306286700947 0.9658895330320332
5.969026041820607 0.9721189766823689
6.073745796940266 0.9800161306556092
6.178465552059926 0.9723345106087268
6.283185307179586 0.9697644502891194
6.387905062299246 0.9807342030231555
6.492624817418905 0.9666603135790861
6.5973445725385655 0.980493384903248
6.702064327658225 0.9706995660486318
6.8067840827778845 0.9767495817153716
6.911503837897545 0.982769124030015
7.016223593017204 0.955865517915683
7.120943348136864 0.9701046194763271
7.225663103256524 0.9576855224946351
7.330382858376184 0.9721271067979268
7.435102613495843 0.9764265376889428
7.5398223686155035 0.972243163125001
7.644542123735163 0.9863241940542012
7.749261878854822 0.9748437249054264
