# k values and corresponding S(k) [pure estimator]
0.0 1.5939549378849949
0.6283185307179586 0.9728586585049847
1.2566370614359172 0.9686981242955457
1.8849555921538759 0.97057249215036
2.5132741228718345 0.9656791190496701
3.141592653589793 0.9752744073804227
3.7699111843077517 0.9745358345428528
4.39822971502571 0.9757145303166249
5.026548245743669 0.9764827568813075
5.654866776461628 0.9721135146529936
6.283185307179586 0.9742521848698251
6.911503837897545 0.9717869847079905
7.5398223686155035 0.9777402379091304
8.168140899333462 0.9663532730905531
8.79645943005142 0.9647185294302196
9.42477796076938 0.9700820324788867
10.053096491487338 0.9655707851297202
10.681415022205297 0.9772869692664963
11.309733552923255 0.9747826222594559
11.938052083641214 0.9720908599217952
12.566370614359172 0.9733145869105061
13.194689145077131 0.9660805600872898
13.82300767579509 0.9739614839656997
14.451326206513048 0.9704924962934875
15.079644737231007 0.9671954962622834
15.707963267948966 0.965319789086981
16.336281798666924 0.96920454157804
16.964600329384883 0.9757569103256859
17.59291886010284 0.9693615270809481
18.2212373908208 0.9793350934678765
18.84955592153876 0.9749020498114459
19.477874452256717 0.9694917104813771
20.106192982974676 0.9687904277423935
20.734511513692635 0.9684169285546422
21.362830044410593 0.9694206114074574
21.991148575128552 0.9719698017345846
22.61946710584651 0.96846615821379
23.24778563656447 0.9695695083334297
23.876104167282428 0.9780732693368548
24.504422698000386 0.967993222565462
25.132741228718345 0.9725847108732217
25.761059759436304 0.9756142136188395
26.389378290154262 0.970707096448729
27.01769682087222 0.9706718652099641
27.64601535159018 0.9724798318672859
28.274333882308138 0.977069069513393
28.902652413026097 0.9753867684553118
29.530970943744055 0.9715839801176677
30.159289474462014 0.96688967441876
30.787608005179973 0.9660755135880161
31.41592653589793 0.9651050871104728
32.044245066615886 0.9734079078633072
32.67256359733385 0.9652158369404724
33.30088212805181 0.9685213914311422
33.929200658769766 0.9703709229590533
34.55751918948772 0.9705949380123945
35.18583772020568 0.9778191516377023
35.814156250923645 0.9724975065796415
36.4424747816416 0.9770354896611992
37.070793312359555 0.9715108216370371
37.69911184307752 0.9685154733383158
38.32743037379548 0.9750208913256677
38.955748904513435 0.97909620904353
39.58406743523139 0.9695857968683091
40.21238596594935 0.9707953902527532
40.840704496667314 0.9732953261861582
41.46902302738527 0.972118437124152
42.097341558103224 0.9797023873922294
42.725660088821186 0.9713761944611327
43.35397861953915 0.9635575366902194
43.982297150257104 0.9774912716020355
44.61061568097506 0.9611107821380078
45.23893421169302 0.9761469393146069
45.86725274241098 0.9655492005193413
46.49557127312894 0.9720388709906159
