# k  S_n(k)
0.0 80.0
0.07853981633974483 0.4470628984011751
0.15707963267948966 0.48850061141861595
0.23561944901923448 0.1800543591428762
0.3141592653589793 0.27726656969758423
0.39269908169872414 0.09526580820344256
0.47123889803846897 0.40763255317905556
0.5497787143782138 0.46720483488962955
0.6283185307179586 0.17285887799889257
0.7068583470577035 0.4617938339929012
0.7853981633974483 0.2400658270002948
0.8639379797371931 2.11996197343029
0.9424777960769379 1.5651271103424553
1.0210176124166828 0.5545293279770186
1.0995574287564276 2.2059645495623776
1.1780972450961724 1.3451791089115175
1.2566370614359172 1.5341276110707887
1.335176877775662 0.55139440396045
1.413716694115407 0.8192178380957641
1.4922565104551517 1.285876896248024
1.5707963267948966 0.4606407742391053
1.6493361431346414 0.7042138496876132
1.7278759594743862 1.0404827768716527
1.806415775814131 1.151352155522538
1.8849555921538759 0.959490053872313
1.9634954084936207 1.4101963215091529
2.0420352248333655 0.6707416110767174
2.1205750411731104 0.9858927261652174
2.199114857512855 0.9464152764209103
2.2776546738526 1.1221557998703577
2.356194490192345 0.8470370304308927
2.4347343065320897 0.5739573885889492
2.5132741228718345 0.9386006455176215
2.5918139392115793 1.1187376238305824
2.670353755551324 1.120622284653169
2.748893571891069 0.8924023804852387
2.827433388230814 0.904493478525835
2.9059732045705586 1.0111653596639913
2.9845130209103035 1.2838756594975826
3.0630528372500483 1.281117787120496
3.141592653589793 0.9650447578717855
3.220132469929538 1.052239030291756
3.2986722862692828 1.0316159355444354
3.3772121026090276 0.9188397340356937
3.4557519189487724 0.9006203533382473
3.5342917352885173 0.8083170348366747
3.612831551628262 1.1457692676438707
3.691371367968007 0.7280385540387203
3.7699111843077517 0.9870826457179366
3.8484510006474966 1.0369092058020468
3.9269908169872414 1.1295004755659144
4.005530633326986 0.9054216292797485
4.084070449666731 0.9056337898170811
4.162610266006476 0.9085749800510475
4.241150082346221 0.9424917001987455
4.319689898685965 1.0035359031942068
4.39822971502571 0.9239176249894215
4.476769531365456 0.8952538400639244
4.5553093477052 0.7405520324916741
4.633849164044944 1.0246205088440268
4.71238898038469 0.9306374268861114
4.790928796724435 1.093513121751424
4.869468613064179 1.2127727403938102
4.948008429403924 1.1843231315835137
5.026548245743669 0.9295183597824646
5.105088062083414 0.9600744855786493
5.183627878423159 1.033816657120567
5.262167694762903 1.1136419839215228
5.340707511102648 1.1429768499069957
5.419247327442394 0.9761951284831102
5.497787143782138 1.0541738845017312
5.576326960121882 0.8126390650278063
5.654866776461628 0.9288601595709354
5.733406592801373 0.9424295678675427
5.811946409141117 0.8986342103377957
5.890486225480862 1.0396907408445273
5.969026041820607 0.7503158884124062
6.047565858160352 0.8996985786722108
6.126105674500097 0.910542541655475
6.204645490839841 1.2340033223818363
6.283185307179586 0.8489956693655566
6.3617251235193315 1.0356156071628317
6.440264939859076 1.1715896238167274
6.51880475619882 0.8433199933733225
6.5973445725385655 1.1151376399627828
6.675884388878311 1.050033991197971
6.754424205218055 0.7647099337831007
6.8329640215578 1.0065400737988381
6.911503837897545 1.0204744240900259
6.99004365423729 0.8969788294323986
7.0685834705770345 1.0121682362194284
7.147123286916779 1.0264346243243239
7.225663103256524 1.0772626902746534
7.304202919596269 1.0584137163021172
7.382742735936014 1.0494872175808356
7.461282552275758 1.0290768283695995
7.5398223686155035 0.8953920006146174
7.618362184955249 0.9465202329824174
7.696902001294993 0.8900687620783391
7.7754418176347375 0.9040504938093941
