# k  S_s(k)
0.0 0.0
0.10471975511965977 1.0445073331056152
0.20943951023931953 0.9774442129893126
0.3141592653589793 3.2727108230846835
0.41887902047863906 3.3995568994035277
0.5235987755982988 0.410385472586648
0.6283185307179586 1.5900596425662705
0.7330382858376183 0.18913241469781725
0.8377580409572781 0.27501799515695086
0.9424777960769379 0.7068963433874924
1.0471975511965976 0.7946493493752865
1.1519173063162573 0.5164361169495504
1.2566370614359172 0.6933408263282528
1.361356816555577 0.8232067272988702
1.4660765716752366 0.976647793811965
1.5707963267948966 0.8319922604355462
1.6755160819145563 1.7396220133327023
1.780235837034216 1.0497948312477936
1.8849555921538759 1.1985729996725911
1.9896753472735356 1.1834973745002648
2.0943951023931953 1.5435345487877956
2.199114857512855 0.9003619217805091
2.3038346126325147 1.2962769621594075
2.4085543677521746 1.3146292189938737
2.5132741228718345 1.283457044518519
2.617993877991494 1.1715817310148793
2.722713633111154 0.9057263414660233
2.827433388230814 0.9655527913161936
2.9321531433504733 1.3504897472152646
3.036872898470133 0.9528741754687813
3.141592653589793 0.9279528056384193
3.2463124087094526 0.9061338009010045
3.3510321638291125 1.0224366996335337
3.4557519189487724 1.127106294652885
3.560471674068432 0.8703501651656996
3.665191429188092 0.7678435435328409
3.7699111843077517 0.9545754047015589
3.874630939427411 1.1981524420863556
3.979350694547071 1.0201917422180926
4.084070449666731 0.9698641058093918
4.1887902047863905 0.7607561000901265
4.29350995990605 0.9925950844717827
4.39822971502571 1.058837510114649
4.50294947014537 0.9131092643731984
4.607669225265029 0.8043147903467215
4.71238898038469 0.998923001333479
4.817108735504349 0.9881523267076142
4.921828490624009 0.7919649285158741
5.026548245743669 1.0242814080003206
5.1312680008633285 1.1221551105166947
5.235987755982988 0.9911118179817714
5.340707511102648 0.8381194803027622
5.445427266222308 0.8822474655072433
5.550147021341967 1.1469811940383823
5.654866776461628 0.8920739017902939
5.759586531581287 0.9217693150447718
5.864306286700947 0.9200659291995604
5.969026041820607 0.862042725042677
6.073745796940266 0.9263331851894993
6.178465552059926 1.0317238398697066
6.283185307179586 1.0690389623927024
6.387905062299246 1.0231243494585767
6.492624817418905 0.9519639694024479
6.5973445725385655 0.8799631434953049
6.702064327658225 1.1243453587998313
6.8067840827778845 0.9507450395875435
6.911503837897545 0.9762750344068155
7.016223593017204 0.9844168182448287
7.120943348136864 0.9098799090253047
7.225663103256524 1.1014673368722792
7.330382858376184 0.9311123924448539
7.435102613495843 0.9313734430256313
7.5398223686155035 1.0173903673951035
7.644542123735163 1.0835195558780393
7.749261878854822 1.0582238446024683
7.853981633974483 1.0401554667487942
7.958701389094142 0.9247253365585093
8.063421144213802 0.8725423674995446
8.168140899333462 1.0726848970339906
8.27286065445312 1.1484240669052879
8.377580409572781 1.0487669700873936
8.482300164692441 1.0327808343772418
8.5870199198121 1.1472407224659755
8.69173967493176 0.9331803846859604
8.79645943005142 0.888390362215174
8.90117918517108 1.116802136132442
9.00589894029074 0.8985545933356084
9.1106186954104 1.0225920191482902
9.215338450530059 0.9861727918892149
9.320058205649719 1.0282665963922666
9.42477796076938 0.9881126489802947
9.529497715889038 1.0265325029745558
9.634217471008698 1.0926155158056203
9.738937226128359 0.866446256840747
9.843656981248017 1.0154715285030051
9.948376736367678 1.0745180397256122
10.053096491487338 0.9350499979196834
10.157816246606997 0.9229957178435374
10.262536001726657 1.0255755671669773
10.367255756846317 0.9173153810655243
