# block  <P>
1 0.0
2 0.10433333333333379
3 0.0152222222222223
4 -0.03146666666666666
5 -0.07697777777777777
6 -0.17408888888888877
7 -0.16581025469914304
8 -0.19083527972416892
9 -0.2534666666666656
10 -0.27282222222222174
11 -0.2023111111111113
12 -0.18201375027722363
13 -0.1337551337551338
14 0.009022222222222197
15 -0.0037777777777775645
16 0.03922222222222232
17 -0.03524444444444418
18 -0.003888888888888916
19 0.01131111111111107
20 -0.019624819624819843
21 0.02195555555555589
22 -0.010666666666666545
23 -0.056533333333332915
24 -0.12459125792459151
25 -0.20253333333333434
26 -0.26926666666666704
27 -0.19114670225781477
28 -0.2114444444444455
29 -0.2485555555555559
30 -0.29044444444444567
31 -0.23893883893884033
32 -0.20095555555555505
33 -0.15564444444444492
34 -0.20912420912420854
35 -0.21491111111111288
36 -0.18722222222222135
37 -0.31591111111111037
38 -0.3353777777777776
39 -0.3595595595595604
40 -0.3073593073593071
41 -0.32435555555555623
42 -0.2384666666666664
43 -0.29471111111111004
44 -0.2772000000000019
45 -0.28360000000000013
46 -0.24738071404738174
47 -0.27871111111111124
48 -0.199555555555556
49 -0.23159063159063223
50 -0.2323555555555544
51 -0.3020222222222239
52 -0.2867333333333338
53 -0.2537906537906538
54 -0.22055555555555606
55 -0.15964035964035994
56 -0.12871111111111092
57 -0.07344444444444456
58 -0.13506666666666634
59 -0.20493333333333263
60 -0.16244444444444472
61 -0.16028416028415934
62 -0.10613333333333332
63 -0.07993333333333356
64 -0.004440004440004008
65 -0.02473333333333354
66 -0.02651111111111112
67 -0.13519999999999846
68 -0.14093333333333347
69 -0.14983872761650507
70 -0.1808635808635816
71 -0.2645555555555577
72 -0.19888999888999762
73 -0.10953333333333323
74 -0.03210123210123248
75 -0.04882222222222281
76 -0.0781777777777774
77 -0.10419999999999961
78 -0.10162222222222189
79 -0.13448888888888855
80 -0.1959777777777775
81 -0.1872444444444448
82 -0.12906666666666675
83 -0.19884444444444493
84 -0.2465576687798906
85 -0.2328444444444451
86 -0.22420197975753572
87 -0.22782222222222134
88 -0.1285555555555566
89 -0.15757575757575795
90 -0.12528888888888912
91 -0.07438549660771875
92 -0.03510176843510128
93 0.0862444444444453
94 0.18971111111111166
95 0.23362222222222262
96 0.23235555555555518
97 0.26044444444444304
98 0.22715555555555725
99 0.17084444444444472
100 0.209733333333333
101 0.23826666666666685
102 0.20591111111111055
103 0.10103230103230067
104 0.1214888888888891
105 0.13159826493159751
106 0.06475555555555551
107 0.02822222222222214
108 -0.011133333333333374
109 0.03937777777777797
110 0.03380000000000032
111 0.028333333333332975
112 0.05284444444444495
113 0.030177777777777335
114 0.06795555555555537
115 0.1298035298035298
116 -0.017528639750862066
117 0.01915555555555536
118 0.06524444444444372
119 0.08579999999999939
120 0.030533333333333475
121 0.009466666666667062
122 0.22742222222222136
123 0.12154512154512181
124 0.12019999999999924
125 0.0681111111111108
126 0.17873333333333263
127 0.23188888888889095
128 0.26304444444444314
129 0.15810601020181894
130 0.20573333333333357
131 0.2561333333333353
132 0.249088888888892
133 0.3150000000000031
134 0.2613555555555554
135 0.26571111111111073
136 0.23452341230118867
137 0.273822222222222
138 0.22719999999999899
139 0.22724444444444472
140 0.04935555555555562
141 0.08053333333333387
142 0.16068888888888858
143 0.21548888888888926
144 0.2361777777777772
145 0.25209580838323203
146 0.2578888888888885
147 0.24948888888888954
148 0.2488888888888879
149 0.2899111111111121
150 0.28748888888888957
151 0.3731333333333344
152 0.3550444444444438
153 0.38249360471582833
154 0.2963555555555536
155 0.3150444444444439
156 0.25823601379156996
157 0.2290426836063749
158 0.2787878787878793
159 0.27704444444444565
160 0.27250055666889406
161 0.252480852480853
162 0.23546666666666613
163 0.27539127539127595
164 0.21815555555555563
165 0.19868757646535454
166 0.20547793302284242
167 0.26406666666666784
168 0.29246666666666665
169 0.30126666666666563
170 0.20317460317460384
171 0.12626666666666667
172 0.17791111111111024
173 0.14357777777777736
174 0.15151515151515182
175 0.17104444444444483
176 0.11133355577800087
177 0.10008888888888862
178 0.036755555555555756
179 -0.01277777777777818
180 0.07677777777777783
181 0.09381729381729399
182 0.11037777777777738
183 0.019244444444444776
184 0.031911111111110925
185 0.06375846375846396
186 0.013800000000000043
187 -0.08128188068307787
188 0.021221221221221116
189 0.023688888888888784
190 -0.08737777777777789
191 -0.2079999999999998
192 -0.21919999999999998
193 -0.13437882326771153
194 -0.09657777777777662
195 -0.1406000000000004
196 -0.11844444444444503
197 -0.025444444444444297
198 -0.05560000000000043
199 -0.07148888888888956
200 0.006600000000000443
201 0.030502830502830213
202 -0.10706666666666623
203 -0.08186666666666699
204 -0.19286666666666533
205 -0.1362666666666668
206 -0.1447111111111118
207 -0.09920000000000091
208 -0.1312666666666665
