# k values and corresponding S(k) [pure estimator]
0.0 15.718786720527307
0.06981317007977318 1.248619576007548
0.13962634015954636 1.0451896421826647
0.20943951023931956 0.9869028425964973
0.2792526803190927 1.001157400199213
0.3490658503988659 0.9766850308135305
0.4188790204786391 0.9852197618513897
0.4886921905584123 0.984484336780575
0.5585053606381855 0.9874240562670256
0.6283185307179586 0.9753178133248199
0.6981317007977318 0.9858587370073876
0.767944870877505 1.0018190181927378
0.8377580409572782 0.9817781360854035
0.9075712110370514 0.9796234587112939
0.9773843811168246 0.9839172968036043
1.0471975511965976 0.9842514428181951
1.117010721276371 0.9837443295138579
1.1868238913561442 0.9735452466256813
1.2566370614359172 1.006593779420243
1.3264502315156905 1.0002558124454415
1.3962634015954636 0.9829870922733691
1.4660765716752369 0.9818671555769986
1.53588974175501 0.9805067425491212
1.6057029118347832 0.9836903956281857
1.6755160819145565 0.9845820145447324
1.7453292519943295 0.9715108115852489
1.8151424220741028 0.9798701374148968
1.8849555921538759 0.9892089378658255
1.9547687622336491 0.9982182821218929
2.0245819323134224 0.9891858663712336
2.0943951023931953 0.9870221059060618
2.1642082724729685 0.9881696389527315
2.234021442552742 0.9666008141751743
2.303834612632515 0.9914488800290335
2.3736477827122884 0.9964576640785165
2.443460952792061 0.9870710176559359
2.5132741228718345 0.9770998312897613
2.5830872929516078 0.9826320160786648
2.652900463031381 0.9852234325496679
2.722713633111154 0.983312122164054
2.792526803190927 0.9925679888345829
2.8623399732707004 0.9935551476414104
2.9321531433504737 0.9896725479829923
3.001966313430247 0.9956225326868003
3.07177948351002 0.9838288075587739
3.141592653589793 0.9805872216828007
3.2114058236695664 0.9926608714131504
3.2812189937493397 0.9765593993786761
3.351032163829113 0.9903209949707714
3.420845333908886 1.0076003363462662
3.490658503988659 0.9900516296588726
3.5604716740684323 0.9642024283814616
3.6302848441482056 0.9890637753906645
3.7000980142279785 0.9734031076001364
3.7699111843077517 0.9713364782360115
3.839724354387525 0.9774703357676138
3.9095375244672983 0.9731779317065633
3.9793506945470716 0.9700259631365641
4.049163864626845 0.9945059681832866
4.118977034706618 0.9885170114628881
4.1887902047863905 0.9779147178413499
4.258603374866164 0.9681050870397522
4.328416544945937 0.9801252941439317
4.39822971502571 0.9881765269169807
4.468042885105484 1.0022108691465381
4.537856055185257 0.9832888304424144
4.60766922526503 0.9711431500842652
4.6774823953448035 0.9874781966724279
4.747295565424577 0.9786008060872369
4.817108735504349 0.9960169206903922
4.886921905584122 1.0058839770291343
4.956735075663896 0.9985683902895102
5.026548245743669 0.9849155199985322
5.096361415823442 0.9869817460130416
5.1661745859032155 0.9906216415851381
