# r  Cs(r) [pure estimator]
0.125 -5.450852860068222e-6
0.375 -1.1867860519106924e-5
0.625 -1.1045185843429535e-5
0.875 -2.8613746685453103e-6
1.125 -7.96388072803755e-6
1.375 -2.2142769866941684e-6
1.625 -3.999828600328028e-6
1.875 -6.5794338816652915e-6
2.125 -3.3065300816753264e-6
2.375 -6.993862135664864e-6
2.625 -6.845430176296874e-6
2.875 -6.450875482968476e-6
3.125 -1.0839912345162376e-5
3.375 -1.4803055051231668e-6
3.625 -9.594962282153954e-6
3.875 -2.1247188076741216e-6
4.125 -4.78518422867266e-6
4.375 -3.1307257089888237e-6
4.625 -5.307512920560466e-6
4.875 -1.2299342013140205e-6
5.125 -1.11350135493901e-5
5.375 -7.206242707913238e-6
5.625 -1.2599884209080031e-5
5.875 1.382378981210912e-6
6.125 -2.074036779600463e-6
6.375 -9.575268341949839e-6
6.625 -1.240782448677083e-6
6.875 -8.645975224928876e-6
7.125 -7.2110686207763035e-6
7.375 -1.3412971277123172e-5
7.625 -5.111667780029753e-6
7.875 -7.791751408587311e-6
8.125 3.763285796809493e-6
8.375 -5.856852074419814e-6
8.625 -5.182353071689204e-6
8.875 -9.911383081861767e-6
9.125 1.5740580653175917e-7
9.375 -1.6731473527524113e-6
9.625 -6.830504330368368e-6
9.875 -5.754708446272125e-6
10.125 -4.647312630649797e-6
10.375 -6.196613299275273e-6
10.625 -7.995500132681169e-6
10.875 -3.652680176478422e-6
11.125 -9.139390009170475e-6
11.375 -1.2675526966010053e-5
11.625 1.5576878573100827e-6
11.875 -7.683160964498731e-6
12.125 1.6881957640345637e-7
12.375 1.4555719395064944e-6
12.625 -3.8772659202602265e-6
12.875 -2.9357982103513387e-6
13.125 1.9308584108471745e-6
13.375 -6.09744385815812e-6
13.625 2.5743183470539967e-8
13.875 -2.723400622863689e-6
14.125 2.3145942784877284e-6
14.375 -6.105399280370876e-6
14.625 5.543745466428425e-6
14.875 2.0743932847036275e-6
15.125 -3.572250292601931e-6
15.375 4.911218058592624e-6
15.625 -1.1304761304263255e-6
15.875 -9.153487425900674e-7
16.125 -8.419756373198273e-6
16.375 -1.7531116362869397e-6
16.625 -9.76329479782897e-6
16.875 3.4252267313837507e-6
17.125 -4.951327960590438e-6
17.375 -3.335164638734841e-6
17.625 -1.1563672484188998e-6
17.875 -7.328392752264072e-6
18.125 -3.089989010111752e-6
18.375 -3.936481504468319e-6
18.625 5.354084898063741e-6
18.875 -2.6750958741419298e-6
19.125 -6.725415998625452e-6
19.375 1.7587622012214322e-6
19.625 -2.800550163502822e-6
19.875 -2.5772285385762535e-6
20.125 3.5333762049170453e-6
20.375 6.310435674548132e-8
20.625 5.053288280945479e-6
20.875 -6.634071370199439e-6
21.125 -1.4371030455753877e-6
21.375 5.563145237567296e-6
21.625 -1.6727211525093312e-6
21.875 -5.037692839251478e-6
22.125 1.1704005263717903e-6
22.375 -2.419959641735406e-6
22.625 -3.554819225251786e-8
22.875 -1.6460069487666019e-6
23.125 -6.319217643443887e-6
23.375 3.0441279148720624e-6
23.625 3.280798004156565e-6
23.875 -1.082228936066566e-6
24.125 -3.7409027252767063e-6
24.375 -7.713343878491817e-6
24.625 -6.6036556688253494e-6
24.875 -3.46547083728961e-6
