block_size         error    difference      rel_diff
-------------------------------------------------------
       2  5.411034e-07  2.235011e-07  4.130470e-01
       4  7.646045e-07  3.151178e-07  4.121317e-01
       8  1.079722e-06  4.429877e-07  4.102793e-01
      16  1.522710e-06  6.193437e-07  4.067378e-01
      32  2.142054e-06  8.570567e-07  4.001098e-01
      64  2.999110e-06  1.164008e-06  3.881178e-01
     128  4.163119e-06  1.530851e-06  3.677173e-01
     256  5.693969e-06  1.891096e-06  3.321227e-01
     512  7.585065e-06  2.091799e-06  2.757786e-01
    1024  9.676864e-06  1.964284e-06  2.029876e-01
    2048  1.164115e-05  1.459924e-06  1.254107e-01
    4096  1.310107e-05  4.951618e-07  3.779552e-02
    8192  1.359623e-05  1.480046e-07  1.088571e-02
   16384  1.374424e-05  2.012585e-07  1.464312e-02
   32768  1.394550e-05  -3.214458e-07  2.305015e-02
   65536  1.362405e-05  -1.873111e-06  1.374856e-01
  131072  1.175094e-05           ---           ---
