# k values and corresponding S(k) [pure estimator]
0.0 0.8000721770558434
0.12566370614359174 0.9110624035007591
0.25132741228718347 0.9630589499382873
0.3769911184307752 0.9894970801149301
0.5026548245743669 0.9733413878725896
0.6283185307179586 0.9652239625262029
0.7539822368615504 0.9481582825499711
0.8796459430051422 0.9961645634898463
1.0053096491487339 0.9568883591117434
1.1309733552923256 0.9537488689473776
1.2566370614359172 0.974241766851508
1.3823007675795091 0.9847166592345781
1.5079644737231008 0.9662795847580781
1.6336281798666925 0.9716250622788808
1.7592918860102844 0.9519039752902716
1.884955592153876 0.9639309434002006
2.0106192982974678 0.9664885677872888
2.1362830044410597 0.9814933375408939
2.261946710584651 0.944235099044137
2.387610416728243 0.9606922114937151
2.5132741228718345 0.9657752938935386
2.6389378290154264 0.9671723778096073
2.7646015351590183 0.9545106774835481
2.8902652413026098 0.9818499997194731
3.0159289474462017 0.9909954457063919
3.1415926535897936 0.9863439257870651
3.267256359733385 0.9743707152092128
3.392920065876977 0.9702136865558183
3.518583772020569 0.9489107247845986
3.6442474781641603 0.9665124748173374
3.769911184307752 0.9768584932225899
3.8955748904513436 0.9624439849059218
4.0212385965949355 0.9923279363864579
4.1469023027385274 0.9671905861099446
4.272566008882119 0.9731162166674009
4.39822971502571 0.9702656594816031
4.523893421169302 0.966673151818828
4.649557127312894 0.9770887971655777
4.775220833456486 0.9901222994008365
4.900884539600078 0.9564478249559755
5.026548245743669 0.9778969800773404
5.152211951887261 0.9669599302195221
5.277875658030853 0.9933080404344826
5.403539364174445 0.9825325824692277
5.529203070318037 0.9898171143821521
5.6548667764616285 0.9685270632039339
5.7805304826052195 0.9637946100730468
5.906194188748811 0.9745299958935498
6.031857894892403 0.9776352894704616
6.157521601035995 0.9766073285856499
6.283185307179587 0.9696383044258331
6.408849013323178 1.0021195050040648
6.53451271946677 0.9583792822489278
6.660176425610362 0.9752664356817943
6.785840131753954 0.9876661142022418
6.911503837897546 0.9599844839503342
7.037167544041138 0.9870417067352664
7.162831250184729 0.9669321459896207
7.288494956328321 0.9728353659163128
7.4141586624719125 0.9829723493477935
7.539822368615504 0.9693779180953519
7.665486074759096 0.989141956963055
7.791149780902687 0.974904928147289
7.916813487046279 0.9625716767518873
8.042477193189871 0.9725018916835436
8.168140899333462 0.989200080171564
8.293804605477055 0.9689917325303398
8.419468311620646 0.9646768081829417
8.545132017764239 0.9826215738751131
8.67079572390783 0.9594506526255693
8.79645943005142 0.9910668176163075
8.922123136195014 0.9588364002846
9.047786842338605 0.9651429184595706
9.173450548482197 0.9874867421582658
9.299114254625788 0.9844766705650598
