0.125 0.8609523809523809
0.375 0.8566040816326531
0.625 0.8578204081632653
0.875 0.8790340136054422
1.125 0.8921442176870749
1.375 0.9334204081632653
1.625 1.0058857142857143
1.875 1.059156462585034
2.125 1.048873469387755
2.375 1.0310802721088435
2.625 1.0364789115646258
2.875 1.016699319727891
3.125 0.9817442176870749
3.375 0.9751972789115646
3.625 0.956378231292517
3.875 0.947461224489796
4.125 0.9558476190476191
4.375 1.0386775510204083
4.625 1.0702965986394557
4.875 1.0132027210884353
5.125 1.0352244897959184
5.375 1.0347537414965986
5.625 0.9989142857142858
5.875 0.9867755102040816
6.125 1.0283972789115645
6.375 0.9947292517006803
6.625 1.0254340136054423
6.875 1.0560353741496598
7.125 1.0065224489795919
7.375 0.9885768707482994
7.625 0.9871292517006802
7.875 0.9753795918367347
8.125 0.9679918367346939
8.375 0.9821496598639455
8.625 0.9922857142857143
8.875 0.9910013605442177
9.125 0.9510149659863946
9.375 0.9305170068027211
9.625 0.9406312925170068
9.875 0.9327074829931973
10.125 0.9235673469387755
10.375 0.9433170068027211
10.625 0.9605034013605442
10.875 0.9431047619047619
11.125 0.9223183673469387
11.375 0.8912816326530613
11.625 0.9289986394557823
11.875 0.9688544217687075
12.125 1.0229142857142857
12.375 1.0603292517006804
12.625 1.0395292517006802
12.875 1.062770068027211
13.125 1.0614421768707483
13.375 1.0578013605442176
13.625 1.0579891156462584
13.875 1.0476326530612246
14.125 1.0333931972789117
14.375 1.0245904761904763
14.625 1.040560544217687
14.875 1.0650911564625851
15.125 0.9985414965986394
15.375 1.0093061224489797
15.625 1.0154421768707482
15.875 0.9732897959183674
16.125 0.9332027210884354
16.375 0.9652054421768708
16.625 0.9830149659863946
16.875 1.0314829931972789
17.125 1.0204925170068027
17.375 0.9991455782312925
17.625 0.954160544217687
17.875 0.9837523809523809
18.125 1.0440897959183673
18.375 1.0492571428571429
18.625 1.1100462585034014
18.875 1.083469387755102
19.125 1.066487074829932
19.375 1.0443238095238094
19.625 1.024239455782313
19.875 0.9957034013605442
20.125 0.9744571428571429
20.375 0.9714748299319728
20.625 1.006682993197279
20.875 0.9798938775510204
21.125 0.9711020408163266
21.375 1.027191836734694
21.625 1.0493551020408163
21.875 1.0468081632653061
22.125 1.046552380952381
22.375 1.0749931972789115
22.625 1.0443428571428572
22.875 1.0326666666666666
23.125 1.0853931972789115
23.375 1.0538421768707482
23.625 1.0116244897959183
23.875 1.0224462585034013
24.125 1.0116
24.375 1.0221061224489796
24.625 1.0147972789115647
24.875 0.9889006802721089
