# k  S_s(k)
0.0 0.0
0.20943951023931953 0.45258739923341446
0.41887902047863906 1.7194999864706815
0.6283185307179586 0.4082490748062509
0.8377580409572781 1.5068608759810755
1.0471975511965976 1.7467647556804082
1.2566370614359172 0.8176740063767562
1.4660765716752366 0.8299622497646274
1.6755160819145563 1.0287763387787987
1.8849555921538759 1.0854885392785982
2.0943951023931953 1.0118835734403036
2.3038346126325147 1.2123707766546394
2.5132741228718345 0.8934742732699815
2.722713633111154 1.0543790043016728
2.9321531433504733 0.9703140918361075
3.141592653589793 0.9370369430404129
3.3510321638291125 1.1540093757614396
3.560471674068432 0.9476139524873941
3.7699111843077517 1.1020301346691788
3.979350694547071 1.0075596638098547
4.1887902047863905 0.9131317444603213
4.39822971502571 1.084644673018149
4.607669225265029 0.7969800956589488
4.817108735504349 1.0539815741453693
5.026548245743669 1.115776386338024
5.235987755982988 1.0078352624919682
5.445427266222308 0.8898479294871154
5.654866776461628 1.0639735852976477
5.864306286700947 0.878248295407477
6.073745796940266 0.946477939030587
6.283185307179586 1.0122607476160952
6.492624817418905 0.9928183350664257
6.702064327658225 1.0071086705535195
6.911503837897545 1.0112485729757497
7.120943348136864 1.1004972900862637
7.330382858376184 0.9581927764407707
7.5398223686155035 0.9610925774273319
7.749261878854822 0.9343070571902296
7.958701389094142 0.9923709276618589
8.168140899333462 0.9828223244884281
8.377580409572781 0.96716783760125
8.5870199198121 1.0023574105041317
8.79645943005142 1.0317911709297232
9.00589894029074 0.9437217329902818
9.215338450530059 0.9848334541763041
9.42477796076938 1.0404235075526838
9.634217471008698 1.068803783182627
9.843656981248017 0.8844763425669979
10.053096491487338 1.0285998528772433
10.262536001726657 0.9988255573773218
10.471975511965976 1.0113474223063843
10.681415022205297 0.9916522370791837
10.890854532444616 0.9667542454693976
11.100294042683934 1.0153784151956142
11.309733552923255 0.9717182268969481
11.519173063162574 0.9934526691335909
11.728612573401893 0.9629278745548993
11.938052083641214 0.9159996228475823
12.147491593880533 0.9967448647224733
12.356931104119852 0.9629784731613649
12.566370614359172 0.949800124682996
12.775810124598491 1.0303801454667199
12.98524963483781 1.0067574359496023
13.194689145077131 1.0734635907818817
13.40412865531645 1.0268758134737188
13.613568165555769 0.991666082781231
13.82300767579509 1.0237251201792268
14.032447186034409 1.0065182250391942
14.241886696273728 0.9891159137800267
14.451326206513048 0.9928005861810546
14.660765716752367 0.9968704683141946
14.870205226991686 0.9641917872059406
15.079644737231007 0.9966569103207571
15.289084247470326 0.9858062361456613
15.498523757709645 1.0012487960539451
15.707963267948966 1.0206935736868394
15.917402778188285 1.0144076178488128
16.126842288427603 0.977332681418577
16.336281798666924 0.9906514365981345
16.54572130890624 1.0474307109364152
16.755160819145562 0.9707378429160449
16.964600329384883 0.9801532999058548
17.1740398396242 1.0131949119820558
17.38347934986352 0.9964884395923026
17.59291886010284 0.9806037501867678
17.80235837034216 1.009069255980664
18.01179788058148 0.9732087009818089
18.2212373908208 1.0325708794173822
18.430676901060117 1.0177437490403474
18.640116411299438 1.0014348017127872
18.84955592153876 1.040474476413555
19.058995431778076 1.0249720611183313
19.268434942017397 1.0116425303491348
19.477874452256717 1.0021400169785522
19.687313962496034 1.0611634528700649
19.896753472735355 1.0511949947022234
20.106192982974676 1.0071280220401504
20.315632493213993 0.9829265409135869
20.525072003453314 1.020025903765508
20.734511513692635 0.9636982750461014
