# k  S_s(k)
0.0 0.0
0.15707963267948966 0.5747922809178369
0.3141592653589793 0.6798485716626843
0.47123889803846897 0.3876400873017187
0.6283185307179586 1.5883523782578433
0.7853981633974483 0.42548319292887715
0.9424777960769379 1.032909742503221
1.0995574287564276 0.6223266959170382
1.2566370614359172 0.7771889361778489
1.413716694115407 0.8788601331331022
1.5707963267948966 1.6228543884402322
1.7278759594743862 1.1437365178457357
1.8849555921538759 0.9160389984075439
2.0420352248333655 1.0335403532192466
2.199114857512855 0.6720769979400171
2.356194490192345 0.9051825596817193
2.5132741228718345 1.0909782397719916
2.670353755551324 1.2838507676410063
2.827433388230814 1.0039349465966285
2.9845130209103035 0.9950660112604749
3.141592653589793 1.1233074809363326
3.2986722862692828 1.0227843446076712
3.4557519189487724 1.0296895424416304
3.612831551628262 1.261668338269234
3.7699111843077517 0.9265551426514035
3.9269908169872414 0.8598187307072475
4.084070449666731 1.0571528405569934
4.241150082346221 1.1363954046935945
4.39822971502571 1.1096322577114577
4.5553093477052 1.003305836510899
4.71238898038469 1.375416331393806
4.869468613064179 1.0069213869119564
5.026548245743669 0.9869026194140034
5.183627878423159 1.1104521814713182
5.340707511102648 0.946108560857544
5.497787143782138 0.8925607338704169
5.654866776461628 1.0380504369146126
5.811946409141117 0.9319597690679287
5.969026041820607 1.0088940887608449
6.126105674500097 0.9997578208981314
6.283185307179586 1.0757543016464215
6.440264939859076 1.0411526023981177
6.5973445725385655 1.0690161904961983
6.754424205218055 1.0311621770103987
6.911503837897545 1.0023593585388373
7.0685834705770345 1.0047524699784078
7.225663103256524 1.032621301982987
7.382742735936014 1.0120239550407142
7.5398223686155035 0.9464360032908584
7.696902001294993 1.061162676022308
7.853981633974483 0.9218013606231524
8.011061266653972 1.0411043869326415
8.168140899333462 0.9464910245124307
8.325220532012953 0.993100059463648
8.482300164692441 0.9634968685108559
8.63937979737193 0.9995130136493723
8.79645943005142 1.0664785933078438
8.953539062730911 1.0078554922140326
9.1106186954104 1.0373675216633156
9.267698328089889 0.9715632014275762
9.42477796076938 1.1016959595941767
9.58185759344887 0.9811251236910561
9.738937226128359 1.098106662801848
9.896016858807847 1.0087026832757031
10.053096491487338 0.9641592961047967
10.210176124166829 1.012807643946058
10.367255756846317 0.9527840506814995
10.524335389525806 0.9495710148872158
10.681415022205297 0.9683124786183236
10.838494654884787 0.9814290676414307
10.995574287564276 0.943581374869645
11.152653920243765 1.0084537430601306
11.309733552923255 0.9183533658155633
11.466813185602746 0.9713203668817505
11.623892818282235 1.006087161377549
11.780972450961723 0.9857276156843008
11.938052083641214 0.9931226360325399
12.095131716320704 0.9537593844603235
12.252211349000193 1.0877739541537617
12.409290981679682 0.9657774747205757
12.566370614359172 0.9892107827485811
12.723450247038663 1.0108608079363137
12.880529879718152 1.0377177888008307
13.03760951239764 0.9889006887343252
13.194689145077131 0.9160389852281433
13.351768777756622 1.0552285497556926
13.50884841043611 1.031711990566361
13.6659280431156 0.955886579503947
13.82300767579509 0.9854826761881087
13.98008730847458 0.9719368755110828
14.137166941154069 1.011071870477929
14.294246573833558 0.9669795184735139
14.451326206513048 0.9470358013399154
14.608405839192539 0.9589014780081467
14.765485471872028 1.0470561131407108
14.922565104551516 0.95618140228913
15.079644737231007 0.994583846572283
15.236724369910498 1.0146705585150355
15.393804002589986 0.9577480251360082
15.550883635269475 0.9601054319876917
