# k values and corresponding S(k) [pure estimator]
0.0 1.3316471216234076
0.20943951023931953 1.0120072383761967
0.41887902047863906 0.9926303529522719
0.6283185307179586 0.997551708573574
0.8377580409572781 0.9980315655133691
1.0471975511965976 0.9880655799703171
1.2566370614359172 0.9881277469245456
1.4660765716752366 0.9929374258161998
1.6755160819145563 0.9748159108882372
1.8849555921538759 0.9966877960134635
2.0943951023931953 0.9837716131307277
2.3038346126325147 0.9851457354725177
2.5132741228718345 0.9894556081315368
2.722713633111154 0.9817372981262273
2.9321531433504733 0.9854733475357752
3.141592653589793 0.9863459805952302
3.3510321638291125 0.9856001239806006
3.560471674068432 0.9917548711297303
3.7699111843077517 0.9897876519948547
3.979350694547071 0.9942261732852882
4.1887902047863905 0.9880986806908763
4.39822971502571 0.9876281343136328
4.607669225265029 0.9968486430819288
4.817108735504349 0.9932978235974649
5.026548245743669 0.989670474683196
5.235987755982988 0.9890094125256483
5.445427266222308 0.9847894963136983
5.654866776461628 0.9902592094135798
5.864306286700947 0.9851855186067315
6.073745796940266 0.989408884650647
6.283185307179586 0.9926343795761258
6.492624817418905 0.9889508195564829
6.702064327658225 0.9895554897409091
6.911503837897545 0.9916163041344633
7.120943348136864 0.9814190677049884
7.330382858376184 0.997467189148575
7.5398223686155035 0.9896914635739549
7.749261878854822 0.989379977747356
7.958701389094142 0.9847905720370634
8.168140899333462 0.9832935796078626
8.377580409572781 0.9985275048253031
8.5870199198121 0.9863893730636525
8.79645943005142 0.9913873781040857
9.00589894029074 0.9862194585797821
9.215338450530059 0.9876401138185974
9.42477796076938 0.9942327285382965
9.634217471008698 0.9877192133856372
9.843656981248017 0.9758521864042898
10.053096491487338 0.9870352635013657
10.262536001726657 0.9917750793472535
10.471975511965976 0.9892794228014641
10.681415022205297 0.9882869435672609
10.890854532444616 0.9843764117798545
11.100294042683934 0.9861580513011069
11.309733552923255 0.9799122105895693
11.519173063162574 0.9870995038528444
11.728612573401893 0.9940223574622001
11.938052083641214 0.9889486144681504
12.147491593880533 0.988253849106845
12.356931104119852 0.990704480683963
12.566370614359172 0.9909861530460915
12.775810124598491 0.9845160730986192
12.98524963483781 0.9894726729109073
13.194689145077131 0.9957069339911394
13.40412865531645 0.9892482326413481
13.613568165555769 0.987452789541001
13.82300767579509 0.989421529863506
14.032447186034409 0.9962621247227618
14.241886696273728 0.9892730835831701
14.451326206513048 0.9891672761044017
14.660765716752367 0.9906244108510855
14.870205226991686 0.994823113103859
15.079644737231007 0.9939181294412618
15.289084247470326 0.9851594416500675
15.498523757709645 0.983950884568135
