# r  Cs(r) [pure estimator]
0.2 -3.023786316844712e-7
0.6000000000000001 -1.8789495581711815e-6
1.0 2.950275196673115e-6
1.4000000000000001 -8.193094240920858e-7
1.8 -3.398670947598792e-7
2.2 1.711181938244356e-7
2.6 -6.073847177547461e-7
3.0 -1.0127556936181773e-7
3.4000000000000004 1.236399267482456e-6
3.8000000000000003 1.943079038701517e-6
4.2 -8.050666048726773e-7
4.6000000000000005 -3.913754195511017e-6
5.0 2.606772806591562e-6
5.4 -8.74729106289963e-8
5.800000000000001 1.5990145803872772e-6
6.2 -1.1212142599079775e-6
6.6000000000000005 -2.4007423254987917e-6
7.0 1.1451494498504327e-6
7.4 -1.0625367195485098e-6
7.800000000000001 -1.614052198376795e-6
8.200000000000001 2.177049129857801e-6
8.6 4.05399021855627e-6
9.0 3.676352117062529e-9
9.4 -1.1432653647986808e-6
9.8 -1.4837491220009205e-6
10.200000000000001 -1.5458409559597784e-6
10.600000000000001 -1.5042112990687083e-7
11.0 6.664783245901202e-7
11.4 -3.110600498927995e-7
11.8 3.840329902115719e-6
12.200000000000001 -7.425374289677046e-7
12.600000000000001 6.391152803700668e-7
13.0 1.6421309822264944e-6
13.4 2.0287442892129168e-7
13.8 7.018025513123876e-7
14.200000000000001 -1.4624015066015549e-6
14.600000000000001 3.6808749136158338e-6
15.0 -1.2209695744424102e-6
15.4 1.4511776001587823e-6
15.8 1.3052076518326674e-6
16.2 -3.36218627627298e-7
16.6 -1.4817663106383498e-6
17.0 -6.177474860903236e-7
17.400000000000002 -9.81504766959454e-7
17.8 7.306702855619724e-7
18.2 2.931549500463743e-7
18.6 -4.1381787304498645e-7
19.0 -1.1296814595404605e-6
19.400000000000002 -3.4001311487244733e-7
19.8 -9.025752467391691e-7
20.200000000000003 3.778623857487153e-6
20.6 1.1711702695256292e-6
21.0 2.8150650276634117e-6
21.400000000000002 -4.12349849174683e-8
21.8 -6.495891625447321e-7
22.200000000000003 1.5436997156656002e-6
22.6 1.8230852831819158e-6
23.0 5.2042396226384985e-6
23.400000000000002 3.39889440811069e-7
23.8 -8.450147545708805e-8
24.200000000000003 4.5472852113019916e-7
24.6 7.441583288750118e-7
25.0 2.1851365710398258e-7
25.400000000000002 -1.7529796040066713e-6
25.8 2.7258055683877303e-7
26.200000000000003 -1.71009573410375e-6
26.6 6.180272898523984e-7
27.0 1.224841437102652e-6
27.400000000000002 2.4123801264072146e-6
27.8 -1.2636597642354811e-6
28.200000000000003 -1.1214992797049233e-6
28.6 -7.215607818720349e-7
29.0 -6.595712122613452e-7
29.400000000000002 -9.218956623179773e-7
29.8 3.6830576088195815e-7
30.200000000000003 -1.8853307708802038e-6
30.6 1.4696111187494634e-6
31.0 1.97784405542697e-7
31.400000000000002 3.8690508937290374e-6
31.8 -5.472725555209255e-7
32.2 -6.300753360006954e-7
32.6 1.5260692971285989e-6
33.0 -1.6780915287041148e-6
33.4 -1.1647064943729464e-6
33.800000000000004 1.952977054822469e-6
34.2 7.378045395014086e-7
34.6 -4.4009044503420297e-7
35.0 4.297623906095556e-6
35.4 -2.6393142958659016e-6
35.800000000000004 1.6320174932920597e-6
36.2 -4.7453672990898076e-7
36.6 1.2201901387996082e-6
37.0 -2.4291062737142994e-6
37.4 -2.141959127189617e-6
37.800000000000004 -6.643650531280781e-7
38.2 3.005841292755677e-7
38.6 -2.653728641774e-6
39.0 -2.3053517177420916e-6
39.400000000000006 -8.248049190691645e-8
39.800000000000004 2.312621708514872e-6
