0.2 0.8880580168776371
0.6000000000000001 0.9235021097046413
1.0 0.9544008438818565
1.4000000000000001 0.9421571729957806
1.8 0.9078354430379747
2.2 0.8404831223628692
2.6 0.8227014767932489
3.0 0.8738818565400844
3.4000000000000004 0.909542194092827
3.8000000000000003 0.9840770042194092
4.2 1.0604525316455695
4.6000000000000005 1.0677289029535866
5.0 1.1056867088607596
5.4 1.0732837552742616
5.800000000000001 1.1133839662447258
6.2 1.1264862869198313
6.6000000000000005 1.0600864978902953
7.0 1.0306751054852321
7.4 1.017649789029536
7.800000000000001 0.9842099156118144
8.200000000000001 0.9905284810126582
8.6 0.9908850210970465
9.0 1.000009493670886
9.4 0.9983101265822785
9.8 1.0111677215189874
10.200000000000001 0.9847637130801687
10.600000000000001 1.013097046413502
11.0 0.9819736286919831
11.4 1.0241466244725739
11.8 1.007045358649789
12.200000000000001 0.9911561181434599
12.600000000000001 0.9953997890295359
13.0 1.035526371308017
13.4 1.0362721518987341
13.8 0.9881635021097046
14.200000000000001 1.043665611814346
14.600000000000001 1.0270021097046413
15.0 1.0690791139240505
15.4 1.0346255274261604
15.8 0.9967605485232067
16.2 1.0386360759493671
16.6 1.002931434599156
17.0 0.979996835443038
17.400000000000002 0.9499198312236287
17.8 0.9405917721518987
18.2 0.9237805907172996
18.6 0.9354767932489452
19.0 0.9798713080168776
19.400000000000002 0.9915833333333334
19.8 0.9839240506329114
20.200000000000003 1.0480611814345993
20.6 1.082496835443038
21.0 1.1009630801687764
21.400000000000002 1.0868090717299579
21.8 1.0159588607594936
22.200000000000003 1.0203976793248946
22.6 1.0058175105485232
23.0 0.9577542194092827
23.400000000000002 0.9201466244725739
23.8 0.9112827004219409
24.200000000000003 0.9250116033755275
24.6 0.9585643459915612
25.0 1.0480854430379747
25.400000000000002 1.062772151898734
25.8 1.069084388185654
26.200000000000003 1.0599567510548524
26.6 1.035367088607595
27.0 0.9686782700421941
27.400000000000002 0.949632911392405
27.8 0.9512394514767932
28.200000000000003 1.054149789029536
28.6 1.0471466244725738
29.0 1.0521930379746836
29.400000000000002 1.0273491561181434
29.8 0.9964135021097047
30.200000000000003 1.015675105485232
30.6 0.9954493670886075
31.0 0.948298523206751
31.400000000000002 0.9169820675105486
31.8 0.9634166666666667
32.2 0.9630147679324894
32.6 0.9911772151898735
33.0 0.9759799578059072
33.4 0.982789029535865
33.800000000000004 1.0240949367088608
34.2 1.043951476793249
34.6 1.0836698312236286
35.0 1.0538987341772152
35.4 1.0161381856540084
35.800000000000004 1.0126213080168776
36.2 0.9996867088607595
36.6 1.0078691983122363
37.0 0.970279535864979
37.4 1.0000432489451476
37.800000000000004 1.054695147679325
38.2 1.0313976793248945
38.6 0.9979451476793249
39.0 0.9601455696202532
39.400000000000006 0.9749282700421941
39.800000000000004 1.0279472573839663
