# r  Cs(r) [pure estimator]
0.05 0.0005411419754141831
0.15000000000000002 0.0005544882591382943
0.25 0.0005565079530796463
0.35000000000000003 0.0005512849719993831
0.45 0.000546054565278892
0.55 0.0005546493351293583
0.65 0.0005482207678476344
0.75 0.0005563998627334965
0.8500000000000001 0.00055823614833144
0.9500000000000001 0.0005202591076078248
1.05 0.000535753592462734
1.1500000000000001 0.000544658891904003
1.25 0.0005593583254099895
1.35 0.0005447738152621648
1.4500000000000002 0.0005454822514650281
1.55 0.0005525280095188721
1.6500000000000001 0.000553708953023461
1.75 0.0005455610495172854
1.85 0.0005349761584402933
1.9500000000000002 0.0005424163365529754
2.0500000000000003 0.0005434555494418091
2.15 0.0005356336536807888
2.25 0.0005342306004500101
2.35 0.0005420471023912815
2.45 0.0005405012134259576
2.5500000000000003 0.0005259848239371766
2.6500000000000004 0.0005390752450331266
2.75 0.0005418842970935855
2.85 0.0005329129487557816
2.95 0.0005296292613247583
3.0500000000000003 0.000528074128671723
3.1500000000000004 0.0005505907319026681
3.25 0.0005416406232466292
3.35 0.000531744167465359
3.45 0.0005447553690816972
3.5500000000000003 0.0005359815183443017
3.6500000000000004 0.0005471491321220691
3.75 0.0005426415496860882
3.85 0.0005275751730911476
3.95 0.0005439628115002166
4.05 0.0005473007340221056
4.15 0.0005317657335328179
4.25 0.0005456458898277105
4.3500000000000005 0.0005399156325184071
4.45 0.0005346472191824082
4.55 0.0005450329832597045
4.65 0.0005467777774714602
4.75 0.0005412636372925359
4.8500000000000005 0.0005454857268548105
4.95 0.0005467590727502193
5.050000000000001 0.0005437596869418325
5.15 0.0005429849223761929
5.25 0.000542814161899985
5.3500000000000005 0.0005571135962044629
5.45 0.0005501066630488974
5.550000000000001 0.0005473753768041771
5.65 0.0005371582853201326
5.75 0.0005427359773384506
5.8500000000000005 0.0005469644032374138
5.95 0.0005389990328926086
6.050000000000001 0.0005329814499082035
6.15 0.000533366779915135
6.25 0.0005425367464106683
6.3500000000000005 0.0005384108677902555
6.45 0.0005336246009042655
6.550000000000001 0.0005398977222169711
6.65 0.0005458414082309878
6.75 0.0005300087764014195
6.8500000000000005 0.0005370451177963373
6.95 0.0005328541817017715
7.050000000000001 0.0005537535170521608
7.15 0.0005409442761372761
7.25 0.0005355505544988377
7.3500000000000005 0.0005524105953075678
7.45 0.0005432173018186239
7.550000000000001 0.0005394707070975778
7.65 0.0005526747015588415
7.75 0.0005337527483993095
7.8500000000000005 0.0005302058063437584
7.95 0.0005366212795217023
8.05 0.0005366114857412031
8.15 0.0005341153533381462
8.25 0.0005455831898511696
8.35 0.0005277338662621583
8.450000000000001 0.0005348057143420723
8.55 0.00053731272108665
8.65 0.0005409292614192007
8.75 0.0005438230450617413
8.85 0.0005353471453847016
8.950000000000001 0.0005528289398078744
9.05 0.0005429377104285383
9.15 0.0005520480144326608
9.25 0.0005502108669822054
9.35 0.0005492967867905174
9.450000000000001 0.0005389205723059441
9.55 0.0005448918012395932
9.65 0.0005468137665066751
9.75 0.0005382900386701234
9.850000000000001 0.0005492267454949236
9.950000000000001 0.0005384900634703401
