# P_value  count
-1.0 0.0
-0.96 0.0
-0.92 0.0
-0.88 0.0
-0.84 0.0
-0.8 0.0
-0.76 0.0
-0.72 0.0
-0.68 0.0
-0.64 0.0
-0.6 0.0
-0.56 4.0
-0.52 16.0
-0.48 44.0
-0.44 104.0
-0.4 285.0
-0.36 654.0
-0.32 1353.0
-0.28 2721.0
-0.24 4337.0
-0.2 7209.0
-0.16 10055.0
-0.12 13194.0
-0.08 16291.0
-0.04 18761.0
0.0 20588.0
0.04 18672.0
0.08 16633.0
0.12 13985.0
0.16 10471.0
0.2 7073.0
0.24 4998.0
0.28 2879.0
0.32 1512.0
0.36 690.0
0.4 313.0
0.44 115.0
0.48 51.0
0.52 17.0
0.56 4.0
0.6 3.0
0.64 0.0
0.68 0.0
0.72 0.0
0.76 0.0
0.8 0.0
0.84 0.0
0.88 0.0
0.92 0.0
0.96 0.0
1.0 0.0
