block_size         error    difference      rel_diff
-------------------------------------------------------
       2  9.966187e-08  4.125839e-08  4.139837e-01
       4  1.409203e-07  5.831602e-08  4.138228e-01
       8  1.992363e-07  8.238287e-08  4.134933e-01
      16  2.816191e-07  1.162721e-07  4.128700e-01
      32  3.978912e-07  1.638268e-07  4.117376e-01
      64  5.617180e-07  2.301335e-07  4.096958e-01
     128  7.918516e-07  3.216706e-07  4.062259e-01
     256  1.113522e-06  4.469284e-07  4.013646e-01
     512  1.560451e-06  6.153102e-07  3.943157e-01
    1024  2.175761e-06  8.470833e-07  3.893274e-01
    2048  3.022844e-06  1.150387e-06  3.805644e-01
    4096  4.173231e-06  1.550566e-06  3.715505e-01
    8192  5.723797e-06  1.992129e-06  3.480432e-01
   16384  7.715925e-06  2.225830e-06  2.884722e-01
   32768  9.941755e-06  1.407114e-06  1.415358e-01
   65536  1.134887e-05  3.876725e-07  3.415957e-02
  131072  1.173654e-05           ---           ---
