# block  <|P|>
1 0.0
2 0.3586666666666644
3 0.4872666666666679
4 0.623823823823827
5 0.5629333333333367
6 0.5651333333333367
7 0.4851333333333334
8 0.5926000000000052
9 0.5725725725725794
10 0.5640306973640322
11 0.6982666666666673
12 0.6418666666666674
13 0.5326000000000023
14 0.4600000000000026
15 0.4772666666666692
16 0.5495837495837501
17 0.47026666666666656
18 0.5136863136863122
19 0.8234901568234878
20 0.5313333333333344
21 0.4948948948948955
22 0.5705333333333366
23 0.5170666666666712
24 0.6898000000000049
25 0.5616666666666705
26 0.5774666666666748
27 0.5488666666666684
28 0.513266666666662
29 0.5065333333333321
30 0.5555333333333369
31 0.44966666666666427
32 0.4731333333333339
33 0.4370666666666673
34 0.8024666666666548
35 0.6703333333333328
36 0.6075333333333344
37 0.5442000000000001
38 0.5654000000000051
39 0.542400000000004
40 0.47766666666667024
41 0.5736000000000019
42 0.583000000000005
43 0.5464000000000035
44 0.5234765234765228
45 0.6534000000000014
46 0.5622000000000031
47 0.6050000000000021
48 0.5248496993988027
49 0.6859719438877712
50 0.5992000000000037
51 0.5468666666666699
52 0.5951951951951978
53 0.5175333333333386
54 0.6196000000000047
55 0.6196666666666705
56 0.615230460921843
57 0.6419580419580524
58 0.6794666666666721
59 0.6822666666666634
60 0.6442666666666702
61 0.6182000000000017
62 0.5577333333333363
63 0.5222666666666714
64 0.5542000000000002
65 0.5926000000000002
66 0.5361333333333332
67 0.4690642690642681
68 0.4682666666666677
69 0.4465333333333276
70 0.5528666666666733
71 0.5164000000000045
72 0.6865999999999974
73 0.6542666666666732
74 0.554845154845158
75 0.5436666666666705
76 0.44804804804805143
77 0.5565767565767564
78 0.5377465730524917
79 0.5614666666666708
80 0.5526666666666712
81 0.560933333333336
82 0.4682650682650657
83 0.46106666666666263
84 0.5437229437229452
85 0.5284666666666726
86 0.6029999999999995
87 0.617417417417424
88 0.6060000000000034
89 0.49990009990009815
90 0.655466666666676
91 0.5269397269397295
92 0.5252585919252586
93 0.5409999999999986
94 0.5914000000000055
95 0.4627999999999981
96 0.5316000000000018
97 0.5067333333333296
98 0.5536000000000055
99 0.5674666666666677
100 0.7216549883216589
101 0.7418666666666696
102 0.54266666666667
103 0.5727333333333361
104 0.569000000000003
105 0.5634000000000061
106 0.5905999999999989
107 0.6073333333333367
108 0.5789333333333351
109 0.5804000000000008
110 0.48528528528528425
111 0.553066666666669
112 0.5586666666666701
113 0.5150000000000017
114 0.5356666666666545
115 0.8401999999999881
116 0.7450784117450726
117 0.597200000000004
118 0.6020666666666665
119 0.5658666666666657
120 0.4652666666666652
121 0.5159333333333366
122 0.5089333333333359
123 0.5399333333333356
124 0.5210666666666715
125 0.6270937604270913
126 0.6980666666666702
127 0.5749333333333373
128 0.5836666666666679
129 0.7611055611055563
130 0.7064666666666621
131 0.5894000000000036
132 0.5546666666666691
133 0.46260000000000107
134 0.5459333333333357
135 0.6841333333333351
136 0.6564666666666691
137 0.7193999999999986
138 0.6527999999999967
139 0.6653999999999981
140 0.6542666666666713
141 0.6475999999999996
142 0.4756666666666658
143 0.47799999999999765
144 0.6187333333333404
145 0.64606666666667
146 0.5561105561105595
147 0.6536000000000061
148 0.683333333333335
149 0.600600000000002
150 0.6907333333333323
151 0.5822489155822517
152 0.4759333333333351
153 0.40613333333333107
154 0.4416000000000012
155 0.5208666666666706
156 0.5514848181514908
157 0.7131999999999994
158 0.6138000000000019
159 0.6102000000000005
160 0.7015333333333299
161 0.6066000000000029
162 0.5972666666666697
163 0.5816666666666714
164 0.55186666666667
165 0.5195333333333331
166 0.4756089422756154
167 0.5361333333333367
168 0.49916749916750325
169 0.6063333333333428
170 0.5697333333333394
171 0.5154000000000006
172 0.5624000000000017
173 0.5706000000000035
174 0.511754911754913
175 0.5420666666666686
176 0.6458666666666713
177 0.6992
178 0.635133333333336
179 0.5862666666666703
180 0.555199999999999
181 0.46260000000000173
182 0.5428000000000059
183 0.59233333333334
184 0.5825333333333365
185 0.6092666666666737
186 0.5965333333333395
187 0.5325333333333335
188 0.5586666666666678
189 0.5592407592407591
190 0.52485819152486
191 0.5075742409075749
192 0.4176000000000005
193 0.5614280947614295
194 0.7529333333333368
195 0.6058000000000073
196 0.559466666666674
197 0.5204000000000033
198 0.47346666666666787
199 0.4850000000000018
200 0.43340000000000184
201 0.4765333333333312
202 0.511066666666672
203 0.4978666666666663
204 0.5318015318015318
205 0.5502168835502187
206 0.5466666666666619
207 0.5002
208 0.4325333333333318
