# k values and corresponding S(k) [pure estimator]
0.0 10.728946955766292
0.20943951023931953 0.9419867162386933
0.41887902047863906 0.9972361435773267
0.6283185307179586 0.9613295998648425
0.8377580409572781 0.974697036727548
1.0471975511965976 0.9771665478400478
1.2566370614359172 0.9772283637757296
1.4660765716752366 0.9622934745683847
1.6755160819145563 1.0056296485836862
1.8849555921538759 0.967258121082534
2.0943951023931953 0.9950557385393479
2.3038346126325147 0.9842647266638511
2.5132741228718345 0.996994413932116
2.722713633111154 0.9808797911096264
2.9321531433504733 0.967606330843767
3.141592653589793 0.9603368726034027
3.3510321638291125 1.0226893635949024
3.560471674068432 0.954587590464591
3.7699111843077517 0.996009680339851
3.979350694547071 0.9644802433856796
4.1887902047863905 0.958501090616028
4.39822971502571 0.9843688811710757
4.607669225265029 0.9897811772201318
4.817108735504349 0.9984243531682774
5.026548245743669 1.00273047868554
5.235987755982988 1.009509323787153
5.445427266222308 0.9659972495065059
5.654866776461628 1.0095427636637633
5.864306286700947 0.9668302382115287
6.073745796940266 0.9759857824920987
6.283185307179586 0.9762299927373854
6.492624817418905 0.9739542652563682
6.702064327658225 0.9703060619531383
6.911503837897545 1.0115251093522517
7.120943348136864 0.9403002619188586
7.330382858376184 0.9685284505375364
7.5398223686155035 0.9426530695886564
7.749261878854822 0.9940463198094538
7.958701389094142 0.9878798382556666
8.168140899333462 0.9559728962659987
8.377580409572781 0.9692783831761511
8.5870199198121 0.9978429593044992
8.79645943005142 0.9753498093134692
9.00589894029074 0.9928872374133414
9.215338450530059 0.9964607093319959
9.42477796076938 1.0170804417266046
9.634217471008698 0.9751790021895798
9.843656981248017 0.9874894272456513
10.053096491487338 1.0102760014743226
10.262536001726657 0.9578153121285049
10.471975511965976 0.9861477640580225
10.681415022205297 0.9824628383999757
10.890854532444616 0.9904941531321139
11.100294042683934 0.98051629409128
11.309733552923255 0.9946039624558745
11.519173063162574 0.9846318723256602
11.728612573401893 0.9897133853289375
11.938052083641214 0.9888880895902834
12.147491593880533 0.9629878248349069
12.356931104119852 0.9714800385549865
12.566370614359172 0.973903947016026
12.775810124598491 0.9994929458300655
12.98524963483781 0.9983641914924295
13.194689145077131 0.994328329120198
13.40412865531645 0.9818979585725824
13.613568165555769 0.9716603402963776
13.82300767579509 0.9767093823223886
14.032447186034409 0.9753951731532975
14.241886696273728 1.0114954344960705
14.451326206513048 1.0045873433458683
14.660765716752367 1.0068897929053133
14.870205226991686 0.9963631083725352
15.079644737231007 0.9771512529447188
15.289084247470326 0.9845013195739588
15.498523757709645 0.9875236263579664
