# r  Cs(r) [pure estimator]
0.125 0.00019536929290470972
0.375 0.00019092170912980835
0.625 0.0001928194994601289
0.875 0.00018818343093827223
1.125 0.00019097654717200962
1.375 0.00018961186490612652
1.625 0.000188989778386173
1.875 0.0001927759396095931
2.125 0.00018280256977368616
2.375 0.0001919314439735082
2.625 0.00019068667874299608
2.875 0.00018941133409928546
3.125 0.0001880455468781583
3.375 0.00018657167203750064
3.625 0.00018610944458361195
3.875 0.000184432097703393
4.125 0.00018619474315368978
4.375 0.00019418403181297976
4.625 0.0001852572063848664
4.875 0.00018917295921236553
5.125 0.00018735915875813967
5.375 0.00018905255539331783
5.625 0.00018709864872510875
5.875 0.00018697028971784898
6.125 0.0001866065298097551
6.375 0.00019109169546629393
6.625 0.0001856347165148087
6.875 0.00018713027083089266
7.125 0.000184291524262487
7.375 0.00018411697675193805
7.625 0.0001864524313453298
7.875 0.0001820303825306876
8.125 0.00018192566300564837
8.375 0.00018627334723997805
8.625 0.0001855031761778266
8.875 0.00017894182034762848
9.125 0.00018559012901600487
9.375 0.00018383908472447823
9.625 0.00018348935756592032
9.875 0.00018412866906705082
10.125 0.00018824104613874865
10.375 0.00017996914171012753
10.625 0.0001831385739979486
10.875 0.000178786722225294
11.125 0.000188776819392676
11.375 0.00018288924881728906
11.625 0.0001813514909987373
11.875 0.00018293222415241564
12.125 0.00018150433586042433
12.375 0.00018520798279380256
12.625 0.0001823144168413626
12.875 0.0001916704209232457
13.125 0.00018638954011630882
13.375 0.00018367039174383432
13.625 0.00018521423280565253
13.875 0.00018596375433198547
14.125 0.000185417353657797
14.375 0.00018367101939676205
14.625 0.00018439381243432298
14.875 0.00017827223184971677
15.125 0.0001854857722227402
15.375 0.00018314456699302213
15.625 0.00018536592183300457
15.875 0.00018352493728655315
16.125 0.00018821424398236588
16.375 0.00018113261570588924
16.625 0.00018546674888142773
16.875 0.000182121797824159
17.125 0.00018136265202427324
17.375 0.0001836258445156543
17.625 0.00018430747819408124
17.875 0.00018236086004661418
18.125 0.0001830832895803899
18.375 0.00017992459070752747
18.625 0.0001859906819329481
18.875 0.00018354210028142086
19.125 0.00018592156432041497
19.375 0.00018271055088948414
19.625 0.00018135224758895544
19.875 0.0001862511336984517
20.125 0.00018087484527785447
20.375 0.00018603224913978997
20.625 0.0001795554419272924
20.875 0.00018561479676273404
21.125 0.00018468458153754464
21.375 0.00018203051520522713
21.625 0.0001875347541051478
21.875 0.00018215669517011908
22.125 0.00018266049960614697
22.375 0.00018572676279692343
22.625 0.00018741599202179944
22.875 0.00018193390057946618
23.125 0.00018366042464370086
23.375 0.0001791291843243833
23.625 0.00018076076896027176
23.875 0.00018253166999715651
24.125 0.0001863875109121174
24.375 0.0001799094222147762
24.625 0.0001785338249148561
24.875 0.00017922739801896765
