# P_value  count
-1.0 0.0
-0.96 0.0
-0.92 0.0
-0.88 0.0
-0.84 0.0
-0.8 0.0
-0.76 0.0
-0.72 0.0
-0.68 0.0
-0.64 0.0
-0.6 1.0
-0.56 2.0
-0.52 31.0
-0.48 66.0
-0.44 177.0
-0.4 485.0
-0.36 902.0
-0.32 2060.0
-0.28 3326.0
-0.24 5240.0
-0.2 7759.0
-0.16 10394.0
-0.12 13914.0
-0.08 16506.0
-0.04 18413.0
0.0 20835.0
0.04 19638.0
0.08 17253.0
0.12 13935.0
0.16 11000.0
0.2 8177.0
0.24 5237.0
0.28 3343.0
0.32 1880.0
0.36 1043.0
0.4 474.0
0.44 284.0
0.48 69.0
0.52 46.0
0.56 43.0
0.6 2.0
0.64 0.0
0.68 0.0
0.72 0.0
0.76 0.0
0.8 0.0
0.84 0.0
0.88 0.0
0.92 0.0
0.96 0.0
1.0 0.0
