block_size         error    difference      rel_diff
-------------------------------------------------------
       2  8.211940e-08  3.397332e-08  4.137064e-01
       4  1.160927e-07  4.798100e-08  4.132989e-01
       8  1.640737e-07  6.767439e-08  4.124633e-01
      16  2.317481e-07  9.520700e-08  4.108210e-01
      32  3.269551e-07  1.332848e-07  4.076548e-01
      64  4.602399e-07  1.848786e-07  4.017004e-01
     128  6.451185e-07  2.522471e-07  3.910089e-01
     256  8.973657e-07  3.332085e-07  3.713186e-01
     512  1.230574e-06  4.163246e-07  3.383174e-01
    1024  1.646899e-06  4.715482e-07  2.863249e-01
    2048  2.118447e-06  4.444952e-07  2.098213e-01
    4096  2.562942e-06  2.720318e-07  1.061404e-01
    8192  2.834974e-06  7.025314e-08  2.478088e-02
   16384  2.905227e-06  -8.353168e-08  2.875220e-02
   32768  2.821695e-06  -6.088305e-08  2.157676e-02
   65536  2.760812e-06  8.471956e-09  3.068646e-03
  131072  2.769284e-06           ---           ---
