# P_value  count
-1.0 0.0
-0.975 0.0
-0.95 0.0
-0.925 0.0
-0.9 0.0
-0.875 0.0
-0.85 0.0
-0.825 0.0
-0.8 0.0
-0.775 0.0
-0.75 0.0
-0.725 0.0
-0.7 0.0
-0.675 0.0
-0.65 0.0
-0.625 0.0
-0.6 0.0
-0.575 0.0
-0.55 0.0
-0.525 0.0
-0.5 0.0
-0.475 0.0
-0.45 0.0
-0.425 0.0
-0.4 0.0
-0.375 31.0
-0.35 28.0
-0.325 78.0
-0.3 88.0
-0.275 298.0
-0.25 613.0
-0.225 1295.0
-0.2 2273.0
-0.175 3580.0
-0.15 5186.0
-0.125 6794.0
-0.1 9353.0
-0.075 13097.0
-0.05 14334.0
-0.025 16093.0
0.0 16861.0
0.025 16848.0
0.05 14921.0
0.075 12346.0
0.1 10084.0
0.125 7241.0
0.15 5112.0
0.175 3560.0
0.2 2049.0
0.225 1218.0
0.25 907.0
0.275 417.0
0.3 188.0
0.325 63.0
0.35 15.0
0.375 23.0
0.4 2.0
0.425 0.0
0.45 0.0
0.475 0.0
0.5 0.0
0.525 0.0
0.55 0.0
0.575 0.0
0.6 0.0
0.625 0.0
0.65 0.0
0.675 0.0
0.7 0.0
0.725 0.0
0.75 0.0
0.775 0.0
0.8 0.0
0.825 0.0
0.85 0.0
0.875 0.0
0.9 0.0
0.925 0.0
0.95 0.0
0.975 0.0
1.0 0.0
