block_size         error    difference      rel_diff
-------------------------------------------------------
       2  3.493270e-07  1.440084e-07  4.122451e-01
       4  4.933354e-07  2.026526e-07  4.107805e-01
       8  6.959880e-07  2.838413e-07  4.078250e-01
      16  9.798293e-07  3.940683e-07  4.021806e-01
      32  1.373898e-06  5.386588e-07  3.920662e-01
      64  1.912556e-06  7.158590e-07  3.742943e-01
     128  2.628415e-06  9.050708e-07  3.443408e-01
     256  3.533486e-06  1.052722e-06  2.979273e-01
     512  4.586208e-06  1.082223e-06  2.359735e-01
    1024  5.668431e-06  1.057498e-06  1.865591e-01
    2048  6.725929e-06  1.001860e-06  1.489549e-01
    4096  7.727789e-06  1.050520e-06  1.359406e-01
    8192  8.778309e-06  1.272201e-06  1.449256e-01
   16384  1.005051e-05  1.320909e-06  1.314271e-01
   32768  1.137142e-05  8.995156e-07  7.910319e-02
   65536  1.227093e-05  9.176827e-07  7.478507e-02
  131072  1.318862e-05           ---           ---
