# r  Cs(r) [pure estimator]
0.1 -3.1387761725308558e-6
0.30000000000000004 4.177058828135723e-7
0.5 -4.491640155304229e-6
0.7000000000000001 1.1637063300906112e-6
0.9 -2.01716883434693e-6
1.1 4.2635319721433185e-8
1.3 -1.7974763327411242e-6
1.5 4.5152655825065333e-7
1.7000000000000002 -1.6693239168382907e-6
1.9000000000000001 -1.21283786256145e-8
2.1 -1.833125800637572e-6
2.3000000000000003 1.28541083016867e-6
2.5 -3.7547524289672655e-8
2.7 -2.092772233796067e-6
2.9000000000000004 -2.7737286458095376e-6
3.1 -6.815280185500917e-8
3.3000000000000003 -1.4269625800117476e-6
3.5 -3.871990266382685e-8
3.7 -1.3005282300466472e-6
3.9000000000000004 -1.6330404180187003e-6
4.1000000000000005 -1.3444278144709157e-6
4.3 -1.9129205972540557e-6
4.5 -2.17151998816677e-6
4.7 -3.1056882782017393e-6
4.9 -2.5058955751246063e-6
5.1000000000000005 -2.1579247826674366e-7
5.300000000000001 -1.7188568270510686e-6
5.5 -2.5961963569767117e-6
5.7 1.7520184429827252e-6
5.9 -7.9001938814343e-7
6.1000000000000005 -1.927224648647848e-6
6.300000000000001 1.0007612712274201e-6
6.5 -3.444665278006871e-6
6.7 -1.3120510074543395e-6
6.9 -2.631390855407264e-7
7.1000000000000005 2.616921297743225e-6
7.300000000000001 1.3505813833964876e-6
7.5 -1.6671083369242043e-6
7.7 -9.541408200754104e-7
7.9 2.6202222847327634e-6
8.1 -1.0196210110415093e-6
8.3 -4.26342078219365e-6
8.5 2.4168108065676988e-6
8.700000000000001 -2.6295731208289097e-7
8.9 -3.8026320274062095e-6
9.1 -5.172062914752147e-7
9.3 -1.9263050426797426e-6
9.5 6.542103599833647e-7
9.700000000000001 1.0753547273579603e-6
9.9 -2.155021453387328e-6
10.100000000000001 1.7419432460731394e-6
10.3 -4.19694580801185e-6
10.5 1.0858421951898437e-6
10.700000000000001 2.5238925377192e-6
10.9 -3.5270921242334396e-6
11.100000000000001 1.8962024829225208e-6
11.3 -1.55870198409782e-6
11.5 -1.4194134558997676e-8
11.700000000000001 -1.6289440997111837e-6
11.9 -9.037531447550552e-7
12.100000000000001 2.753913409504725e-6
12.3 -2.7126762303346476e-7
12.5 2.6433299734634267e-7
12.700000000000001 -2.6291098596543945e-8
12.9 4.0431065557464276e-7
13.100000000000001 -3.6243285868080177e-6
13.3 -7.349757731485767e-7
13.5 -1.2688732639569176e-6
13.700000000000001 -3.0197765183647506e-6
13.9 -6.174552086227766e-8
14.100000000000001 -5.760210762452407e-7
14.3 -1.583981497996974e-6
14.5 -1.0674645028005058e-6
14.700000000000001 -6.994435405924762e-8
14.9 1.5063821171156233e-6
15.100000000000001 7.371413032219628e-7
15.3 1.0218548680243589e-6
15.5 -1.3424582392928552e-6
15.700000000000001 4.2461480359389085e-7
15.9 1.345599287221968e-6
16.1 1.879833305249611e-6
16.3 -8.66058059414331e-7
16.5 1.7524492709409161e-6
16.7 -3.01820230422482e-6
16.900000000000002 -2.414988294709139e-6
17.1 -3.395911680373486e-6
17.3 -3.06925787322004e-6
17.5 -5.106967139267958e-7
17.7 -5.306997568240313e-6
17.900000000000002 2.7446477855158227e-6
18.1 2.17556757145559e-6
18.3 -3.344269381902828e-6
18.5 1.7517788615176506e-6
18.7 -3.417781149234589e-6
18.900000000000002 -1.141960284386467e-6
19.1 -3.201123903269085e-7
19.3 3.6124538023815007e-6
19.5 -3.0799925096623927e-7
19.700000000000003 -3.1273835077008295e-6
19.900000000000002 -1.4960901095764463e-6
