0.15 0.10207836980270309
0.44999999999999996 0.13092427819139277
0.75 0.10090437036293451
1.05 0.006281768485662223
1.3499999999999999 0.017868166540915015
1.65 0.07028593100103828
1.95 0.0786948022494551
2.25 0.17870382725432069
2.55 0.18170724453988157
2.85 0.20301215605912898
3.15 0.16318573815610418
3.4499999999999997 0.13476670996103507
3.75 0.07384526536954927
4.05 0.029597386829651514
4.35 -0.024410168849113987
4.6499999999999995 -0.011281003651473618
4.95 -0.03348539562413244
5.25 -0.0736319640927146
5.55 -0.12723511157085857
5.85 -0.11652528568233568
6.1499999999999995 -0.1336884721926273
6.45 -0.14414974125645938
6.75 -0.15915025922607423
7.05 -0.1553010931714276
7.35 -0.1504103818217908
7.6499999999999995 -0.15544431414418988
7.949999999999999 -0.16799157243314894
8.25 -0.1560589597532734
8.549999999999999 -0.17155404601455937
8.85 -0.1679812395357568
9.15 -0.15118144941908915
9.45 -0.15760991022894885
9.75 -0.12883364814788112
10.049999999999999 -0.0976503007607533
10.35 -0.1177002762689117
10.65 -0.08563296737408814
10.95 -0.06988957540334538
11.25 -0.03101017196076901
11.549999999999999 -0.07815819562945045
11.85 -0.06888795728935163
12.15 -0.023883574907575846
12.45 -0.024079771290644876
12.75 0.01997616426572486
13.049999999999999 0.02902024951055347
13.35 -0.006187776365901845
13.65 -0.04864014919505974
13.95 -0.02955165551583478
14.25 0.004594785570633957
14.549999999999999 0.0769027214407494
14.85 0.08234756440285346
15.149999999999999 0.03294199088842531
15.45 0.02558882033457256
15.75 0.06758501773655706
16.05 0.053120809644870245
16.349999999999998 -0.0038716703434856243
16.65 0.011628036902815385
16.95 0.06261377448041841
17.25 0.06552451296395441
17.55 0.0959503334099793
17.849999999999998 0.07783190005100904
18.15 0.1235151806577158
18.45 0.15448499881667066
18.75 0.1058012415136581
19.05 0.10887418400605384
19.349999999999998 0.0925638431646922
19.65 0.06808940016930705
19.95 0.052102039964007335
20.25 0.01915456986723254
20.55 0.005114574226020928
20.849999999999998 -0.003457805818539173
21.15 0.017279860803759515
21.45 0.04812197813059115
21.75 0.018428856504559513
22.05 -0.03810499872854908
22.349999999999998 -0.062434882219777624
22.65 -0.06023329478985013
22.95 -0.10588173100704795
23.25 -0.08494587885092791
23.55 -0.08399208748553727
23.849999999999998 -0.08315279993114398
24.15 -0.09985445375258635
24.45 -0.13555984034571755
24.75 -0.12106622806625489
25.05 -0.12548505742971525
25.349999999999998 -0.11043446237862987
25.65 -0.11223941735475046
25.95 -0.05036157381211962
26.25 -0.03696970600068545
26.55 -0.06340096976088831
26.849999999999998 -0.03936216060910789
27.15 -0.02644587955641144
27.45 -0.01894936625230986
27.75 -0.036017335673946625
28.05 -0.03948506356699012
28.349999999999998 -0.04634464628328021
28.65 -0.03263172492430488
28.95 -0.00857254237542263
29.25 0.04406872435365193
29.549999999999997 0.09285768851674017
29.849999999999998 0.0769846257201681
