# P_value  count
-1.0 0.0
-0.9333333333333333 0.0
-0.8666666666666667 0.0
-0.8 0.0
-0.7333333333333333 0.0
-0.6666666666666666 58.0
-0.6 300.0
-0.5333333333333333 818.0
-0.4666666666666667 1778.0
-0.4 4032.0
-0.3333333333333333 6278.0
-0.26666666666666666 10695.0
-0.2 15478.0
-0.13333333333333333 20479.0
-0.06666666666666667 25872.0
0.0 28507.0
0.06666666666666667 24410.0
0.13333333333333333 21579.0
0.2 15715.0
0.26666666666666666 11087.0
0.3333333333333333 6828.0
0.4 3892.0
0.4666666666666667 1438.0
0.5333333333333333 596.0
0.6 219.0
0.6666666666666666 77.0
0.7333333333333333 24.0
0.8 0.0
0.8666666666666667 0.0
0.9333333333333333 0.0
1.0 0.0
