block_size         error    difference      rel_diff
-------------------------------------------------------
       2  2.974515e-07  1.225726e-07  4.120760e-01
       4  4.200241e-07  1.723820e-07  4.104097e-01
       8  5.924060e-07  2.411438e-07  4.070583e-01
      16  8.335498e-07  3.339821e-07  4.006744e-01
      32  1.167532e-06  4.543892e-07  3.891878e-01
      64  1.621921e-06  5.980718e-07  3.687428e-01
     128  2.219993e-06  7.469839e-07  3.364803e-01
     256  2.966977e-06  8.441746e-07  2.845235e-01
     512  3.811152e-06  7.817575e-07  2.051237e-01
    1024  4.592909e-06  5.376249e-07  1.170554e-01
    2048  5.130534e-06  4.563964e-07  8.895690e-02
    4096  5.586930e-06  1.217880e-07  2.179873e-02
    8192  5.708718e-06  1.128045e-07  1.976004e-02
   16384  5.821523e-06  7.293381e-08  1.252830e-02
   32768  5.894457e-06  6.566388e-08  1.113994e-02
   65536  5.960120e-06  2.805409e-07  4.706968e-02
  131072  6.240661e-06           ---           ---
