# P_value  count
-1.0 2470.0
-0.9666666666666667 11768.0
-0.9333333333333333 27178.0
-0.9 40383.0
-0.8666666666666667 36749.0
-0.8333333333333334 30865.0
-0.8 21913.0
-0.7666666666666667 14003.0
-0.7333333333333333 7686.0
-0.7 3279.0
-0.6666666666666666 1208.0
-0.6333333333333333 882.0
-0.6 192.0
-0.5666666666666667 69.0
-0.5333333333333333 6.0
-0.5 15.0
-0.4666666666666667 16.0
-0.43333333333333335 0.0
-0.4 0.0
-0.36666666666666664 0.0
-0.3333333333333333 0.0
-0.3 0.0
-0.26666666666666666 0.0
-0.23333333333333334 0.0
-0.2 0.0
-0.16666666666666666 0.0
-0.13333333333333333 0.0
-0.1 0.0
-0.06666666666666667 0.0
-0.03333333333333333 0.0
0.0 985.0
0.03333333333333333 0.0
0.06666666666666667 0.0
0.1 0.0
0.13333333333333333 0.0
0.16666666666666666 0.0
0.2 0.0
0.23333333333333334 0.0
0.26666666666666666 0.0
0.3 0.0
0.3333333333333333 0.0
0.36666666666666664 0.0
0.4 0.0
0.43333333333333335 0.0
0.4666666666666667 0.0
0.5 0.0
0.5333333333333333 0.0
0.5666666666666667 0.0
0.6 0.0
0.6333333333333333 0.0
0.6666666666666666 0.0
0.7 6.0
0.7333333333333333 0.0
0.7666666666666667 0.0
0.8 0.0
0.8333333333333334 0.0
0.8666666666666667 0.0
0.9 0.0
0.9333333333333333 0.0
0.9666666666666667 0.0
1.0 0.0
