# P_value  count
-1.0 11685.0
-0.9333333333333333 32239.0
-0.8666666666666667 41520.0
-0.8 37367.0
-0.7333333333333333 25397.0
-0.6666666666666666 15105.0
-0.6 7790.0
-0.5333333333333333 3822.0
-0.4666666666666667 1633.0
-0.4 885.0
-0.3333333333333333 456.0
-0.26666666666666666 275.0
-0.2 236.0
-0.13333333333333333 131.0
-0.06666666666666667 163.0
0.0 1142.0
0.06666666666666667 124.0
0.13333333333333333 152.0
0.2 174.0
0.26666666666666666 102.0
0.3333333333333333 127.0
0.4 41.0
0.4666666666666667 119.0
0.5333333333333333 140.0
0.6 109.0
0.6666666666666666 50.0
0.7333333333333333 43.0
0.8 0.0
0.8666666666666667 0.0
0.9333333333333333 0.0
1.0 0.0
