# k values and corresponding S(k) [pure estimator]
0.0 20.650007586800385
0.20943951023931953 0.6445056053074251
0.41887902047863906 0.7990584831564375
0.6283185307179586 0.8768415307984379
0.8377580409572781 0.8735006422813143
1.0471975511965976 0.9196474225227727
1.2566370614359172 0.9889348711823892
1.4660765716752366 0.9615421332562734
1.6755160819145563 0.9887799773918522
1.8849555921538759 0.9736428511172144
2.0943951023931953 0.9804142057951887
2.3038346126325147 1.0034361543400852
2.5132741228718345 0.9918391292555023
2.722713633111154 0.9649734544998696
2.9321531433504733 0.9201278735293683
3.141592653589793 0.9346352751706782
3.3510321638291125 0.9986800063693656
3.560471674068432 0.9738636997881558
3.7699111843077517 0.9669190883382898
3.979350694547071 0.9782350394294183
4.1887902047863905 0.9381632537830312
4.39822971502571 0.9241521923824175
4.607669225265029 0.9286129573213597
4.817108735504349 0.9253576895687521
5.026548245743669 1.0073248517936424
5.235987755982988 0.976792038483825
5.445427266222308 1.012212188262006
5.654866776461628 0.9783871719696277
5.864306286700947 0.9705071154928355
6.073745796940266 1.0097768585202167
6.283185307179586 0.9612564610991493
6.492624817418905 1.0025583537535983
6.702064327658225 0.9393487054327433
6.911503837897545 0.9929460273360343
7.120943348136864 0.9894607280718927
7.330382858376184 0.959810388597157
7.5398223686155035 0.9669093837372321
7.749261878854822 0.9708294687344362
7.958701389094142 0.9604548689556663
8.168140899333462 1.012047908404208
8.377580409572781 0.9743188166315888
8.5870199198121 0.9819232668491823
8.79645943005142 1.031233885012028
9.00589894029074 0.9685420341232704
9.215338450530059 1.0125824151754559
9.42477796076938 1.0069211714195736
9.634217471008698 0.9460500606896907
9.843656981248017 0.9464352155895689
10.053096491487338 1.0086789196277473
10.262536001726657 1.0405632288390465
10.471975511965976 1.0324354215643892
10.681415022205297 0.9395381768526433
10.890854532444616 0.9717927446466299
11.100294042683934 0.9855954145039209
11.309733552923255 1.0092655227116745
11.519173063162574 0.9747527134712661
11.728612573401893 0.9438428259883358
11.938052083641214 1.0213725594190157
12.147491593880533 0.9514923813643981
12.356931104119852 0.9975257353132969
12.566370614359172 1.0013758655068508
12.775810124598491 0.9104387270494053
12.98524963483781 1.0087538790765598
13.194689145077131 0.9713565558405215
13.40412865531645 0.9503888741040276
13.613568165555769 0.9716462214067272
13.82300767579509 0.9774007073233634
14.032447186034409 0.9602783437737186
14.241886696273728 1.0379430124399283
14.451326206513048 1.012971802074963
14.660765716752367 0.938605952798738
14.870205226991686 0.9662135027330708
15.079644737231007 1.0002796938949292
15.289084247470326 1.0046254891421222
15.498523757709645 0.9166096961264185
