0.05 0.8208070175438597
0.15000000000000002 0.8648947368421053
0.25 0.8621929824561404
0.35000000000000003 0.8404035087719298
0.45 0.8361578947368421
0.55 0.8225087719298245
0.65 0.8499649122807017
0.75 0.907298245614035
0.8500000000000001 0.9562982456140351
0.9500000000000001 0.9323333333333333
1.05 0.9609122807017544
1.1500000000000001 0.9657894736842105
1.25 0.991859649122807
1.35 0.9906491228070176
1.4500000000000002 0.9961929824561403
1.55 0.9792982456140351
1.6500000000000001 0.9364561403508772
1.75 0.9530175438596491
1.85 0.9672456140350877
1.9500000000000002 0.9793684210526316
2.0500000000000003 0.9595964912280702
2.15 1.000280701754386
2.25 0.9541228070175438
2.35 0.9580526315789474
2.45 0.9586842105263158
2.5500000000000003 0.9525614035087719
2.6500000000000004 0.9627543859649123
2.75 0.9986140350877193
2.85 0.9838771929824561
2.95 1.0288947368421053
3.0500000000000003 1.0239824561403508
3.1500000000000004 1.0205964912280703
3.25 1.042017543859649
3.35 0.9884035087719298
3.45 0.987
3.5500000000000003 1.0002456140350877
3.6500000000000004 0.9289298245614035
3.75 0.9476842105263158
3.85 0.9612280701754385
3.95 0.9477017543859649
4.05 0.9713684210526315
4.15 0.9644385964912281
4.25 0.9767543859649123
4.3500000000000005 0.9785087719298246
4.45 0.9913508771929824
4.55 1.0356842105263158
4.65 1.0316315789473685
4.75 1.0078421052631579
4.8500000000000005 1.0577017543859648
4.95 1.0637894736842106
5.050000000000001 1.0764736842105262
5.15 1.0024561403508772
5.25 0.9709824561403508
5.3500000000000005 0.9514736842105264
5.45 0.9146140350877193
5.550000000000001 0.9619473684210527
5.65 0.9829122807017544
5.75 1.0167894736842105
5.8500000000000005 0.9857543859649123
5.95 1.0057543859649123
6.050000000000001 0.9915263157894737
6.15 0.9761929824561404
6.25 0.9947719298245614
6.3500000000000005 1.0077543859649123
6.45 1.0157543859649123
6.550000000000001 1.009438596491228
6.65 1.0142631578947368
6.75 1.0090350877192982
6.8500000000000005 1.038982456140351
6.95 1.0427719298245615
7.050000000000001 1.0639473684210525
7.15 1.0680701754385964
7.25 1.0583508771929824
7.3500000000000005 1.060315789473684
7.45 1.0446315789473684
7.550000000000001 1.07440350877193
7.65 1.0673684210526315
7.75 1.0143859649122806
7.8500000000000005 1.0476666666666667
7.95 1.0353333333333334
8.05 1.1125263157894736
8.15 1.1068245614035088
8.25 1.0948771929824561
8.35 1.0855263157894737
8.450000000000001 1.1120350877192982
8.55 1.0667894736842105
8.65 1.095561403508772
8.75 1.0541754385964912
8.85 1.0685087719298245
8.950000000000001 1.0639298245614035
9.05 1.1147719298245613
9.15 1.0542456140350878
9.25 1.0521578947368422
9.35 1.033701754385965
9.450000000000001 1.0448947368421053
9.55 1.0870350877192982
9.65 1.052140350877193
9.75 1.0526842105263159
9.850000000000001 1.0357719298245613
9.950000000000001 1.0097719298245613
