block_size         error    difference      rel_diff
-------------------------------------------------------
       2  5.936837e-07  2.459055e-07  4.142029e-01
       4  8.395892e-07  3.477536e-07  4.141950e-01
       8  1.187343e-06  4.917719e-07  4.141786e-01
      16  1.679115e-06  6.954044e-07  4.141494e-01
      32  2.374519e-06  9.832465e-07  4.140824e-01
      64  3.357766e-06  1.389972e-06  4.139574e-01
     128  4.747738e-06  1.964213e-06  4.137156e-01
     256  6.711951e-06  2.773816e-06  4.132653e-01
     512  9.485767e-06  3.911523e-06  4.123570e-01
    1024  1.339729e-05  5.494303e-06  4.101055e-01
    2048  1.889159e-05  7.620924e-06  4.034030e-01
    4096  2.651252e-05  1.029943e-05  3.884744e-01
    8192  3.681195e-05  1.309009e-05  3.555934e-01
   16384  4.990204e-05  1.541178e-05  3.088406e-01
   32768  6.531381e-05  1.207850e-05  1.849303e-01
   65536  7.739231e-05  5.909562e-06  7.635851e-02
  131072  8.330187e-05           ---           ---
