# k  S_n(k)
0.0 90.0
0.06981317007977318 0.8498686092356154
0.13962634015954636 0.2504810642407478
0.20943951023931956 0.43386869533635963
0.2792526803190927 0.2781498968624472
0.3490658503988659 1.0078313806008818
0.4188790204786391 0.4119293074319986
0.4886921905584123 0.7291102228339702
0.5585053606381855 0.34280832598322397
0.6283185307179586 0.20197363555098435
0.6981317007977318 0.47004431101982763
0.767944870877505 1.9370039232203802
0.8377580409572782 0.22915700905372752
0.9075712110370514 1.947297634694517
0.9773843811168246 1.809158608879918
1.0471975511965976 0.7311586662260892
1.117010721276371 0.46021917472278684
1.1868238913561442 2.12964772010691
1.2566370614359172 1.1935336067260705
1.3264502315156905 1.1340384827355696
1.3962634015954636 1.1740339327545188
1.4660765716752369 0.5881034834010624
1.53588974175501 1.1345390717517505
1.6057029118347832 0.8338051917058104
1.6755160819145565 0.44347266653707823
1.7453292519943295 0.6212449533846949
1.8151424220741028 1.2695949898947436
1.8849555921538759 1.2515641693863202
1.9547687622336491 1.8804969464394288
2.0245819323134224 1.3329316121033854
2.0943951023931953 1.1549851432985414
2.1642082724729685 0.6558352067022137
2.234021442552742 1.1294632016030033
2.303834612632515 0.8563734272682724
2.3736477827122884 0.7911806288372955
2.443460952792061 1.002501570034446
2.5132741228718345 0.7098302219810572
2.5830872929516078 0.7736964078845596
2.652900463031381 0.9869526367820554
2.722713633111154 0.9596547682765976
2.792526803190927 0.8553778728840244
2.8623399732707004 1.2192759757961185
2.9321531433504737 1.0938622295538414
3.001966313430247 1.0404643888463803
3.07177948351002 0.9880596428717899
3.141592653589793 0.9788337362544218
3.2114058236695664 1.118001062692007
3.2812189937493397 1.3410988124226286
3.351032163829113 1.5339295521122134
3.420845333908886 0.7815856775813456
3.490658503988659 0.8587507225425013
3.5604716740684323 0.7647126212536696
3.6302848441482056 0.866277626523189
3.7000980142279785 1.1077433622699262
3.7699111843077517 0.8671853567909977
3.839724354387525 0.8809680923706205
3.9095375244672983 1.0169858009314126
3.9793506945470716 1.3764845706520743
4.049163864626845 0.8132995179511442
4.118977034706618 1.2647925143470116
4.1887902047863905 1.0405268987472418
4.258603374866164 0.8823555618211264
4.328416544945937 1.1083012485766393
4.39822971502571 1.0090987230625676
4.468042885105484 1.0063906752725706
4.537856055185257 0.6664090245952881
4.60766922526503 0.9751377085752618
4.6774823953448035 0.852754987253593
4.747295565424577 0.7215500402190641
4.817108735504349 0.8074023720370592
4.886921905584122 0.9898937096784975
4.956735075663896 1.5131830298499367
5.026548245743669 1.0521743847597143
5.096361415823442 1.2681618376920005
5.1661745859032155 1.0840409990104671
5.235987755982989 0.838864159880403
5.305800926062762 0.9092542415894143
5.375614096142535 0.9346250900156089
5.445427266222308 0.7938662561664487
5.515240436302081 0.8386967387332623
5.585053606381854 0.8213714057201679
5.654866776461628 1.024249789303768
5.724679946541401 0.954710878108766
5.794493116621174 1.0456592352726741
5.8643062867009474 0.9924078721429626
5.934119456780721 1.2641710729800164
6.003932626860494 1.040508203706948
6.073745796940266 0.9519033029251448
6.14355896702004 1.0371219685962536
6.213372137099813 0.8740167440494853
6.283185307179586 1.0047925319920505
6.3529984772593595 1.1246118813806174
6.422811647339133 1.1429234961414128
6.492624817418906 0.9347296035446108
6.562437987498679 0.997737656487643
6.632251157578453 1.0617760089371935
6.702064327658226 0.9825860654166153
6.771877497737998 1.0731951240467332
6.841690667817772 1.0984563561468266
6.911503837897545 0.9692745580107821
