# r  Cs(r) [pure estimator]
0.125 0.00029075239734144
0.375 0.0002907408831194117
0.625 0.0002891443656630491
0.875 0.0002883197775585237
1.125 0.00028976592663116084
1.375 0.0002907406382516769
1.625 0.000285457861824187
1.875 0.0002887552266716359
2.125 0.0002894037253917633
2.375 0.0002911019580191944
2.625 0.0002903135091244952
2.875 0.0002863308404348371
3.125 0.000290041486801723
3.375 0.00028606062905984093
3.625 0.0002871425605782845
3.875 0.00028496250611516664
4.125 0.0002888082456737065
4.375 0.0002898586139518062
4.625 0.0002864146469338596
4.875 0.00028944706546740897
5.125 0.0002838961511401161
5.375 0.0002847505803904416
5.625 0.00028716316584800276
5.875 0.00028815762939121226
6.125 0.00028915176582477406
6.375 0.00028670227381389024
6.625 0.0002849563943925746
6.875 0.00028769226931904583
7.125 0.0002873138974285617
7.375 0.00028040567069945714
7.625 0.00028273849095537823
7.875 0.0002881305470757577
8.125 0.00028671345221385834
8.375 0.0002860268612613706
8.625 0.0002848793049583022
8.875 0.00028425679788905207
9.125 0.0002838217093790198
9.375 0.0002865319192211436
9.625 0.0002865541656156236
9.875 0.00028560230698274427
10.125 0.0002873585483748956
10.375 0.0002793807610799453
10.625 0.00028388720361760745
10.875 0.00028368873922478467
11.125 0.0002851362935523904
11.375 0.00028201028116190557
11.625 0.00028455941680528125
11.875 0.0002833367195486852
12.125 0.00028433813753076946
12.375 0.0002852947387987719
12.625 0.0002857907929355917
12.875 0.0002822706692892241
13.125 0.0002858977339945562
13.375 0.0002828296169207686
13.625 0.0002855900636229713
13.875 0.00028613092250583946
14.125 0.0002858125671123837
14.375 0.00028323629500190487
14.625 0.0002878179223048869
14.875 0.00028326229025269883
15.125 0.0002861806743946296
15.375 0.00028393369927506797
15.625 0.00028405415124333806
15.875 0.0002804020381395718
16.125 0.00028288540701332254
16.375 0.00028274578524714345
16.625 0.00028178358194304407
16.875 0.0002827847913482172
17.125 0.0002815861435457506
17.375 0.0002815526534014749
17.625 0.000284515488840314
17.875 0.0002861000162147031
18.125 0.0002861210380935623
18.375 0.0002830953106931423
18.625 0.0002834308394565639
18.875 0.00027945748274871334
19.125 0.0002839951815608817
19.375 0.0002831915561335756
19.625 0.00028539434824539716
19.875 0.0002845122394568758
20.125 0.0002856319060950964
20.375 0.00028281854291679334
20.625 0.0002850723711845282
20.875 0.00028670479325598335
21.125 0.00028214423874970383
21.375 0.00028361155467392216
21.625 0.0002799151356316011
21.875 0.0002833429313553927
22.125 0.0002834845941792861
22.375 0.0002861927298137694
22.625 0.0002847266774102844
22.875 0.00028719154739791916
23.125 0.0002846200963987131
23.375 0.0002857340781570597
23.625 0.000283676203895157
23.875 0.00028310360382249416
24.125 0.00028540695444782404
24.375 0.0002853662680699589
24.625 0.0002863429662354492
24.875 0.00028455773638684235
