# P_value  count
-1.0 0.0
-0.96 0.0
-0.92 28.0
-0.88 184.0
-0.84 1414.0
-0.8 3868.0
-0.76 6591.0
-0.72 9993.0
-0.68 13406.0
-0.64 16248.0
-0.6 17459.0
-0.56 16828.0
-0.52 15658.0
-0.48 13884.0
-0.44 12138.0
-0.4 9521.0
-0.36 7532.0
-0.32 5837.0
-0.28 4113.0
-0.24 2941.0
-0.2 2064.0
-0.16 1571.0
-0.12 1093.0
-0.08 775.0
-0.04 608.0
0.0 1487.0
0.04 342.0
0.08 366.0
0.12 319.0
0.16 304.0
0.2 262.0
0.24 253.0
0.28 199.0
0.32 209.0
0.36 155.0
0.4 191.0
0.44 195.0
0.48 163.0
0.52 96.0
0.56 92.0
0.6 125.0
0.64 72.0
0.68 13.0
0.72 12.0
0.76 0.0
0.8 0.0
0.84 0.0
0.88 0.0
0.92 0.0
0.96 0.0
1.0 0.0
