# r  Cs(r) [pure estimator]
0.1 0.00018224377019645263
0.30000000000000004 0.00018218229358752836
0.5 0.00017982137877286755
0.7000000000000001 0.00017672432431700745
0.9 0.00018442478819519982
1.1 0.00017121608548976194
1.3 0.00016978011851757706
1.5 0.00017437981947921016
1.7000000000000002 0.00017584678747467142
1.9000000000000001 0.00018015518512254814
2.1 0.00017421272281801392
2.3000000000000003 0.0001740584556169208
2.5 0.00017045272992644492
2.7 0.00016221029886630874
2.9000000000000004 0.0001678826841491514
3.1 0.0001773159989744404
3.3000000000000003 0.00016812196635614102
3.5 0.00016860131373750486
3.7 0.0001779196704694184
3.9000000000000004 0.00016316572167567942
4.1000000000000005 0.0001692968881368247
4.3 0.0001707897627846267
4.5 0.00017339036269952484
4.7 0.0001710419649899074
4.9 0.00016130061343484932
5.1000000000000005 0.0001639843423645885
5.300000000000001 0.00017086202990008038
5.5 0.00016562985376969907
5.7 0.00016995268289424927
5.9 0.0001689578024515231
6.1000000000000005 0.00016851262422331074
6.300000000000001 0.0001716928274952055
6.5 0.00017232422627104586
6.7 0.00016665388699430787
6.9 0.00016683020701277837
7.1000000000000005 0.00017098535083287029
7.300000000000001 0.00016691564747634002
7.5 0.00016021222125271465
7.7 0.00016095685338850572
7.9 0.0001710648986000242
8.1 0.00016163252906382632
8.3 0.00016454569564711288
8.5 0.00016650645211570218
8.700000000000001 0.00016470282788172343
8.9 0.0001682432090306234
9.1 0.0001670806009255576
9.3 0.00016056546105197721
9.5 0.00016524815065660926
9.700000000000001 0.00016106343713599122
9.9 0.0001627277685411478
10.100000000000001 0.00016264072991858526
10.3 0.00017218762953315978
10.5 0.00017053672058411475
10.700000000000001 0.0001704254687259271
10.9 0.0001609291321367206
11.100000000000001 0.00016646523100649486
11.3 0.0001639121699927592
11.5 0.00016629914178890442
11.700000000000001 0.00016098679910161778
11.9 0.00016216744490672052
12.100000000000001 0.00016183316132389167
12.3 0.00015505292322752544
12.5 0.00016602012569432535
12.700000000000001 0.00016035314024963367
12.9 0.00016416334964825612
13.100000000000001 0.00016583977267366649
13.3 0.00016157792053658396
13.5 0.000160511199521156
13.700000000000001 0.00016748234613245516
13.9 0.0001616310059587563
14.100000000000001 0.00016414413471941473
14.3 0.0001607100795210755
14.5 0.00016209361706217716
14.700000000000001 0.00015678821582241654
14.9 0.00016996134428132146
15.100000000000001 0.0001657742611433527
15.3 0.0001748265548969433
15.5 0.00016299079790116694
15.700000000000001 0.0001653989444187551
15.9 0.00016280874968538418
16.1 0.00016314509574984708
16.3 0.00016059200983764197
16.5 0.00015525197373194015
16.7 0.00015994634954944568
16.900000000000002 0.00016832898978886735
17.1 0.00016270771914689484
17.3 0.00016574508838498089
17.5 0.00016084150676384397
17.7 0.00015362370384895934
17.900000000000002 0.00016443205008918676
18.1 0.00015438658800835886
18.3 0.00016718684199804227
18.5 0.00016600022556034915
18.7 0.00016538506211209215
18.900000000000002 0.00016400409407767453
19.1 0.00016048678232066473
19.3 0.00015896674317438368
19.5 0.0001684472076169124
19.700000000000003 0.00015721695966132014
19.900000000000002 0.00016345178566189828
