# k values and corresponding S(k) [pure estimator]
0.0 7.268118117730258
0.15707963267948966 1.0114309584891281
0.3141592653589793 0.9860902649577785
0.47123889803846897 0.9843516086601609
0.6283185307179586 0.9755806064181092
0.7853981633974483 0.9840771028002185
0.9424777960769379 0.9776435453708067
1.0995574287564276 0.975972064935108
1.2566370614359172 0.9931857277985089
1.413716694115407 0.9566685559133757
1.5707963267948966 0.9667012840501847
1.7278759594743862 0.985465075285647
1.8849555921538759 0.9754008109384907
2.0420352248333655 0.9796786925399623
2.199114857512855 0.961461974615626
2.356194490192345 0.974880982929065
2.5132741228718345 0.9584002840392553
2.670353755551324 0.9582808441062963
2.827433388230814 0.991354655556006
2.9845130209103035 0.9957442585794177
3.141592653589793 0.9629417629577108
3.2986722862692828 0.9853028923187593
3.4557519189487724 0.9674813345075156
3.612831551628262 0.9873381266594043
3.7699111843077517 0.9747589256245737
3.9269908169872414 0.9546873453605824
4.084070449666731 0.9838696405950895
4.241150082346221 0.9671525590061675
4.39822971502571 0.980796317746676
4.5553093477052 0.9503833928444592
4.71238898038469 0.9620245949820112
4.869468613064179 0.9658287417189189
5.026548245743669 0.9601385805005401
5.183627878423159 0.9483291416201685
5.340707511102648 0.9684084777439653
5.497787143782138 0.9806913160078478
5.654866776461628 0.9571921368260056
5.811946409141117 0.9852252339051548
5.969026041820607 0.9761010135395238
6.126105674500097 0.974856433615762
6.283185307179586 0.9740005893876807
6.440264939859076 0.9553978168569225
6.5973445725385655 0.977463694179183
6.754424205218055 0.9738355817058564
6.911503837897545 0.9678004145246976
7.0685834705770345 0.990281717751847
7.225663103256524 0.9763198243201221
7.382742735936014 0.9702880624821031
7.5398223686155035 0.9597505672129556
7.696902001294993 0.9692200258108664
7.853981633974483 0.9877669688971861
8.011061266653972 0.969910167585436
8.168140899333462 0.9773367139005263
8.325220532012953 0.9771412940490216
8.482300164692441 0.9683502920251816
8.63937979737193 0.974117268677011
8.79645943005142 0.9687570268597411
8.953539062730911 0.9792243846377157
9.1106186954104 0.9602463099096604
9.267698328089889 0.9432815303853583
9.42477796076938 0.9595274187033526
9.58185759344887 0.9726904100160497
9.738937226128359 0.9800928763246385
9.896016858807847 0.9645063399426661
10.053096491487338 0.9635791452144762
10.210176124166829 0.9684679969671597
10.367255756846317 0.9664361016188862
10.524335389525806 0.981666417322139
10.681415022205297 0.9660649816009705
10.838494654884787 0.9601985185395401
10.995574287564276 0.9664413270622767
11.152653920243765 0.9651948503734745
11.309733552923255 0.9626996925363366
11.466813185602746 0.9445670669857346
11.623892818282235 0.9865480006064365
