# k values and corresponding S(k) [pure estimator]
0.0 3.0050716703215063
0.3141592653589793 1.0051727261558794
0.6283185307179586 0.9677103810588884
0.9424777960769379 0.9728182480851544
1.2566370614359172 0.9612296685263332
1.5707963267948966 0.9828331907054404
1.8849555921538759 0.9808875266054441
2.199114857512855 0.9737535217502368
2.5132741228718345 0.9792113649290916
2.827433388230814 0.9799198915207941
3.141592653589793 0.9718413518455077
3.4557519189487724 0.9633943929689452
3.7699111843077517 0.9806006389194647
4.084070449666731 0.9673715600989458
4.39822971502571 0.958527785459187
4.71238898038469 0.9745929786020848
5.026548245743669 0.9743673645087229
5.340707511102648 0.9708736264270775
5.654866776461628 0.974503794393227
5.969026041820607 0.9881499112745357
6.283185307179586 0.96694172084667
6.5973445725385655 0.9638391058328566
6.911503837897545 0.9923896149764215
7.225663103256524 0.9732016042567853
7.5398223686155035 0.9764471447692288
7.853981633974483 0.9682855638294929
8.168140899333462 0.9746576938555693
8.482300164692441 0.9722237404416428
8.79645943005142 0.9718442526439378
9.1106186954104 0.9701679879171242
9.42477796076938 0.9814547682801621
9.738937226128359 0.9797809951654657
10.053096491487338 0.9719499368038675
10.367255756846317 0.9661533256952858
10.681415022205297 0.9623542045330181
10.995574287564276 0.9593943899568
11.309733552923255 0.9746445981775702
11.623892818282235 0.9769003821156832
11.938052083641214 0.9748373089206639
12.252211349000193 0.9813537228344749
12.566370614359172 0.9650149566400411
12.880529879718152 0.9722451614343978
13.194689145077131 0.9755629455167317
13.50884841043611 0.9729907408456501
13.82300767579509 0.9832015068908213
14.137166941154069 0.9782363941015425
14.451326206513048 0.9842603219396052
14.765485471872028 0.9587041209252671
15.079644737231007 0.9821192246267317
15.393804002589986 0.9723970451952654
15.707963267948966 0.975826366157835
16.022122533307943 0.9601594766917035
16.336281798666924 0.9655259978999842
16.650441064025905 0.9774573746625477
16.964600329384883 0.9803021572472637
17.27875959474386 0.9650925085979012
17.59291886010284 0.9787291845875362
17.907078125461823 0.9863354330069896
18.2212373908208 0.9690123559774978
18.535396656179778 0.9840586330661404
18.84955592153876 0.9693161712066698
19.16371518689774 0.9685942331072651
19.477874452256717 0.97492489522605
19.792033717615695 0.9799789175706823
20.106192982974676 0.954825824731064
20.420352248333657 0.9806477341829344
20.734511513692635 0.9998286766505098
21.048670779051612 0.9917097178979998
21.362830044410593 0.9725800308584035
21.676989309769574 0.9679728531770411
21.991148575128552 0.9886486274676839
22.30530784048753 0.9740916019154109
22.61946710584651 0.9738224055522297
22.93362637120549 0.9767194428094476
23.24778563656447 0.9688108149882692
