# r  Cs(r) [pure estimator]
0.125 7.929660497289998e-6
0.375 5.312601467180739e-6
0.625 6.6323580930193155e-6
0.875 5.831271846456097e-6
1.125 7.49262545028091e-6
1.375 8.594926884935763e-6
1.625 6.845688065146001e-6
1.875 8.468110306077346e-6
2.125 5.118673729933544e-6
2.375 6.151330030356393e-6
2.625 8.582817759766777e-6
2.875 7.224342862249623e-6
3.125 8.20720325925919e-6
3.375 6.429643474574498e-6
3.625 6.783416215202807e-6
3.875 6.356306048461496e-6
4.125 7.009454261977317e-6
4.375 6.01171253472533e-6
4.625 6.9979504040471745e-6
4.875 6.601003689931791e-6
5.125 7.407708857034106e-6
5.375 6.314232680404619e-6
5.625 5.354720703731776e-6
5.875 6.122967665611766e-6
6.125 7.419549527810887e-6
6.375 5.676156093982735e-6
6.625 6.256099461439719e-6
6.875 5.522652916040778e-6
7.125 5.505699600966996e-6
7.375 6.688382063540402e-6
7.625 5.627428803159476e-6
7.875 4.89153171505068e-6
8.125 2.9972059911030853e-6
8.375 6.18422726431343e-6
8.625 5.581729850039614e-6
8.875 6.654856480559584e-6
9.125 5.7377916928163546e-6
9.375 4.4256594928885476e-6
9.625 6.464615762759611e-6
9.875 5.433019710753371e-6
10.125 5.657104286483461e-6
10.375 7.068996903164345e-6
10.625 5.76420559098852e-6
10.875 6.2780653757447515e-6
11.125 6.711695852263716e-6
11.375 3.255593015334638e-6
11.625 7.425536887792493e-6
11.875 4.787713235792256e-6
12.125 5.383211925319378e-6
12.375 5.568729334252277e-6
12.625 4.6357625200108184e-6
12.875 5.8003756094722856e-6
13.125 5.601813996244801e-6
13.375 5.312358835877339e-6
13.625 4.601946562065257e-6
13.875 4.871896260801303e-6
14.125 5.693417777032387e-6
14.375 4.392497737455629e-6
14.625 3.902548851409456e-6
14.875 5.93852149010673e-6
15.125 6.42099379564114e-6
15.375 6.364160941174294e-6
15.625 6.034088152301206e-6
15.875 5.080360411095062e-6
16.125 4.556455251995168e-6
16.375 6.245626138443815e-6
16.625 5.51830769181099e-6
16.875 3.9879914423515795e-6
17.125 5.269199885269842e-6
17.375 5.064311963464047e-6
17.625 3.804382011882661e-6
17.875 6.911152549815121e-6
18.125 8.611463405747326e-6
18.375 6.124869558766858e-6
18.625 4.11100865039598e-6
18.875 3.829371912184701e-6
19.125 5.880135512778041e-6
19.375 5.858599719491904e-6
19.625 3.4846448609957433e-6
19.875 4.60612154128305e-6
20.125 3.6804105456374643e-6
20.375 4.134479247373343e-6
20.625 7.861775883896202e-6
20.875 3.4004964898785394e-6
21.125 4.923365058653326e-6
21.375 3.7349826712863655e-6
21.625 5.639700733599263e-6
21.875 6.208699321140818e-6
22.125 2.9361894757515706e-6
22.375 5.864710277505706e-6
22.625 4.571340891062322e-6
22.875 6.5470610218447454e-6
23.125 5.976084674813374e-6
23.375 3.406654001606202e-6
23.625 5.327961519143378e-6
23.875 7.936855618958098e-6
24.125 6.264958436283054e-6
24.375 3.4873647303812326e-6
24.625 5.037529667292502e-6
24.875 4.128119011087138e-6
