# k values and corresponding S(k) [pure estimator]
0.0 1.2445287154841893
0.12566370614359174 0.9907819159108238
0.25132741228718347 0.9793837213902606
0.3769911184307752 0.9763094839450742
0.5026548245743669 0.9739371366841242
0.6283185307179586 0.9698885716272052
0.7539822368615504 0.9720867657758956
0.8796459430051422 0.9656548682933277
1.0053096491487339 0.9705330934904635
1.1309733552923256 0.9759751501007655
1.2566370614359172 0.9713578821462282
1.3823007675795091 0.9723661155999911
1.5079644737231008 0.9660116377397323
1.6336281798666925 0.9726912403246449
1.7592918860102844 0.9722082162340242
1.884955592153876 0.9712355899692091
2.0106192982974678 0.9727593073746559
2.1362830044410597 0.9747612533030284
2.261946710584651 0.9660287166202463
2.387610416728243 0.9781537839247461
2.5132741228718345 0.9708709419438823
2.6389378290154264 0.9684293222241036
2.7646015351590183 0.9733269238191894
2.8902652413026098 0.9723769116463056
3.0159289474462017 0.96886521491206
3.1415926535897936 0.9704496246893454
3.267256359733385 0.9657226887355199
3.392920065876977 0.9723742371207192
3.518583772020569 0.9720673990970142
3.6442474781641603 0.9758794804441001
3.769911184307752 0.9728471950292255
3.8955748904513436 0.9737582498622305
4.0212385965949355 0.9708533127145565
4.1469023027385274 0.9804305216084475
4.272566008882119 0.9773360340833904
4.39822971502571 0.9718249462486743
4.523893421169302 0.9763770711359543
4.649557127312894 0.9702755327558407
4.775220833456486 0.9713163845885829
4.900884539600078 0.9832492093809807
5.026548245743669 0.9702415875297027
5.152211951887261 0.9739113607752453
5.277875658030853 0.9780101827586941
5.403539364174445 0.9608666329779927
5.529203070318037 0.9728237951504899
5.6548667764616285 0.9609185268357563
5.7805304826052195 0.9777316740714852
5.906194188748811 0.971757377233899
6.031857894892403 0.972241985825778
6.157521601035995 0.9732133518333426
6.283185307179587 0.9770057986019787
6.408849013323178 0.9720804155819929
6.53451271946677 0.9775082815567722
6.660176425610362 0.9734852005571798
6.785840131753954 0.9692497235691577
6.911503837897546 0.9735398306151134
7.037167544041138 0.971287990422539
7.162831250184729 0.9740051974092627
7.288494956328321 0.9807536122700634
7.4141586624719125 0.9707133227221654
7.539822368615504 0.9751722385918342
7.665486074759096 0.9748750141737014
7.791149780902687 0.9657813655661703
7.916813487046279 0.9735632878638115
8.042477193189871 0.9742358913664746
8.168140899333462 0.9737373222161126
8.293804605477055 0.9671095698986873
8.419468311620646 0.9784628682285617
8.545132017764239 0.97214605376697
8.67079572390783 0.9764097249217442
8.79645943005142 0.9717233506904677
8.922123136195014 0.9697939588686395
9.047786842338605 0.97834905988221
9.173450548482197 0.9771832621196096
9.299114254625788 0.9728566914278517
