# k  S_n(k)
0.0 60.0
0.10471975511965977 0.568302091295242
0.20943951023931953 0.2987967418029311
0.3141592653589793 0.285881073947649
0.41887902047863906 0.2257104418034659
0.5235987755982988 0.4579534286884541
0.6283185307179586 0.359906246584107
0.7330382858376183 0.859097606059266
0.8377580409572781 0.5560702861129798
0.9424777960769379 0.8267250006216874
1.0471975511965976 1.0992220373487298
1.1519173063162573 0.7221713351541743
1.2566370614359172 1.4871983717357296
1.361356816555577 1.3609774685089808
1.4660765716752366 1.297220748758857
1.5707963267948966 0.40894385662136684
1.6755160819145563 0.5886019641548922
1.780235837034216 0.8685486881608419
1.8849555921538759 0.8979230342387974
1.9896753472735356 0.9312726952433082
2.0943951023931953 0.9688793146962039
2.199114857512855 1.29757651945641
2.3038346126325147 0.8899676950196512
2.4085543677521746 1.0647247203191839
2.5132741228718345 0.8817831669522733
2.617993877991494 0.970737619817505
2.722713633111154 1.2401847950277642
2.827433388230814 1.2514760477091926
2.9321531433504733 1.0877105004800114
3.036872898470133 0.9552917126887864
3.141592653589793 0.9045181868978522
3.2463124087094526 1.086530602467984
3.3510321638291125 1.387246387425001
3.4557519189487724 0.8738943656882968
3.560471674068432 0.8626907855142616
3.665191429188092 1.120652395991758
3.7699111843077517 1.0451209439293807
3.874630939427411 1.0282075525231984
3.979350694547071 1.0877992692306055
4.084070449666731 1.0098475914808123
4.1887902047863905 1.0415051104516098
4.29350995990605 0.896598638637111
4.39822971502571 0.8202090102412773
4.50294947014537 0.947054758586727
4.607669225265029 0.9068646385810636
4.71238898038469 0.9132421855145363
4.817108735504349 1.1612470598711893
4.921828490624009 0.9738021597727282
5.026548245743669 1.004136244652996
5.1312680008633285 1.0005724119202712
5.235987755982988 1.0109175658674576
5.340707511102648 1.278959424256045
5.445427266222308 0.8878936571608117
5.550147021341967 0.9546629885041031
5.654866776461628 0.9815910673894568
5.759586531581287 0.9208603034816675
5.864306286700947 0.95458360512893
5.969026041820607 1.0736903706599183
6.073745796940266 1.222761960259765
6.178465552059926 0.860541372706914
6.283185307179586 1.1331159476236121
6.387905062299246 0.8730720654435119
6.492624817418905 0.8476329776094964
6.5973445725385655 1.0351845275714846
6.702064327658225 1.014309176554605
6.8067840827778845 1.0501408858209766
6.911503837897545 0.9289187596671875
7.016223593017204 0.9045431958047053
7.120943348136864 1.0217152091215906
7.225663103256524 0.8437590549639383
7.330382858376184 0.8767307898120158
7.435102613495843 0.930008710050417
7.5398223686155035 1.0027242700129209
7.644542123735163 0.9875448370746827
7.749261878854822 1.0618829781099541
7.853981633974483 0.9312872846299806
7.958701389094142 0.9279160712140501
8.063421144213802 1.0000423844396664
8.168140899333462 0.9445799568495661
8.27286065445312 1.0036704506800151
8.377580409572781 1.0549456680815794
8.482300164692441 1.1169957829003732
8.5870199198121 0.9038136388780963
8.69173967493176 1.0823584647718094
8.79645943005142 0.9180080684240618
8.90117918517108 0.9458803223180696
9.00589894029074 1.030091909315447
9.1106186954104 0.9207732863428699
9.215338450530059 1.006916129387713
9.320058205649719 0.9946114779842687
9.42477796076938 0.8844512057964944
9.529497715889038 1.0099818557578668
9.634217471008698 1.0149295554989621
9.738937226128359 0.9442106531560649
9.843656981248017 1.0924679289793204
9.948376736367678 0.949964149306986
10.053096491487338 0.8973251504880737
10.157816246606997 1.048663805218144
10.262536001726657 0.9151425155780536
10.367255756846317 1.0148383623366604
