0.1 0.9259700854700855
0.30000000000000004 0.9302051282051282
0.5 0.9160042735042735
0.7000000000000001 0.908982905982906
0.9 0.9277735042735042
1.1 0.8983931623931624
1.3 0.8610341880341881
1.5 0.9099529914529915
1.7000000000000002 0.9285
1.9000000000000001 0.9065726495726496
2.1 0.9306410256410257
2.3000000000000003 0.9277222222222222
2.5 0.9095213675213675
2.7 0.8705299145299146
2.9000000000000004 0.8881282051282051
3.1 0.9034444444444445
3.3000000000000003 0.8988034188034189
3.5 0.9291239316239316
3.7 0.9561581196581197
3.9000000000000004 0.9458205128205128
4.1000000000000005 0.9393205128205128
4.3 0.9383205128205129
4.5 0.9194358974358975
4.7 0.959448717948718
4.9 0.9494957264957264
5.1000000000000005 0.9338504273504273
5.300000000000001 0.9637649572649573
5.5 1.0490555555555556
5.7 1.0281324786324786
5.9 1.0138162393162393
6.1000000000000005 1.0140128205128205
6.300000000000001 1.0061239316239317
6.5 1.0237435897435898
6.7 1.0271837606837606
6.9 1.0290897435897437
7.1000000000000005 1.0477692307692308
7.300000000000001 1.0467478632478633
7.5 1.0612948717948718
7.7 1.054017094017094
7.9 1.048068376068376
8.1 1.077371794871795
8.3 1.0456880341880341
8.5 1.0410427350427351
8.700000000000001 1.0406153846153847
8.9 1.0299102564102565
9.1 1.0759957264957265
9.3 1.0928675213675214
9.5 1.053611111111111
9.700000000000001 0.9885726495726496
9.9 1.0050598290598292
10.100000000000001 1.0056538461538462
10.3 1.0295
10.5 1.0789230769230769
10.700000000000001 1.0606153846153845
10.9 1.038042735042735
11.100000000000001 1.0466752136752138
11.3 1.0873675213675214
11.5 1.069346153846154
11.700000000000001 1.0372435897435897
11.9 1.0244700854700854
12.100000000000001 1.0096068376068377
12.3 1.0240384615384615
12.5 0.9766538461538462
12.700000000000001 0.9947905982905982
12.9 0.9676752136752137
13.100000000000001 0.9722606837606838
13.3 1.0272564102564103
13.5 1.0515769230769232
13.700000000000001 1.0711324786324787
13.9 1.0366452991452992
14.100000000000001 1.0193076923076922
14.3 1.0007735042735042
14.5 0.9942991452991453
14.700000000000001 0.9608675213675214
14.9 1.0021794871794871
15.100000000000001 1.0501709401709403
15.3 1.0503675213675214
15.5 1.0705897435897436
15.700000000000001 1.0507008547008547
15.9 1.0277692307692308
16.1 0.9725854700854701
16.3 0.9788931623931624
16.5 0.9795128205128205
16.7 0.905034188034188
16.900000000000002 0.8913076923076924
17.1 0.9408589743589744
17.3 0.9873974358974359
17.5 1.0119188034188034
17.7 1.005094017094017
17.900000000000002 1.0155940170940172
18.1 1.0576153846153846
18.3 1.0574957264957265
18.5 1.0457350427350427
18.7 1.083136752136752
18.900000000000002 1.165068376068376
19.1 1.0808760683760683
19.3 1.0410726495726497
19.5 1.0000641025641026
19.700000000000003 1.0509615384615385
19.900000000000002 1.116568376068376
