# k  S_n(k)
0.0 40.0
0.15707963267948966 0.07536041120762688
0.3141592653589793 0.22135530627020175
0.47123889803846897 0.431266158165757
0.6283185307179586 1.327755594401986
0.7853981633974483 1.00935075668534
0.9424777960769379 1.3649005067665827
1.0995574287564276 0.8607934164311432
1.2566370614359172 1.182241820521654
1.413716694115407 0.8307581893361343
1.5707963267948966 0.9936105073159802
1.7278759594743862 1.236379820115097
1.8849555921538759 0.7636178436144283
2.0420352248333655 1.1508853894252133
2.199114857512855 0.9411712686985101
2.356194490192345 1.2130103776705188
2.5132741228718345 0.7582806526446463
2.670353755551324 0.9752752841816653
2.827433388230814 1.2246584549219717
2.9845130209103035 0.8012894909273613
3.141592653589793 1.1304384446224103
3.2986722862692828 1.2321793432075203
3.4557519189487724 1.0191749597429773
3.612831551628262 1.1374035450092255
3.7699111843077517 0.8786386129970857
3.9269908169872414 0.8543515769490576
4.084070449666731 1.0935097749121492
4.241150082346221 0.9126913526018476
4.39822971502571 0.9100428892236988
4.5553093477052 0.9590091887456277
4.71238898038469 1.0755621989965694
4.869468613064179 0.9063549698601238
5.026548245743669 1.0478269011833388
5.183627878423159 0.7963515407471075
5.340707511102648 1.145643862767186
5.497787143782138 0.9829418563898406
5.654866776461628 1.0481580731465157
5.811946409141117 0.8454431356615717
5.969026041820607 1.0430042019848955
6.126105674500097 1.0132628456269324
6.283185307179586 0.9217201645979395
6.440264939859076 0.8741412215556995
6.5973445725385655 1.163291149071538
6.754424205218055 0.9723751818564635
6.911503837897545 1.093889843150202
7.0685834705770345 0.8665615266772497
7.225663103256524 1.0267306912445342
7.382742735936014 0.9002131501616782
7.5398223686155035 1.043411988580984
7.696902001294993 1.0288698793667483
7.853981633974483 1.0767327568119867
8.011061266653972 1.0861029055672
8.168140899333462 0.9681750136403038
8.325220532012953 1.105975470626877
8.482300164692441 0.9055729517975845
8.63937979737193 0.9413647324542166
8.79645943005142 1.0661291824290577
8.953539062730911 0.956500128973407
9.1106186954104 0.9761146342684045
9.267698328089889 0.9773436563779795
9.42477796076938 0.9872056163213478
9.58185759344887 1.0202694829353112
9.738937226128359 0.8532842835288711
9.896016858807847 0.9123229185717598
10.053096491487338 1.0514571383584768
10.210176124166829 0.9875619874674678
10.367255756846317 1.0629761757624785
10.524335389525806 0.9733707288325976
10.681415022205297 1.0949262049999904
10.838494654884787 0.973503087766174
10.995574287564276 0.9637217449916539
11.152653920243765 0.9538946723270071
11.309733552923255 1.040113910962779
11.466813185602746 1.0028999632046105
11.623892818282235 1.0575554654643144
11.780972450961723 1.0346736515888526
11.938052083641214 0.9963794746390365
12.095131716320704 0.9979176817302847
12.252211349000193 1.0416135216156004
12.409290981679682 1.070805405879655
12.566370614359172 1.0139372966772966
12.723450247038663 0.9946218893824823
12.880529879718152 0.9351639343237202
13.03760951239764 0.9971421371348655
13.194689145077131 0.981302071331378
13.351768777756622 1.0636714089011379
13.50884841043611 0.9557768132126793
13.6659280431156 0.9706850061155299
13.82300767579509 1.0408196489158934
13.98008730847458 0.935070333447735
14.137166941154069 0.951769589211259
14.294246573833558 1.0041664048439671
14.451326206513048 0.9782048928744635
14.608405839192539 1.0574192959301243
14.765485471872028 1.0182681890964063
14.922565104551516 0.9740609908016954
15.079644737231007 0.988724346999947
15.236724369910498 1.004963534487144
15.393804002589986 0.9835493476264822
15.550883635269475 0.9997614239749384
