# k values and corresponding S(k) [pure estimator]
0.0 47.9718023580152
0.10471975511965977 0.6071672219722704
0.20943951023931953 0.7940259543805972
0.3141592653589793 0.8621939116521614
0.41887902047863906 0.9070526132099418
0.5235987755982988 0.9277172066811891
0.6283185307179586 0.9356549091016229
0.7330382858376183 0.9791093610812324
0.8377580409572781 0.9918659031540309
0.9424777960769379 0.9682055078150177
1.0471975511965976 0.9350809170483982
1.1519173063162573 0.993433139392045
1.2566370614359172 0.9845624787077054
1.361356816555577 0.9867403130335578
1.4660765716752366 0.9741079696654832
1.5707963267948966 0.9581381493061096
1.6755160819145563 0.9632020914350204
1.780235837034216 0.9703665118534327
1.8849555921538759 0.9623401487723876
1.9896753472735356 1.0051208360229014
2.0943951023931953 0.9828807003554907
2.199114857512855 0.969861949817661
2.3038346126325147 1.0061862341056078
2.4085543677521746 0.9825780589978815
2.5132741228718345 0.9955454386648023
2.617993877991494 0.982058093630426
2.722713633111154 0.9990865754302207
2.827433388230814 1.0104629546269424
2.9321531433504733 0.977373201267371
3.036872898470133 0.9861127396577666
3.141592653589793 1.0048080838855753
3.2463124087094526 0.9914820855820509
3.3510321638291125 0.9899747294752264
3.4557519189487724 1.0044915733250277
3.560471674068432 0.9726900549734938
3.665191429188092 1.0398666260289324
3.7699111843077517 1.0097413446056676
3.874630939427411 1.01792580002178
3.979350694547071 0.986129121491896
4.084070449666731 1.0273928051151981
4.1887902047863905 0.9994770970246689
4.29350995990605 0.9817451496855224
4.39822971502571 0.9837271545682246
4.50294947014537 0.9933730638303304
4.607669225265029 0.9701045753834819
4.71238898038469 1.0161878091014915
4.817108735504349 0.9803954233495282
4.921828490624009 0.9934876154773175
5.026548245743669 0.970141360153979
5.1312680008633285 0.9758129438525868
5.235987755982988 0.9769602590027486
5.340707511102648 0.980415663665141
5.445427266222308 0.9874792179268725
5.550147021341967 0.9945977558825899
5.654866776461628 0.9710151894246463
5.759586531581287 0.9650533779288706
5.864306286700947 1.0206772965889093
5.969026041820607 0.9714404855589192
6.073745796940266 0.9687448257955683
6.178465552059926 0.9517550609218267
6.283185307179586 0.998643861520342
6.387905062299246 0.9938019255208821
6.492624817418905 0.9672917223132432
6.5973445725385655 0.9614284566849298
6.702064327658225 1.0413889809724584
6.8067840827778845 0.9674348080918963
6.911503837897545 0.946977092527123
7.016223593017204 0.9685447083559118
7.120943348136864 0.9702124001671157
7.225663103256524 1.0129116022458278
7.330382858376184 0.9685341839867408
7.435102613495843 0.9804602274796301
7.5398223686155035 0.9924707301942982
7.644542123735163 0.9858967385306269
7.749261878854822 0.9609534694964722
