# k  S_s(k)
0.0 0.0
0.20943951023931953 0.4619838246598135
0.41887902047863906 1.748987846884073
0.6283185307179586 0.39958129387431224
0.8377580409572781 1.3360913323501684
1.0471975511965976 1.6189305535992287
1.2566370614359172 0.8688524033248793
1.4660765716752366 0.8069281713830572
1.6755160819145563 1.0130623007913397
1.8849555921538759 1.0868641541569284
2.0943951023931953 0.9399142327931033
2.3038346126325147 1.1475987862436927
2.5132741228718345 0.8618323915880797
2.722713633111154 1.0422287601271871
2.9321531433504733 0.9394685824493296
3.141592653589793 0.9603395801542521
3.3510321638291125 1.0737221478594228
3.560471674068432 0.920359204188094
3.7699111843077517 1.1433385824933522
3.979350694547071 0.974825659877785
4.1887902047863905 0.8516648515123746
4.39822971502571 1.1101805609649986
4.607669225265029 0.8696928358096121
4.817108735504349 0.9157463890098999
5.026548245743669 1.114199819045219
5.235987755982988 0.9537821382778009
5.445427266222308 0.9104521917411074
5.654866776461628 0.9656857867031974
5.864306286700947 0.9272766059035548
6.073745796940266 0.9955056377465147
6.283185307179586 0.9462798971627263
6.492624817418905 1.040653986863568
6.702064327658225 1.0057710395268107
6.911503837897545 0.9925841939245819
7.120943348136864 1.088925575221663
7.330382858376184 0.957449054657633
7.5398223686155035 0.997305020843188
7.749261878854822 0.8521223376572348
7.958701389094142 1.0420319450431006
8.168140899333462 1.0687790083454713
8.377580409572781 0.9831097290792852
8.5870199198121 1.0816899916074372
8.79645943005142 1.0001405492586377
9.00589894029074 0.953810713973488
9.215338450530059 0.9644277177382488
9.42477796076938 1.080960613582681
9.634217471008698 0.9929181832593669
9.843656981248017 0.9516434911145147
10.053096491487338 0.9804222688231419
10.262536001726657 0.9499136374131399
10.471975511965976 0.9487359279802487
10.681415022205297 0.9743032399827976
10.890854532444616 0.96251446276003
11.100294042683934 1.0862524145847736
11.309733552923255 0.9359904038039566
11.519173063162574 1.0248078632465978
11.728612573401893 1.0502054143019701
11.938052083641214 1.0246412089375985
12.147491593880533 1.0141076858563833
12.356931104119852 0.9526506954397297
12.566370614359172 0.9519454238285573
12.775810124598491 1.0314158970754186
12.98524963483781 1.02477768782268
13.194689145077131 1.0497402810972623
13.40412865531645 0.9578549063198779
13.613568165555769 1.0321241680223958
13.82300767579509 1.0143516289418455
14.032447186034409 1.039845096457838
14.241886696273728 0.9778828144845859
14.451326206513048 0.9861971666874757
14.660765716752367 0.9650439813633287
14.870205226991686 1.030803874959472
15.079644737231007 0.9697235738097925
15.289084247470326 1.0193104424473316
15.498523757709645 1.0516178605414663
15.707963267948966 0.9798337898258812
15.917402778188285 0.9831171490954312
16.126842288427603 1.0197119569327346
16.336281798666924 1.0504080540708254
16.54572130890624 0.9728607981340922
16.755160819145562 0.973021897540873
16.964600329384883 1.0033242198202648
17.1740398396242 1.0392980165967545
17.38347934986352 0.9780030937205458
17.59291886010284 1.0141051700882786
17.80235837034216 1.0238228688959876
18.01179788058148 0.9741055628837533
18.2212373908208 1.029062624701957
18.430676901060117 1.0074535156855526
18.640116411299438 0.97934714750226
18.84955592153876 0.9590286370590543
19.058995431778076 1.0210843956006588
19.268434942017397 1.0055165480580481
19.477874452256717 0.9421632110461796
19.687313962496034 1.064991199820151
19.896753472735355 1.0366834897821995
20.106192982974676 0.9914368172991022
20.315632493213993 0.9685486883366157
20.525072003453314 1.006309667794662
20.734511513692635 1.0065243595647457
