# r  Cs(r) [pure estimator]
0.125 0.000387001319655414
0.375 0.0003923139267876837
0.625 0.0003922692408331368
0.875 0.000392967007651292
1.125 0.0003889188310694629
1.375 0.00039478963412238263
1.625 0.00038944067044416954
1.875 0.0003871468923409894
2.125 0.0003922842253430579
2.375 0.00038930124721719235
2.625 0.0003915299155064516
2.875 0.00039237487292754673
3.125 0.00039110730544218405
3.375 0.0003881202984618741
3.625 0.0003910155734494106
3.875 0.0003875690592817134
4.125 0.0003899655417501053
4.375 0.00038891814196310103
4.625 0.00039212787891665054
4.875 0.0003901927295057577
5.125 0.0003896145710097422
5.375 0.0003930691428409918
5.625 0.0003905596442539551
5.875 0.0003894935718542948
6.125 0.00039156868420547186
6.375 0.00038619936613672564
6.625 0.00039071362735657906
6.875 0.00038803754084235987
7.125 0.00038891755675718085
7.375 0.00038809363218108016
7.625 0.0003867911885293992
7.875 0.0003928598103130505
8.125 0.0003866294018234073
8.375 0.0003891598266862286
8.625 0.0003898259977851446
8.875 0.0003898422332383007
9.125 0.00038597731373979285
9.375 0.0003901968492294733
9.625 0.0003873550448229225
9.875 0.0003883674948967472
10.125 0.00039082132609188024
10.375 0.00038889729638034987
10.625 0.0003900287936091334
10.875 0.00038551106346056667
11.125 0.0003857211406501855
11.375 0.0003888918241337941
11.625 0.00038624230528893884
11.875 0.0003887544538830147
12.125 0.0003905752653436103
12.375 0.00038719498530999895
12.625 0.00038625180469018677
12.875 0.0003903664406622261
13.125 0.0003849743514853857
13.375 0.0003833264024298123
13.625 0.0003857613369704208
13.875 0.00038940009060910304
14.125 0.0003879058804280807
14.375 0.00038573473212878163
14.625 0.0003885407009962971
14.875 0.0003875661270519679
15.125 0.0003845475639689842
15.375 0.00038840571272876336
15.625 0.00038623265274272865
15.875 0.0003905994904662472
16.125 0.0003872275265062213
16.375 0.00038565737518731803
16.625 0.00038912576853443746
16.875 0.00039064821602872817
17.125 0.00038696906277792926
17.375 0.00038838117550967253
17.625 0.0003885159821696141
17.875 0.0003878440691572872
18.125 0.0003864868889688462
18.375 0.00038853053354927805
18.625 0.00038571761079099324
18.875 0.00038745182783747487
19.125 0.00038841196620159043
19.375 0.00038331270047913
19.625 0.00038613902189514056
19.875 0.0003862008730069313
20.125 0.00038785162244507604
20.375 0.0003852769145847039
20.625 0.0003871058507301107
20.875 0.00038396790069047726
21.125 0.00038774847808411314
21.375 0.0003886444487825676
21.625 0.0003869414896204651
21.875 0.00038925768861348904
22.125 0.00038636332413979966
22.375 0.00038530974908249077
22.625 0.0003851446817892666
22.875 0.0003841090495678724
23.125 0.0003859072673026252
23.375 0.0003869219834173052
23.625 0.0003868311551792367
23.875 0.0003852730698806616
24.125 0.0003879610889514929
24.375 0.0003862615318995559
24.625 0.00038951616079066145
24.875 0.0003882082485459661
