# P_value  count
-1.0 0.0
-0.96 0.0
-0.92 0.0
-0.88 0.0
-0.84 0.0
-0.8 0.0
-0.76 7.0
-0.72 69.0
-0.68 155.0
-0.64 336.0
-0.6 526.0
-0.56 534.0
-0.52 469.0
-0.48 277.0
-0.44 315.0
-0.4 270.0
-0.36 183.0
-0.32 130.0
-0.28 91.0
-0.24 132.0
-0.2 154.0
-0.16 200.0
-0.12 294.0
-0.08 278.0
-0.04 335.0
0.0 1287.0
0.04 389.0
0.08 339.0
0.12 369.0
0.16 478.0
0.2 609.0
0.24 800.0
0.28 1248.0
0.32 2078.0
0.36 3163.0
0.4 5115.0
0.44 7651.0
0.48 10840.0
0.52 14752.0
0.56 19610.0
0.6 22421.0
0.64 25574.0
0.68 25608.0
0.72 22338.0
0.76 17940.0
0.8 11697.0
0.84 6759.0
0.88 2204.0
0.92 568.0
0.96 40.0
1.0 0.0
