block_size         error    difference      rel_diff
-------------------------------------------------------
       2  3.809499e-07  1.577939e-07  4.142116e-01
       4  5.387438e-07  2.231535e-07  4.142108e-01
       8  7.618973e-07  3.155843e-07  4.142084e-01
      16  1.077482e-06  4.462969e-07  4.142038e-01
      32  1.523778e-06  6.311417e-07  4.141952e-01
      64  2.154920e-06  8.924996e-07  4.141683e-01
     128  3.047420e-06  1.262025e-06  4.141291e-01
     256  4.309445e-06  1.784571e-06  4.141070e-01
     512  6.094016e-06  2.522610e-06  4.139488e-01
    1024  8.616627e-06  3.567221e-06  4.139927e-01
    2048  1.218385e-05  5.038951e-06  4.135763e-01
    4096  1.722280e-05  7.126889e-06  4.138056e-01
    8192  2.434969e-05  1.001739e-05  4.113969e-01
   16384  3.436707e-05  1.393989e-05  4.056176e-01
   32768  4.830697e-05  1.882515e-05  3.896986e-01
   65536  6.713212e-05  2.391718e-05  3.562703e-01
  131072  9.104930e-05           ---           ---
