# k values and corresponding S(k) [pure estimator]
0.0 19.458434503078387
0.12566370614359174 0.8885519236150533
0.25132741228718347 0.9334828418656701
0.3769911184307752 0.9512501311742677
0.5026548245743669 0.9585907831608245
0.6283185307179586 0.9616849280533626
0.7539822368615504 0.9745007505314793
0.8796459430051422 0.9604148592359576
1.0053096491487339 0.9669627458787516
1.1309733552923256 0.9747687203659934
1.2566370614359172 0.9723200706398584
1.3823007675795091 0.9644700983020088
1.5079644737231008 0.9749699002123283
1.6336281798666925 0.9590912321887394
1.7592918860102844 0.9766548136353934
1.884955592153876 0.9611631222249516
2.0106192982974678 0.9736552920413203
2.1362830044410597 0.9718302671646231
2.261946710584651 0.9776175518379818
2.387610416728243 0.9728687367342448
2.5132741228718345 0.971289133703327
2.6389378290154264 0.9729297034402243
2.7646015351590183 0.9592716234306415
2.8902652413026098 0.9679591686671413
3.0159289474462017 0.9739273101046086
3.1415926535897936 0.9720774246922818
3.267256359733385 0.96493228246517
3.392920065876977 0.9565827606395604
3.518583772020569 0.975773828675028
3.6442474781641603 0.9680989250304383
3.769911184307752 0.9725538110913727
3.8955748904513436 0.961406978743532
4.0212385965949355 0.970103705774559
4.1469023027385274 0.9683727123233945
4.272566008882119 0.9681932748857253
4.39822971502571 0.9809205061591663
4.523893421169302 0.9710231871623696
4.649557127312894 0.9711103163703142
4.775220833456486 0.9732770095176922
4.900884539600078 0.9765412549353272
5.026548245743669 0.97054520046691
5.152211951887261 0.9733581305670032
5.277875658030853 0.9730818610056489
5.403539364174445 0.9751575820596451
5.529203070318037 0.9718433053460019
5.6548667764616285 0.9748994516099626
5.7805304826052195 0.9658986904973257
5.906194188748811 0.9713670258433535
6.031857894892403 0.9611777497611926
6.157521601035995 0.9639857772288525
6.283185307179587 0.9769666304175415
6.408849013323178 0.9759814838023053
6.53451271946677 0.964885204801613
6.660176425610362 0.9683711761917854
6.785840131753954 0.976425761176492
6.911503837897546 0.9615528654699993
7.037167544041138 0.9575049711478512
7.162831250184729 0.9757345789223407
7.288494956328321 0.9784128209682281
7.4141586624719125 0.9645729272832301
7.539822368615504 0.9651500325772205
7.665486074759096 0.9636932581837614
7.791149780902687 0.9697965235176712
7.916813487046279 0.979652917705308
8.042477193189871 0.9709127528279715
8.168140899333462 0.9781936174218475
8.293804605477055 0.9853592164753188
8.419468311620646 0.9696953767344912
8.545132017764239 0.9832200468708685
8.67079572390783 0.9804885928110507
8.79645943005142 0.9758488196020579
8.922123136195014 0.9717148221222582
9.047786842338605 0.9675836078580388
9.173450548482197 0.9726147985568763
9.299114254625788 0.984796417565127
