block_size         error    difference      rel_diff
-------------------------------------------------------
       2  3.045740e-07  1.261234e-07  4.140977e-01
       4  4.306973e-07  1.783210e-07  4.140285e-01
       8  6.090183e-07  2.520628e-07  4.138838e-01
      16  8.610811e-07  3.561482e-07  4.136059e-01
      32  1.217229e-06  5.028388e-07  4.131011e-01
      64  1.720068e-06  7.089102e-07  4.121408e-01
     128  2.428978e-06  9.970543e-07  4.104830e-01
     256  3.426033e-06  1.397338e-06  4.078589e-01
     512  4.823371e-06  1.947449e-06  4.037528e-01
    1024  6.770820e-06  2.697628e-06  3.984197e-01
    2048  9.468448e-06  3.717878e-06  3.926597e-01
    4096  1.318633e-05  5.008966e-06  3.798606e-01
    8192  1.819529e-05  6.507023e-06  3.576213e-01
   16384  2.470231e-05  7.408583e-06  2.999145e-01
   32768  3.211090e-05  4.776667e-06  1.487553e-01
   65536  3.688756e-05  -8.199256e-07  2.222770e-02
  131072  3.606764e-05           ---           ---
