# k  S_n(k)
0.0 50.0
0.12566370614359174 0.5656940015882277
0.25132741228718347 1.467744908836175
0.3769911184307752 1.6579261423847216
0.5026548245743669 0.7219924374691151
0.6283185307179586 0.4085886086152405
0.7539822368615504 0.4819181040713006
0.8796459430051422 1.4327883243725386
1.0053096491487339 0.6412697836544892
1.1309733552923256 0.5029985621088409
1.2566370614359172 0.6254627505856116
1.3823007675795091 1.0367568678620875
1.5079644737231008 0.8065854266049766
1.6336281798666925 0.8826146936819665
1.7592918860102844 0.61767039278386
1.884955592153876 0.9945266542965331
2.0106192982974678 0.7775601926760402
2.1362830044410597 0.7922182482972276
2.261946710584651 1.3535184548921078
2.387610416728243 0.7135240795774617
2.5132741228718345 0.9865629147056828
2.6389378290154264 0.8103555291432845
2.7646015351590183 1.1671502045222522
2.8902652413026098 1.0490200819047355
3.0159289474462017 1.1236790595343988
3.1415926535897936 1.503711925049404
3.267256359733385 0.8907454897532339
3.392920065876977 1.0182631075150317
3.518583772020569 0.8944677611822562
3.6442474781641603 1.0702588680836829
3.769911184307752 0.8944660369154411
3.8955748904513436 1.2756174404123672
4.0212385965949355 1.0896824883560325
4.1469023027385274 0.8998128188762912
4.272566008882119 1.016398995882148
4.39822971502571 0.9437549552270316
4.523893421169302 1.035112438640531
4.649557127312894 1.0812909812676106
4.775220833456486 1.0194092792811147
4.900884539600078 0.9415905746240787
5.026548245743669 1.0874909167961575
5.152211951887261 0.9200169452097084
5.277875658030853 1.0331257290649445
5.403539364174445 0.9777277872640678
5.529203070318037 1.0702837959463058
5.6548667764616285 0.8575505681231681
5.7805304826052195 1.0742178841539403
5.906194188748811 0.9355821080404659
6.031857894892403 0.944411440168073
6.157521601035995 1.014511611808207
6.283185307179587 0.9562818842028095
6.408849013323178 1.070110009763628
6.53451271946677 0.9813015066503884
6.660176425610362 0.9923053729382004
6.785840131753954 1.0928913532159819
6.911503837897546 1.0503826049849194
7.037167544041138 1.040011063014854
7.162831250184729 1.1379442070310646
7.288494956328321 1.0932433829194241
7.4141586624719125 1.1002891904100727
7.539822368615504 0.9639144718886693
7.665486074759096 0.9352969239874314
7.791149780902687 1.0245322652799835
7.916813487046279 0.9598705570303945
8.042477193189871 0.9177864980850877
8.168140899333462 0.9796493308676459
8.293804605477055 0.9414259472980895
8.419468311620646 1.0120034145726209
8.545132017764239 0.9554948691589245
8.67079572390783 1.0187554027129888
8.79645943005142 0.9199842169624386
8.922123136195014 1.0695026348834673
9.047786842338605 1.1239566896575692
9.173450548482197 0.9666830117974975
9.299114254625788 1.0136732676248774
9.42477796076938 1.061725407753102
9.550441666912972 0.9692601054860701
9.676105373056563 1.0225171529677233
9.801769079200156 1.1397913396885309
9.927432785343747 0.9627054086110112
10.053096491487338 0.9914493727288664
10.17876019763093 0.9628506840847814
10.304423903774522 0.9711798755229768
10.430087609918115 1.0024678112751124
10.555751316061706 1.023502043289657
10.681415022205298 0.9628182346028085
10.80707872834889 0.9381321950574655
10.93274243449248 0.993973140114488
11.058406140636073 0.9786608560498231
11.184069846779664 1.0577633397120008
11.309733552923257 1.0150678958686692
11.435397259066848 0.9895863952933148
11.561060965210439 0.998628079859736
11.686724671354032 1.09437671296621
11.812388377497623 0.9928231923032804
11.938052083641216 0.9594590957411233
12.063715789784807 1.1072892404867063
12.189379495928398 0.9839926874333276
12.31504320207199 1.0804464985907773
12.440706908215581 0.947748188346209
