0.2 -0.1030483502581421
0.6000000000000001 -0.08237212515145681
1.0 -0.07600322589615952
1.4000000000000001 -0.025880381233851512
1.8 -0.030706817661327636
2.2 -0.01151386778636848
2.6 -0.011821644929356915
3.0 -0.020688645954031096
3.4000000000000004 -0.015239074020533361
3.8000000000000003 0.02441766602067392
4.2 -0.005486315985982835
4.6000000000000005 -0.032352694158158064
5.0 -0.026907035541576984
5.4 -0.06506707409276669
5.800000000000001 -0.05709566951977519
6.2 -0.05870265162941231
6.6000000000000005 -0.039008207086360366
7.0 -0.0556156087364254
7.4 0.001523023894714597
7.800000000000001 0.046280305598950494
8.200000000000001 0.02482042317760816
8.6 0.032081863331304764
9.0 0.0786054103297315
9.4 0.07268737769027946
9.8 0.006430238112638791
10.200000000000001 -0.0244374345482874
10.600000000000001 0.012694987589886953
11.0 0.0038009104481317676
11.4 0.025351847262135685
11.8 -0.033191426739406935
12.200000000000001 -0.032441763770907676
12.600000000000001 -0.019606447412221107
13.0 -0.04198247824013778
13.4 -0.07847683300297072
13.8 -0.022095018096972698
14.200000000000001 0.03478937981964784
14.600000000000001 0.024038831090699826
15.0 0.007187745093172635
15.4 0.0029730997891089465
15.8 -0.015239806560329682
16.2 0.033621104696379266
16.6 0.06778001973967665
17.0 0.04696027936722371
17.400000000000002 0.040076493073102536
17.8 0.011751182078212491
18.2 -0.038001860567427236
18.6 -0.09590554427412842
19.0 -0.13115538266303506
19.400000000000002 -0.11932303774100916
19.8 -0.0848800060548626
20.200000000000003 0.0008061257475351543
20.6 0.03236692240268808
21.0 0.04922100805341115
21.400000000000002 0.055321533504387996
21.8 0.018593998599388768
22.200000000000003 -0.008453533523168522
22.6 0.035412228099895034
23.0 0.10696282432706823
23.400000000000002 0.12048263542159766
23.8 0.10329059819175535
24.200000000000003 0.06985528805435952
24.6 0.049266527460275045
25.0 0.06379861616971612
25.400000000000002 -1.2838149449885296e-5
25.8 0.00673358620750696
26.200000000000003 -0.04214907866954114
26.6 -0.055897339430963255
27.0 -0.04666206723397772
27.400000000000002 -0.02696701603887049
27.8 -0.010890048900158968
28.200000000000003 -0.09216696810128203
28.6 -0.12493844791465045
29.0 -0.10093826378610432
29.400000000000002 -0.08866661591105972
29.8 -0.0795342959409258
30.200000000000003 -0.07966694322017258
30.6 -0.052481693729803595
31.0 0.0035234733116596573
31.400000000000002 0.06359838538288187
31.8 0.1163020341884093
32.2 0.04751352265966563
32.6 -0.0050799812097151315
33.0 0.0015033998806757115
33.4 -0.03514501636164021
33.800000000000004 -0.043070660894374085
34.2 -0.06616216894868521
34.6 -0.03728355490943959
35.0 -0.038487855454662254
35.4 0.002764605193072456
35.800000000000004 -0.01091762196747534
36.2 -0.06677304322565163
36.6 -0.08455906518554014
37.0 -0.06842882276693674
37.4 -0.07193324120562797
37.800000000000004 -0.06334095738737215
38.2 0.011990436728133304
38.6 0.04158915564074503
39.0 0.05127892023071279
39.400000000000006 0.020159298558876586
39.800000000000004 -0.038720673356051345
