# P_value  count
-1.0 0.0
-0.96 0.0
-0.92 0.0
-0.88 0.0
-0.84 0.0
-0.8 0.0
-0.76 0.0
-0.72 0.0
-0.68 0.0
-0.64 4.0
-0.6 5.0
-0.56 41.0
-0.52 77.0
-0.48 247.0
-0.44 493.0
-0.4 892.0
-0.36 1645.0
-0.32 3055.0
-0.28 4631.0
-0.24 6870.0
-0.2 9827.0
-0.16 12040.0
-0.12 15451.0
-0.08 17970.0
-0.04 19249.0
0.0 21270.0
0.04 19781.0
0.08 17535.0
0.12 15451.0
0.16 11743.0
0.2 9416.0
0.24 6846.0
0.28 4352.0
0.32 2853.0
0.36 1682.0
0.4 918.0
0.44 529.0
0.48 229.0
0.52 111.0
0.56 83.0
0.6 17.0
0.64 2.0
0.68 1.0
0.72 0.0
0.76 0.0
0.8 0.0
0.84 0.0
0.88 0.0
0.92 0.0
0.96 0.0
1.0 0.0
