0.025 -0.17298136645962733
0.07500000000000001 -0.1490431397988972
0.125 -0.1614516129032258
0.17500000000000002 -0.16216429077734898
0.225 -0.11184903215355957
0.275 -0.16513833372521358
0.325 -0.1456744472690856
0.375 -0.1160342180302698
0.42500000000000004 -0.17772413219012737
0.47500000000000003 -0.1947410358565737
0.525 -0.21240024554941683
0.5750000000000001 -0.18909866017052376
0.625 -0.24534113660865547
0.675 -0.14609695973705833
0.7250000000000001 -0.21716738197424892
0.775 -0.18103905953735305
0.8250000000000001 -0.1814962706245762
0.875 -0.19009059568668324
0.925 -0.19825904247336035
0.9750000000000001 -0.19588068181818183
1.0250000000000001 -0.17860611040561739
1.075 -0.17869184086311532
1.125 -0.19015918958031838
1.175 -0.15289445547579045
1.225 -0.1117269544924154
1.2750000000000001 -0.1763499157447432
1.3250000000000002 -0.10609582364849666
1.375 -0.15981866589911492
1.425 -0.13882101405009162
1.475 -0.06927465362673187
1.5250000000000001 -0.07452262426629022
1.5750000000000002 -0.1275478690549722
1.625 -0.08823751036093738
1.675 -0.09028063533865525
1.725 -0.10827190827190827
1.7750000000000001 -0.06564812604440201
1.8250000000000002 -0.12312261349172678
1.875 -0.16463516446819168
1.925 -0.14120178778347955
1.975 -0.17803580067731012
2.025 -0.16451137665739074
2.075 -0.1247010046244618
2.125 -0.15560840269520412
2.1750000000000003 -0.1064704951748141
2.225 -0.15858900251963837
2.275 -0.09559498317528296
2.325 -0.08508088675853805
2.375 -0.1276118863422746
2.4250000000000003 -0.050474151116549404
2.475 -0.059777669020485216
2.5250000000000004 -0.06605491224237128
2.575 -0.10533635897811287
2.625 -0.12508253246276868
2.6750000000000003 -0.046124373710580605
2.725 -0.049304316803424904
2.7750000000000004 -0.10318730897977005
2.825 -0.10469470046082949
2.875 -0.11768141334501388
2.9250000000000003 -0.06477850399419027
2.975 -0.07995520716685331
3.0250000000000004 -0.09663990484686293
3.075 -0.041015910086118816
3.125 -0.04709024458813607
3.1750000000000003 -0.0713715239962245
3.225 -0.10588063834438534
3.2750000000000004 -0.07011804864172948
3.325 -0.13166012338754907
3.375 -0.08590292898784857
3.4250000000000003 -0.06163453706217757
3.475 -0.10655278633436012
3.5250000000000004 -0.06013613079783875
3.575 -0.10579500928026397
3.625 -0.021561232477051162
3.6750000000000003 -0.0618609036188266
3.725 -0.13228571428571428
3.7750000000000004 -0.11275650518299132
3.825 -0.13753288512130957
3.875 -0.030280758488901955
3.9250000000000003 -0.11326955378660629
3.975 -0.0869629849858778
4.025 -0.07397650409398362
4.075 -0.0338452787258248
4.125 -0.05431494021034433
4.175 -0.07568525842083731
4.2250000000000005 -0.05736523493802249
4.275 -0.06554813024313949
4.325 -0.06516537649542575
4.375 -0.0942116050604283
4.425 -0.08114626188111788
4.4750000000000005 -0.07973048848961257
4.525 -0.056009896227063434
4.575 -0.09449420259668125
4.625 -0.11888412017167382
4.675 -0.06436813568747393
4.7250000000000005 -0.07585633060601858
4.775 -0.05402394876079086
4.825 -0.0854417254251348
4.875 -0.0720254126096264
4.925000000000001 -0.0711135611907387
4.9750000000000005 -0.07194094296260185
