# k  S_n(k)
0.0 80.0
0.07853981633974483 0.6511525581645378
0.15707963267948966 0.6110497712803165
0.23561944901923448 0.34802785592788393
0.3141592653589793 0.3431814097936218
0.39269908169872414 0.19423608285292002
0.47123889803846897 0.4100744827520984
0.5497787143782138 0.4333499362384174
0.6283185307179586 0.20068415502810366
0.7068583470577035 0.6401324112727135
0.7853981633974483 0.29766452692182255
0.8639379797371931 1.7930149260439716
0.9424777960769379 1.7737117641332056
1.0210176124166828 0.819748494007868
1.0995574287564276 1.3960149714390002
1.1780972450961724 1.8494603248658021
1.2566370614359172 2.1606949271385636
1.335176877775662 0.7321446565534786
1.413716694115407 0.904789633401936
1.4922565104551517 1.8838847777881333
1.5707963267948966 0.501605444427895
1.6493361431346414 0.834968964277127
1.7278759594743862 1.1189602036237047
1.806415775814131 0.7443026436863474
1.8849555921538759 0.6732803835464783
1.9634954084936207 1.2674916231747737
2.0420352248333655 0.66013347334618
2.1205750411731104 0.8064546361697911
2.199114857512855 1.1061297054867822
2.2776546738526 0.5288611153467705
2.356194490192345 0.7815198762767402
2.4347343065320897 0.8057835613266369
2.5132741228718345 0.7775839728199687
2.5918139392115793 0.5893111464713487
2.670353755551324 1.1141758471186505
2.748893571891069 0.8571097678371858
2.827433388230814 0.900923863052022
2.9059732045705586 1.0630767024048602
2.9845130209103035 1.115005975949526
3.0630528372500483 1.0169989331809264
3.141592653589793 0.9854657139717764
3.220132469929538 0.6514195965373432
3.2986722862692828 1.5102478649587838
3.3772121026090276 0.8406721970808774
3.4557519189487724 0.951165900027775
3.5342917352885173 0.8852904942438604
3.612831551628262 0.8935743518790427
3.691371367968007 0.8686879244860979
3.7699111843077517 1.1031781803926535
3.8484510006474966 1.0144558761452
3.9269908169872414 1.1932381972752488
4.005530633326986 0.988143031796765
4.084070449666731 0.8438505434234606
4.162610266006476 1.1937749110634732
4.241150082346221 1.2011363241180977
4.319689898685965 1.0439671428418527
4.39822971502571 0.8236633335172932
4.476769531365456 1.0473821766281286
4.5553093477052 0.9511131640856245
4.633849164044944 0.874301909049733
4.71238898038469 1.085329036616434
4.790928796724435 0.9236606633904423
4.869468613064179 0.9561231740383028
4.948008429403924 1.1271259582351698
5.026548245743669 1.0419199640135919
5.105088062083414 0.9837475848944647
5.183627878423159 0.9167489888862835
5.262167694762903 1.0342804045489475
5.340707511102648 1.152499721094756
5.419247327442394 0.7862288855338662
5.497787143782138 0.8912807378200388
5.576326960121882 0.9369855210659565
5.654866776461628 0.8223477037494389
5.733406592801373 0.9995617296600106
5.811946409141117 1.0669830737137838
5.890486225480862 0.9774605212927532
5.969026041820607 1.1221311333941335
6.047565858160352 1.013080862044724
6.126105674500097 1.0885378067928424
6.204645490839841 1.2395105614906847
6.283185307179586 1.1000855507230298
6.3617251235193315 0.843945672562153
6.440264939859076 1.015447022696244
6.51880475619882 1.1653765657063575
6.5973445725385655 1.0798509208442835
6.675884388878311 1.0494523248514398
6.754424205218055 0.9088636018350994
6.8329640215578 0.9690143747492669
6.911503837897545 0.9604640113709909
6.99004365423729 0.9677302761051897
7.0685834705770345 1.205807946219152
7.147123286916779 1.0625928809831684
7.225663103256524 0.8862302776934102
7.304202919596269 0.9935074136917273
7.382742735936014 0.9401825179544654
7.461282552275758 0.9670092863240087
7.5398223686155035 1.1511001123658344
7.618362184955249 1.0292351203527295
7.696902001294993 1.012196123290637
7.7754418176347375 1.1659942429604724
