0.225 0.9365018726591761
0.675 0.959859342488556
1.125 0.9061839367457345
1.575 0.9234739908447773
2.025 0.9239525593008739
2.475 0.8791402413649605
2.9250000000000003 0.9285409904286309
3.375 0.9436096545984186
3.825 0.9955605493133584
4.275 0.9944985434873075
4.7250000000000005 0.9945634623387433
5.175 1.0091926758218892
5.625 1.0881115272575947
6.075 1.1443129421556388
6.525 1.0877819392426133
6.9750000000000005 0.9905792759051186
7.425 1.0192925509779442
7.875 0.9570278818143987
8.325000000000001 0.9211901789429879
8.775 1.004427798585102
9.225 1.0504843945068665
9.675 1.0516995422388682
10.125 1.0018901373283395
10.575000000000001 0.9267265917602996
11.025 0.9591976695796921
11.475 0.9537777777777777
11.925 0.9563870162297129
12.375 0.9781531419059509
12.825000000000001 1.0841772784019974
13.275 1.0609629629629629
13.725 1.0580857261756138
14.175 1.037257594673325
14.625 1.0125992509363295
15.075000000000001 1.0456554307116104
15.525 1.0574631710362048
15.975 1.0608189762796505
16.425 1.0549379941739492
16.875 1.0201181856013317
17.325 0.9836204744069913
17.775000000000002 0.9554814814814815
18.225 0.9563886808156471
18.675 1.0264327923429046
19.125 1.040421972534332
19.575 1.036267166042447
20.025000000000002 1.0530195588847273
20.475 1.0412800665834374
20.925 1.0604760715771953
21.375 0.9856712442779858
21.825 0.977925925925926
22.275000000000002 0.948956304619226
22.725 0.9501589679567207
23.175 0.9727615480649189
23.625 0.9552234706616729
24.075 0.9954923012900541
24.525000000000002 1.0447732001664587
24.975 0.9884977111943404
25.425 1.0877619642114025
25.875 1.073900124843945
26.325 1.050529338327091
26.775000000000002 1.0558027465667914
27.225 1.0500024968789015
27.675 0.9800041614648356
28.125 0.9893366625052018
28.575 0.9710012484394507
29.025000000000002 0.8970545151893466
29.475 0.8758918019142738
29.925 0.9131210986267166
30.375 0.9905493133583021
30.825 0.9842621722846442
31.275000000000002 0.998395339159384
31.725 1.0608389513108614
32.175000000000004 1.0560357885975864
32.625 1.0651136079900125
33.075 1.0623154390345402
33.525 1.0190137328339575
33.975 1.0190719933416563
34.425000000000004 0.9946658343736996
34.875 0.9834065751144403
35.325 1.0032434456928838
35.775 1.030241364960466
36.225 1.021892634207241
36.675000000000004 1.0082888056595922
37.125 0.9689005409904287
37.575 0.9956362879733667
38.025 0.9985443196004994
38.475 0.9524003329171868
38.925000000000004 0.989284228048273
39.375 1.0316287973366625
39.825 0.9762505201831044
40.275 0.9787815230961299
40.725 1.0171493965875988
41.175000000000004 1.0534540158135663
41.625 1.0946217228464419
42.075 1.0550844777361632
42.525 1.0058876404494381
42.975 0.976361215147732
43.425000000000004 0.9158651685393259
43.875 0.9166183936745734
44.325 0.9528131502288806
44.775 0.9279334165626301
