block_size         error    difference      rel_diff
-------------------------------------------------------
       2  8.416458e-07  3.486125e-07  4.142033e-01
       4  1.190258e-06  4.930004e-07  4.141962e-01
       8  1.683259e-06  6.971742e-07  4.141812e-01
      16  2.380433e-06  9.858687e-07  4.141552e-01
      32  3.366302e-06  1.393972e-06  4.140960e-01
      64  4.760274e-06  1.970701e-06  4.139890e-01
     128  6.730974e-06  2.785189e-06  4.137868e-01
     256  9.516163e-06  3.934023e-06  4.134043e-01
     512  1.345019e-05  5.551055e-06  4.127121e-01
    1024  1.900124e-05  7.813114e-06  4.111897e-01
    2048  2.681435e-05  1.089563e-05  4.063356e-01
    4096  3.770998e-05  1.489152e-05  3.948959e-01
    8192  5.260150e-05  1.899020e-05  3.610201e-01
   16384  7.159169e-05  1.989865e-05  2.779463e-01
   32768  9.149034e-05  8.857444e-06  9.681289e-02
   65536  1.003478e-04  2.891087e-06  2.881067e-02
  131072  1.032389e-04           ---           ---
