block_size         error    difference      rel_diff
-------------------------------------------------------
       2  4.144524e-07  1.716668e-07  4.142015e-01
       4  5.861192e-07  2.427669e-07  4.141937e-01
       8  8.288861e-07  3.433052e-07  4.141766e-01
      16  1.172191e-06  4.854555e-07  4.141436e-01
      32  1.657647e-06  6.864003e-07  4.140811e-01
      64  2.344047e-06  9.703263e-07  4.139534e-01
     128  3.314373e-06  1.371257e-06  4.137302e-01
     256  4.685630e-06  1.936846e-06  4.133588e-01
     512  6.622476e-06  2.731890e-06  4.125179e-01
    1024  9.354366e-06  3.842947e-06  4.108186e-01
    2048  1.319731e-05  5.361755e-06  4.062763e-01
    4096  1.855907e-05  7.300376e-06  3.933590e-01
    8192  2.585944e-05  9.311096e-06  3.600656e-01
   16384  3.517054e-05  9.872301e-06  2.806980e-01
   32768  4.504284e-05  7.747218e-06  1.719967e-01
   65536  5.279006e-05  -1.874083e-06  3.550067e-02
  131072  5.091598e-05           ---           ---
