# P_value  count
-1.0 0.0
-0.975 0.0
-0.95 0.0
-0.925 0.0
-0.9 0.0
-0.875 0.0
-0.85 0.0
-0.825 0.0
-0.8 0.0
-0.775 0.0
-0.75 0.0
-0.725 0.0
-0.7 0.0
-0.675 0.0
-0.65 0.0
-0.625 0.0
-0.6 0.0
-0.575 0.0
-0.55 3.0
-0.525 4.0
-0.5 52.0
-0.475 131.0
-0.45 235.0
-0.425 287.0
-0.4 489.0
-0.375 579.0
-0.35 1238.0
-0.325 1463.0
-0.3 2321.0
-0.275 2798.0
-0.25 3824.0
-0.225 4777.0
-0.2 6051.0
-0.175 7438.0
-0.15 8382.0
-0.125 9873.0
-0.1 10257.0
-0.075 11179.0
-0.05 11751.0
-0.025 12420.0
0.0 13157.0
0.025 12672.0
0.05 12243.0
0.075 11083.0
0.1 10064.0
0.125 8954.0
0.15 7753.0
0.175 6359.0
0.2 5663.0
0.225 4588.0
0.25 3732.0
0.275 2688.0
0.3 1984.0
0.325 1389.0
0.35 1013.0
0.375 777.0
0.4 505.0
0.425 303.0
0.45 197.0
0.475 103.0
0.5 63.0
0.525 8.0
0.55 46.0
0.575 0.0
0.6 0.0
0.625 0.0
0.65 0.0
0.675 0.0
0.7 0.0
0.725 0.0
0.75 0.0
0.775 0.0
0.8 0.0
0.825 0.0
0.85 0.0
0.875 0.0
0.9 0.0
0.925 0.0
0.95 0.0
0.975 0.0
1.0 0.0
