block_size         error    difference      rel_diff
-------------------------------------------------------
       2  4.148472e-07  1.718158e-07  4.141665e-01
       4  5.866631e-07  2.429572e-07  4.141342e-01
       8  8.296203e-07  3.435187e-07  4.140674e-01
      16  1.173139e-06  4.856067e-07  4.139379e-01
      32  1.658746e-06  6.862052e-07  4.136892e-01
      64  2.344951e-06  9.690229e-07  4.132380e-01
     128  3.313974e-06  1.366704e-06  4.124063e-01
     256  4.680678e-06  1.923995e-06  4.110505e-01
     512  6.604673e-06  2.700373e-06  4.088579e-01
    1024  9.305045e-06  3.776650e-06  4.058712e-01
    2048  1.308169e-05  5.259864e-06  4.020781e-01
    4096  1.834156e-05  7.218609e-06  3.935657e-01
    8192  2.556017e-05  9.627698e-06  3.766680e-01
   16384  3.518787e-05  1.224429e-05  3.479692e-01
   32768  4.743216e-05  1.328116e-05  2.800033e-01
   65536  6.071332e-05  5.117076e-06  8.428259e-02
  131072  6.583039e-05           ---           ---
