0.125 0.06553259650808906
0.375 0.02091868330792683
0.625 0.00650569399098376
0.875 -0.025078508298187318
1.125 -0.031300325008052
1.375 -0.033263374215692705
1.625 -0.05418452724425027
1.875 -0.0895071001807677
2.125 -0.08810623383251359
2.375 -0.09700180885570661
2.625 -0.07443688840773169
2.875 -0.08090574283615758
3.125 -0.03802924429269741
3.375 -0.01259645295519735
3.625 -0.07281023928770172
3.875 -0.028476200838019217
4.125 0.013842792059205508
4.375 0.02721967851422273
4.625 0.03361584660918531
4.875 0.03574277195180052
5.125 0.003720799958261137
5.375 -0.012278315894646277
5.625 0.012720472151332877
5.875 0.024841179791601577
6.125 -0.05980274288574211
6.375 -0.0467698086552756
6.625 -0.015088298481216355
6.875 -0.03517250050566619
7.125 -0.011534124918219908
7.375 -0.010045699103672425
7.625 -0.018040260441188293
7.875 -0.022265537146712647
8.125 -0.05457453942212659
8.375 -0.04013136949345666
8.625 -0.03297575337621226
8.875 -0.04650185832394933
9.125 -0.009097715886456343
9.375 -0.009842802128111387
9.625 0.015126500888200759
9.875 -0.012769489675247886
10.125 0.004732443787801838
10.375 0.0012757383186484327
10.625 0.018105061453015762
10.875 -0.0731817336734725
11.125 -0.03416831698136026
11.375 -0.06875964878425318
11.625 -0.07966918016149278
11.875 -0.10769065508799901
12.125 -0.09053576224151821
12.375 -0.08124646197805753
12.625 -0.06168322431714914
12.875 -0.046294236656180154
13.125 -0.05884358815882015
13.375 -0.06700290743399921
13.625 -0.08075135201221559
13.875 -0.06261971565861736
14.125 -0.07970401366090796
14.375 -0.09708276501578446
14.625 -0.08026349193623816
14.875 -0.06378172866666845
15.125 -0.0554339494417094
15.375 -0.008433455638424582
15.625 -0.03650271054271517
15.875 -0.03468972092217022
16.125 -0.037648476732507534
16.375 -0.07045285959504803
16.625 -0.0705593638094526
16.875 -0.03434802264752104
17.125 -0.057197938172520814
17.375 -0.06634732708507611
17.625 -0.05029745518028604
17.875 -0.04761797239055148
18.125 -0.03979323947493709
18.375 -0.040382123846838265
18.625 -0.015391132822325482
18.875 0.02203489479393523
19.125 -0.004631031566197125
19.375 0.0075385717075711215
19.625 0.07222163583085793
19.875 0.05556912397969021
20.125 0.06726976773304952
20.375 0.10844512859848535
20.625 0.0783642075842431
20.875 0.07561206176103903
21.125 0.017139843050774223
21.375 0.02053617892775406
21.625 -0.023718362029393893
21.875 -0.011094649519995626
22.125 -0.021894145069940654
22.375 -0.01599612694146939
22.625 -0.029939153392456837
22.875 -0.00805990595918031
23.125 0.028181356948480236
23.375 0.05019388373618527
23.625 0.03370467014585842
23.875 0.025323733128918335
24.125 0.042605246707335474
24.375 0.06226536230780112
24.625 0.09258133128574751
24.875 0.02353312089718616
