# r  Cs(r) [pure estimator]
0.15 0.0008394976830274835
0.44999999999999996 0.0008355114486820238
0.75 0.000837424694315411
1.05 0.0008342920480414904
1.3499999999999999 0.0008295584136464437
1.65 0.0008373266852939712
1.95 0.0008273938135723804
2.25 0.0008322573702540116
2.55 0.0008338553923019216
2.85 0.0008287085408131603
3.15 0.0008315437865209928
3.4499999999999997 0.0008350098039211328
3.75 0.0008282656742546278
4.05 0.0008307632150396138
4.35 0.0008326883260865505
4.6499999999999995 0.0008318579535825829
4.95 0.0008321930121489479
5.25 0.0008297368918036147
5.55 0.0008351614533758717
5.85 0.0008316723597138635
6.1499999999999995 0.0008306525716907184
6.45 0.0008311196826541858
6.75 0.000829814152315508
7.05 0.0008250259973004821
7.35 0.0008304683523062843
7.6499999999999995 0.0008287772411158959
7.949999999999999 0.000830753789400369
8.25 0.0008276738612621671
8.549999999999999 0.0008272442829818746
8.85 0.0008272532322877342
9.15 0.0008296894062891096
9.45 0.0008295956594463456
9.75 0.000830007823661363
10.049999999999999 0.0008308384243738759
10.35 0.0008315757983937707
10.65 0.0008291259750791239
10.95 0.0008347633588909378
11.25 0.0008287432188613091
11.549999999999999 0.0008354306114678575
11.85 0.0008317431341336451
12.15 0.000830620905206929
12.45 0.0008297106164675448
12.75 0.000831575313636305
13.049999999999999 0.0008236261712085723
13.35 0.0008335081931678987
13.65 0.0008276670581480693
13.95 0.0008317668876804316
14.25 0.0008251528291435996
14.549999999999999 0.0008278227789869522
14.85 0.0008273125051493078
15.149999999999999 0.0008281620699726152
15.45 0.0008251519413097824
15.75 0.0008290739341149478
16.05 0.0008293683540203898
16.349999999999998 0.0008313433041873793
16.65 0.0008239393753089854
16.95 0.0008283923543365789
17.25 0.0008316944213016911
17.55 0.0008279576364515879
17.849999999999998 0.0008271811058887874
18.15 0.0008280105903054479
18.45 0.0008324837231283598
18.75 0.000832188930552894
19.05 0.0008338551267242451
19.349999999999998 0.0008267549194700259
19.65 0.0008297779647646446
19.95 0.0008299107312919386
20.25 0.00083078147843067
20.55 0.0008259816378326606
20.849999999999998 0.0008306740919423516
21.15 0.0008304385319679398
21.45 0.000829164507943019
21.75 0.0008322907844248884
22.05 0.0008255796978191268
22.349999999999998 0.0008311990606467792
22.65 0.0008318396733166194
22.95 0.0008280422685805074
23.25 0.0008311585786532016
23.55 0.0008304726327477996
23.849999999999998 0.0008313525190072832
24.15 0.0008296800543619588
24.45 0.0008264671157152349
24.75 0.0008310955083176137
25.05 0.0008295656645486425
25.349999999999998 0.0008296778688882772
25.65 0.000832846632270586
25.95 0.0008258387315645367
26.25 0.0008290497814939743
26.55 0.0008303735256545013
26.849999999999998 0.0008296588705756657
27.15 0.0008313288991016511
27.45 0.0008306859574643272
27.75 0.0008300251395277907
28.05 0.0008316900199417698
28.349999999999998 0.0008297343053975573
28.65 0.0008297981347751104
28.95 0.0008236591407112165
29.25 0.0008249134688940352
29.549999999999997 0.0008249042266707584
29.849999999999998 0.0008308088708986774
