# k values and corresponding S(k) [pure estimator]
0.0 41.98833077852674
0.07853981633974483 0.7750581149630514
0.15707963267948966 0.8492451128101005
0.23561944901923448 0.8764588636597632
0.3141592653589793 0.9157138387682955
0.39269908169872414 0.9224948559584482
0.47123889803846897 0.9303270698474434
0.5497787143782138 0.960343448775548
0.6283185307179586 0.9626343887675998
0.7068583470577035 0.9769710958702104
0.7853981633974483 0.9579755773166633
0.8639379797371931 0.965913538957537
0.9424777960769379 0.9641392065546
1.0210176124166828 0.9717796144345036
1.0995574287564276 0.9743319069566156
1.1780972450961724 1.0020763781577584
1.2566370614359172 0.9740556458531338
1.335176877775662 0.979094855103262
1.413716694115407 0.9706651670538682
1.4922565104551517 0.9729030546250086
1.5707963267948966 0.9650058741744171
1.6493361431346414 0.9547195152438808
1.7278759594743862 0.965582258697874
1.806415775814131 0.9833781375037103
1.8849555921538759 0.9533551274352845
1.9634954084936207 0.961153450716957
2.0420352248333655 0.9623794966419111
2.1205750411731104 0.9774352712550995
2.199114857512855 0.9571774020079038
2.2776546738526 0.9598821275434658
2.356194490192345 0.954117128890531
2.4347343065320897 0.9692970392965101
2.5132741228718345 0.9571326276783189
2.5918139392115793 0.9934336942608133
2.670353755551324 0.9653078383176084
2.748893571891069 0.9720630359379049
2.827433388230814 0.967837685984571
2.9059732045705586 0.9840275894081244
2.9845130209103035 0.9703054458201196
3.0630528372500483 0.9757728866423966
3.141592653589793 0.9656179018618136
3.220132469929538 0.9866915579867038
3.2986722862692828 0.9725030605234457
3.3772121026090276 0.9784363967094877
3.4557519189487724 0.9801671678972614
3.5342917352885173 0.967539605158692
3.612831551628262 0.9877781007748454
3.691371367968007 0.9600570269165103
3.7699111843077517 0.9791515040243427
3.8484510006474966 0.9624439297263707
3.9269908169872414 0.9923969252772253
4.005530633326986 0.9904982077744988
4.084070449666731 0.9784876345268808
4.162610266006476 0.9607381160655188
4.241150082346221 0.9607177495469339
4.319689898685965 0.979114968509841
4.39822971502571 0.9768741903172037
4.476769531365456 0.963184764849695
4.5553093477052 0.9688286985483816
4.633849164044944 0.9736932507043718
4.71238898038469 0.948598356144283
4.790928796724435 0.9683241088686931
4.869468613064179 0.9544391955693027
4.948008429403924 0.9733038903949526
5.026548245743669 0.996394634913784
5.105088062083414 1.0008022883229453
5.183627878423159 0.9693351819715426
5.262167694762903 0.9709791319886025
5.340707511102648 0.9788804313725517
5.419247327442394 0.9672682073559563
5.497787143782138 0.9787884183715454
5.576326960121882 0.9734136361289393
5.654866776461628 0.9717200608499463
5.733406592801373 0.9646557241705824
5.811946409141117 0.9522031810871341
