0.075 0.9662298850574713
0.22499999999999998 0.9552107279693487
0.375 0.9636704980842912
0.525 0.9387586206896552
0.6749999999999999 0.9458390804597702
0.825 0.9825593869731801
0.975 0.9844674329501916
1.125 0.9821149425287357
1.275 1.0152030651340995
1.425 1.0065823754789271
1.575 0.9796704980842912
1.7249999999999999 0.9780536398467433
1.875 0.9560383141762452
2.025 0.9080459770114943
2.175 0.9209195402298851
2.3249999999999997 0.9528812260536399
2.475 0.9284061302681992
2.625 0.929647509578544
2.775 0.9247509578544061
2.925 0.9406360153256705
3.0749999999999997 0.9114099616858238
3.225 0.9063371647509578
3.375 0.9409655172413793
3.525 0.947463601532567
3.675 0.957639846743295
3.8249999999999997 0.9599233716475096
3.9749999999999996 0.9656781609195403
4.125 0.9599003831417624
4.2749999999999995 0.9366743295019158
4.425 0.9048659003831417
4.575 0.9284061302681992
4.725 0.9139693486590038
4.875 0.9418697318007663
5.0249999999999995 0.9658390804597701
5.175 0.959800766283525
5.325 0.9875785440613026
5.475 0.9605287356321839
5.625 0.9752030651340996
5.7749999999999995 0.9927969348659004
5.925 0.950551724137931
6.075 0.9221762452107279
6.225 0.9442145593869732
6.375 0.9375785440613027
6.5249999999999995 0.9640536398467433
6.675 0.949471264367816
6.825 0.9785287356321839
6.975 0.9991877394636015
7.125 1.0597471264367817
7.2749999999999995 1.0227662835249043
7.425 1.062383141762452
7.574999999999999 1.0196934865900382
7.725 1.034022988505747
7.875 1.0582911877394636
8.025 1.0377547892720307
8.174999999999999 1.0757854406130267
8.325 1.0929731800766282
8.475 1.1306743295019157
8.625 1.1252643678160918
8.775 1.1000919540229885
8.924999999999999 1.079823754789272
9.075 1.1013409961685823
9.225 1.1159233716475097
9.375 1.1148045977011494
9.525 1.1258773946360152
9.674999999999999 1.13272030651341
9.825 1.0913563218390805
9.975 1.109831417624521
10.125 1.0964214559386973
10.275 1.10944061302682
10.424999999999999 1.096176245210728
10.575 1.090712643678161
10.725 1.0688582375478928
10.875 1.0873180076628353
11.025 1.056015325670498
11.174999999999999 1.068536398467433
11.325 1.0594942528735631
11.475 1.0557241379310345
11.625 0.9995632183908046
11.775 1.0237011494252874
11.924999999999999 1.0119080459770116
12.075 1.0003218390804598
12.225 1.0010421455938698
12.375 1.012168582375479
12.525 0.9928122605363985
12.674999999999999 0.9981609195402299
12.825 0.9615785440613027
12.975 0.9370268199233717
13.125 0.9624521072796934
13.275 0.9738620689655172
13.424999999999999 0.9570191570881226
13.575 0.9513793103448276
13.725 0.9969578544061303
13.875 1.0184904214559387
14.025 1.0004061302681992
14.174999999999999 1.004176245210728
14.325 0.9925363984674329
14.475 1.0059693486590038
14.625 0.9619233716475096
14.774999999999999 0.9668045977011495
14.924999999999999 0.9676168582375478
