# k values and corresponding S(k) [pure estimator]
0.0 1.2457622342763293
0.07853981633974483 1.0188934050705558
0.15707963267948966 0.979540731590547
0.23561944901923448 0.9747201923791791
0.3141592653589793 0.9758730837411029
0.39269908169872414 0.9664157042325217
0.47123889803846897 0.9738040400686265
0.5497787143782138 0.9724013976824041
0.6283185307179586 0.9739080121380529
0.7068583470577035 0.9723995287177979
0.7853981633974483 0.9766165191826547
0.8639379797371931 0.9715623910970358
0.9424777960769379 0.9592118442375354
1.0210176124166828 0.9686408856711858
1.0995574287564276 0.9713812877620086
1.1780972450961724 0.964260718065566
1.2566370614359172 0.9652385636913863
1.335176877775662 0.9676760937595973
1.413716694115407 0.9751274094859764
1.4922565104551517 0.9716286153335817
1.5707963267948966 0.9707486376219715
1.6493361431346414 0.9668391543929594
1.7278759594743862 0.9650994121109286
1.806415775814131 0.9719749477709376
1.8849555921538759 0.9641753892683299
1.9634954084936207 0.9747957766620524
2.0420352248333655 0.9756888481121109
2.1205750411731104 0.9749308160671343
2.199114857512855 0.9656937952924781
2.2776546738526 0.972432390437828
2.356194490192345 0.9670615934733584
2.4347343065320897 0.9662527924001459
2.5132741228718345 0.9553518872331772
2.5918139392115793 0.9623473894148957
2.670353755551324 0.9694628867635227
2.748893571891069 0.9741077077243071
2.827433388230814 0.9690781080907536
2.9059732045705586 0.9651183424183813
2.9845130209103035 0.9715549602067308
3.0630528372500483 0.9745114167472724
3.141592653589793 0.9718657496744739
3.220132469929538 0.9664618779762226
3.2986722862692828 0.9710372237751784
3.3772121026090276 0.9698241225722762
3.4557519189487724 0.9726699014634571
3.5342917352885173 0.9694237071960996
3.612831551628262 0.9649445647036702
3.691371367968007 0.9736768784624618
3.7699111843077517 0.9775449628526035
3.8484510006474966 0.9778149080961677
3.9269908169872414 0.9764288109141176
4.005530633326986 0.9685211511334474
4.084070449666731 0.9704764363355612
4.162610266006476 0.9623527610554106
4.241150082346221 0.967888409825617
4.319689898685965 0.9779748586848731
4.39822971502571 0.9800565237850587
4.476769531365456 0.9743355146411943
4.5553093477052 0.9682954795159309
4.633849164044944 0.9631957845440638
4.71238898038469 0.9725216738640154
4.790928796724435 0.9655103067358544
4.869468613064179 0.9668401647911126
4.948008429403924 0.9677207651534949
5.026548245743669 0.9687975790911071
5.105088062083414 0.9704918928429003
5.183627878423159 0.9692657647126717
5.262167694762903 0.9782526101175314
5.340707511102648 0.9684181030171048
5.419247327442394 0.9610187972785558
5.497787143782138 0.9724071047174857
5.576326960121882 0.9767590766314247
5.654866776461628 0.9756723963041657
5.733406592801373 0.9675555436032588
5.811946409141117 0.9714528591797452
