0.15 0.8614745762711864
0.44999999999999996 0.8568662900188324
0.75 0.8266120527306968
1.05 0.8619792843691149
1.3499999999999999 0.8871770244821092
1.65 0.9124934086629002
1.95 0.9310131826741996
2.25 0.9640677966101695
2.55 0.9245687382297552
2.85 0.950894538606403
3.15 0.9326704331450094
3.4499999999999997 0.9368248587570621
3.75 0.9987947269303201
4.05 1.0072843691148776
4.35 1.0202693032015067
4.6499999999999995 1.0871544256120527
4.95 1.1017306967984934
5.25 1.0944463276836158
5.55 1.0619529190207155
5.85 1.064346516007533
6.1499999999999995 1.0554651600753295
6.45 1.0165499058380414
6.75 0.9929020715630885
7.05 0.9926440677966102
7.35 0.9684180790960452
7.6499999999999995 0.9714312617702449
7.949999999999999 0.9781525423728814
8.25 1.0129491525423728
8.549999999999999 1.0507871939736346
8.85 1.0551676082862524
9.15 1.0933032015065913
9.45 1.0793559322033899
9.75 1.0570922787193973
10.049999999999999 1.0128738229755179
10.35 1.004617702448211
10.65 1.0033559322033898
10.95 1.0244595103578154
11.25 1.0093295668549906
11.549999999999999 0.9957419962335217
11.85 0.9677740112994351
12.15 0.9625800376647834
12.45 0.9714689265536723
12.75 0.9962542372881356
13.049999999999999 1.0502730696798492
13.35 1.060728813559322
13.65 1.0311958568738229
13.95 1.0538568738229754
14.25 1.0321337099811676
14.549999999999999 1.0039284369114878
14.85 1.033391713747646
15.149999999999999 0.9962278719397364
15.45 0.9994030131826742
15.75 0.9822429378531073
16.05 0.9346760828625236
16.349999999999998 0.930894538606403
16.65 1.0080621468926554
16.95 1.023276836158192
17.25 1.0277740112994351
17.55 1.0359679849340866
17.849999999999998 1.0474199623352165
18.15 1.0126516007532957
18.45 1.0495404896421845
18.75 1.0411883239171376
19.05 1.0073483992467043
19.349999999999998 1.0019472693032014
19.65 0.9803220338983051
19.95 0.9889774011299435
20.25 1.0135291902071564
20.55 1.0351148775894539
20.849999999999998 1.0215386064030132
21.15 0.9889416195856874
21.45 0.9322504708097928
21.75 0.9430470809792844
22.05 0.9669905838041432
22.349999999999998 1.038677966101695
22.65 0.9996798493408663
22.95 0.9957853107344633
23.25 1.0016478342749529
23.55 1.0021073446327684
23.849999999999998 1.031804143126177
24.15 1.0127871939736346
24.45 1.0086365348399247
24.75 1.0384745762711864
25.05 1.0391883239171376
25.349999999999998 1.0458606403013182
25.65 1.0609566854990584
25.95 1.0653785310734463
26.25 1.0118323917137477
26.55 1.0047853107344633
26.849999999999998 0.9956949152542373
27.15 0.9911864406779661
27.45 0.9440282485875706
27.75 0.9293408662900189
28.05 0.9898267419962336
28.349999999999998 0.9906741996233521
28.65 0.9776214689265537
28.95 0.9940320150659133
29.25 1.0237758945386064
29.549999999999997 1.0081581920903955
29.849999999999998 1.0079209039548023
