# r  Cs(r) [pure estimator]
0.075 -2.873247165940365e-6
0.22499999999999998 -4.305121107820222e-6
0.375 -1.0620889917434801e-6
0.525 -3.5780033032243224e-6
0.6749999999999999 -2.8671415569930873e-6
0.825 -2.939081963677873e-6
0.975 -4.5367033627539165e-7
1.125 -2.2288573007558097e-6
1.275 -2.072500030070194e-6
1.425 -3.6390618678427604e-6
1.575 -4.387609666692943e-6
1.7249999999999999 -3.43338431374498e-6
1.875 -2.7698208732653076e-6
2.025 -2.723686337997569e-6
2.175 -4.960240097289479e-6
2.3249999999999997 -2.976800173908263e-6
2.475 -6.812615511304326e-6
2.625 -2.2020996846956467e-6
2.775 -6.17274048148773e-6
2.925 -3.2468148619441194e-6
3.0749999999999997 -2.668947795955314e-6
3.225 -3.3971984919094394e-6
3.375 -4.158115380816569e-6
3.525 -5.565335796634821e-6
3.675 -2.2421354134311513e-6
3.8249999999999997 -1.437166990607903e-6
3.9749999999999996 -5.360302566012629e-6
4.125 -1.0476792299917401e-6
4.2749999999999995 -4.304771977734756e-6
4.425 -2.949439111482814e-6
4.575 -2.018960469245122e-6
4.725 -1.5124364012023114e-6
4.875 -2.3770836264574767e-6
5.0249999999999995 -5.585281692095346e-7
5.175 -3.805178417325889e-6
5.325 -1.923519094029073e-6
5.475 -2.2829172820740197e-6
5.625 1.7118252292116955e-7
5.7749999999999995 -1.3600556634198868e-6
5.925 -6.357183118933701e-6
6.075 -2.9001509401714853e-6
6.225 -1.2902319818496096e-6
6.375 -3.5683858662962267e-6
6.5249999999999995 -3.3490296995110123e-6
6.675 -5.150213348068352e-6
6.825 -2.873321905041443e-6
6.975 -4.137118944903713e-6
7.125 -4.047547555345214e-6
7.2749999999999995 -2.9806808803433374e-6
7.425 -2.8394356047260324e-6
7.574999999999999 -3.669242015833339e-6
7.725 -2.3234880868964366e-6
7.875 -2.478757575840426e-6
8.025 -4.613387990164976e-6
8.174999999999999 -3.2199312890237514e-6
8.325 -3.3491409807170577e-6
8.475 -2.8004571403546803e-6
8.625 -4.215122230838271e-6
8.775 -3.1194957420132827e-6
8.924999999999999 -2.9328637395898057e-6
9.075 -4.9521810639356015e-6
9.225 -2.8884509207668056e-6
9.375 -3.6910040873866155e-6
9.525 -5.101020876161668e-6
9.674999999999999 -3.8010700245955603e-6
9.825 -2.417564252431043e-6
9.975 -1.8214726823051439e-6
10.125 -2.7295816743048475e-6
10.275 -1.948435322704785e-6
10.424999999999999 -2.6488575091662066e-6
10.575 -3.742144549762377e-6
10.725 -3.90347705477953e-6
10.875 -3.2985848143558257e-6
11.025 -3.987616996147996e-6
11.174999999999999 -2.2425123203354106e-6
11.325 -9.69754198830744e-7
11.475 -3.5702245359110838e-6
11.625 -2.8888763780718424e-6
11.775 -1.6968836775293104e-6
11.924999999999999 -3.2595988395565424e-6
12.075 -2.843407317301793e-6
12.225 -1.4156687164494142e-6
12.375 -2.8657974089916774e-6
12.525 -4.845382643571966e-6
12.674999999999999 -1.6879788982942293e-6
12.825 -6.639036770531134e-6
12.975 -4.202681345147134e-6
13.125 -4.2329913781784095e-6
13.275 -8.965207853260414e-7
13.424999999999999 -3.4837114720347943e-6
13.575 -2.6334172117446338e-6
13.725 -3.422525118463907e-6
13.875 -3.3510628547636253e-6
14.025 -1.1920949775104725e-6
14.174999999999999 -3.999233016406934e-6
14.325 -2.3031809387236193e-6
14.475 -4.8202202438223825e-6
14.625 -5.320867248002831e-6
14.774999999999999 -4.964446728507564e-6
14.924999999999999 -1.649524630003261e-6
