0.05 0.049506613478899855
0.15000000000000002 0.0815398359457484
0.25 0.09900156381571033
0.35000000000000003 0.07952671503957784
0.45 0.050259307669604084
0.55 0.0903720462543992
0.65 0.024795069462807396
0.75 0.028256294333151452
0.8500000000000001 0.07216192968649915
0.9500000000000001 0.04024467569281265
1.05 0.052171196501093406
1.1500000000000001 0.027537286285922155
1.25 0.025300118456180052
1.35 0.002601631771764331
1.4500000000000002 0.003158196956646569
1.55 -0.0025738404218938428
1.6500000000000001 -0.019947831635046633
1.75 -0.03453913754342939
1.85 -0.0568233641620606
1.9500000000000002 -0.05023632197078201
2.0500000000000003 -0.10314511679234872
2.15 -0.07547598650278861
2.25 -0.10669538346287105
2.35 -0.13372412529767358
2.45 -0.11869847523163347
2.5500000000000003 -0.08150098260966294
2.6500000000000004 -0.08501772725611316
2.75 -0.07132304515761556
2.85 -0.044741846363603746
2.95 -0.06877320269193606
3.0500000000000003 -0.049340032359703655
3.1500000000000004 -0.075565626394754
3.25 -0.12586752914224109
3.35 -0.11736794361872863
3.45 -0.14443254817987153
3.5500000000000003 -0.1180383415069104
3.6500000000000004 -0.09405648340347737
3.75 -0.11696924786958132
3.85 -0.13423983798640243
3.95 -0.0765178261108164
4.05 -0.08210124439482072
4.15 -0.08068654019873532
4.25 -0.1293862379283974
4.3500000000000005 -0.06847105215988529
4.45 -0.10971213533332161
4.55 -0.13097776943681436
4.65 -0.0992224592307163
4.75 -0.09623922469639125
4.8500000000000005 -0.08084014539712825
4.95 -0.03802262420890019
5.050000000000001 -0.07452328341108111
5.15 -0.07597357440890125
5.25 -0.039406382825444855
5.3500000000000005 -0.01167739823202008
5.45 -0.03070517329885735
5.550000000000001 -0.03878075651854572
5.65 0.01858856005879506
5.75 -0.04855207685396365
5.8500000000000005 -0.027106931680558524
5.95 -0.001493770099994728
6.050000000000001 0.00986299404633814
6.15 -0.008477686435701702
6.25 -0.023678384840166475
6.3500000000000005 -0.012091605169247826
6.45 0.0014004391500544615
6.550000000000001 0.051384922651062565
6.65 0.03327388535031847
6.75 0.09667151535894583
6.8500000000000005 0.08305602716468591
6.95 0.07636728549924737
7.050000000000001 0.06377972056540566
7.15 0.061112488635424414
7.25 0.04942076034474235
7.3500000000000005 0.0318372469368209
7.45 0.05840262030738221
7.550000000000001 0.06726384364820846
7.65 0.04565686980428094
7.75 0.019774744381585094
7.8500000000000005 -0.014446174191064464
7.95 -0.0024701383954251685
8.05 -0.035826164390096525
8.15 -0.04260310013630456
8.25 -0.03116657553632884
8.35 -0.04074448319697513
8.450000000000001 -0.07228463247488813
8.55 -0.056210851704221916
8.65 -0.07008954454680152
8.75 -0.10883328308712692
8.85 -0.09809687168177735
8.950000000000001 -0.13165117894110254
9.05 -0.20107221596586675
9.15 -0.19093475012452266
9.25 -0.20867936413214647
9.35 -0.19296344581209895
9.450000000000001 -0.2559716599190283
9.55 -0.25536807332318556
9.65 -0.2686189683860233
9.75 -0.3130674826221439
9.850000000000001 -0.2765012385752114
9.950000000000001 -0.29615195562109403
