# block  <P>
1 0.0
2 0.7145367589812095
3 0.5136888888888894
4 0.28063048063048074
5 0.20517260517260372
6 0.05477777777778213
7 -0.00526140526140427
8 0.12308888888889034
9 0.3539999999999976
10 0.4441780441780461
11 0.2402444444444435
12 0.41139999999999716
13 0.4973248973248992
14 0.46193333333333597
15 0.5974444444444434
16 0.6838222222222178
17 0.7911911911911885
18 0.844933333333329
19 0.828879982186591
20 0.9008666666666664
21 0.867777777777777
22 0.8814000000000013
23 0.8744888888888886
24 0.8589777777777803
25 0.843266666666669
26 0.8823111111111175
27 0.8781111111111077
28 0.882422222222221
29 0.8705072705072704
30 0.8836444444444421
31 0.8877111111111126
32 0.860511111111113
33 0.8788666666666701
34 0.8699111111111097
35 0.8790888888888891
36 0.8715333333333272
37 0.8608386163941695
38 0.8970444444444506
39 0.8872666666666655
40 0.8664222222222182
41 0.8820598376153916
42 0.8510378510378558
43 0.8631999999999972
44 0.8681289464938502
45 0.8947718947718933
46 0.8931555555555528
47 0.8655555555555479
48 0.8757020757020684
49 0.8718888888888842
50 0.8898222222222236
51 0.8771894771894745
52 0.8610666666666674
53 0.9051273495717943
54 0.8760794760794824
55 0.8854444444444494
56 0.8645999999999964
57 0.8751862974085169
58 0.8921555555555521
59 0.9071555555555486
60 0.8892444444444465
61 0.8969111111111068
62 0.856111111111109
63 0.8938271604938308
64 0.8890666666666646
65 0.862377777777773
66 0.8830163496830259
67 0.8955555555555604
68 0.8684666666666716
69 0.8907111111111123
70 0.8748222222222144
71 0.8555555555555556
72 0.8704888888888815
73 0.8574888888888995
74 0.8786119452786089
75 0.8816371927483067
76 0.8911310911310915
77 0.862688888888893
78 0.88911111111112
79 0.8746000000000063
80 0.8891111111111121
81 0.8705111111111118
82 0.8829111111111069
83 0.8894888888888849
84 0.8660450660450612
85 0.8619777777777697
86 0.8890222222222275
87 0.8834666666666705
88 0.8774000000000097
89 0.8737484737484791
90 0.8957999999999983
91 0.8695777777777719
92 0.8758888888888926
93 0.8847999999999911
94 0.9100888888888792
95 0.8721555555555578
96 0.8752666666666702
97 0.8858222222222217
98 0.8552888888888842
99 0.8596141051230854
100 0.8854478854478878
101 0.8649555555555564
102 0.8683400267737597
103 0.8849150849150914
104 0.8655333333333327
105 0.8785333333333334
106 0.8447330447330409
107 0.8717111111111101
108 0.8699999999999934
109 0.8769436102769389
110 0.8706888888888928
111 0.8740888888888899
112 0.8801198801198763
113 0.872394272394269
114 0.8746888888888782
115 0.8814666666666623
116 0.8857111111111166
117 0.8939504939504904
118 0.8679568457346157
119 0.8653555555555495
120 0.8859777777777716
121 0.8901333333333383
122 0.8760888888888875
123 0.875177777777779
124 0.9050606161717233
125 0.8990666666666709
126 0.868755555555553
127 0.8944000000000042
128 0.8935333333333334
129 0.8923333333333311
130 0.9026137248359454
131 0.8892222222222271
132 0.8889555555555497
133 0.8740888888888831
134 0.8702444444444462
135 0.8852000000000071
136 0.8517406295184077
137 0.8938494049605018
138 0.8988933156263802
139 0.8960293626960284
140 0.8861333333333388
141 0.9006234691605381
142 0.8838888888888925
143 0.8982666666666671
144 0.8862888888888795
145 0.8882222222222105
146 0.8614274614274691
147 0.9072000000000031
148 0.8837555555555556
149 0.8861333333333324
150 0.8823045267489734
151 0.876876876876882
152 0.8744744744744746
153 0.8882444444444445
154 0.8700222222222175
155 0.872022222222226
156 0.8561895228561883
157 0.8897111111111057
158 0.8876666666666724
159 0.8722610722610701
160 0.874844444444448
161 0.8876222222222176
162 0.8819555555555597
163 0.8867999999999979
164 0.8801333333333321
165 0.884755555555557
166 0.8777111111111109
167 0.8719502719502746
168 0.8753777777777774
169 0.8858191524858158
170 0.8709111111111113
171 0.8813186813186785
172 0.8707596485374345
173 0.8802222222222288
174 0.8783999999999992
175 0.8771777777777789
176 0.8723777777777774
177 0.9009777777777721
178 0.8749777777777751
179 0.8824888888888811
180 0.8833777777777735
181 0.8875111111111054
182 0.8696385007762257
183 0.850844444444445
184 0.860577777777789
185 0.8900222222222229
186 0.876801951652256
187 0.8775890775890745
188 0.8675564453342199
189 0.8845555555555596
190 0.8831777777777771
191 0.8939777777777795
192 0.8844800712536185
193 0.8815333333333307
194 0.8625999999999945
195 0.9111333555778027
196 0.8684888888888879
197 0.8781555555555599
198 0.8715777777777726
199 0.8873777777777707
200 0.9042444444444475
201 0.8862444444444428
202 0.8443111111111029
203 0.8906479625918544
204 0.866688888888884
205 0.8570444444444408
206 0.8800888888888877
207 0.8889777777777793
208 0.881688888888888
