# k values and corresponding S(k) [pure estimator]
0.0 68.39926746571743
0.06981317007977318 0.5715032250808398
0.13962634015954636 0.712843409962582
0.20943951023931956 0.8050643073809358
0.2792526803190927 0.8758114966372624
0.3490658503988659 0.8863750172018986
0.4188790204786391 0.9050581625500047
0.4886921905584123 0.934239515262391
0.5585053606381855 0.9217718599405659
0.6283185307179586 0.9566142809147725
0.6981317007977318 0.9613213998934589
0.767944870877505 0.9749248046066595
0.8377580409572782 0.9737503790523856
0.9075712110370514 0.9719188459551074
0.9773843811168246 0.9618981220131839
1.0471975511965976 0.9613516526067053
1.117010721276371 0.9804021443363673
1.1868238913561442 0.9723982734191996
1.2566370614359172 0.9840580080243909
1.3264502315156905 0.9779015179576283
1.3962634015954636 0.9876062249799163
1.4660765716752369 0.9681597867311763
1.53588974175501 0.9777783033584679
1.6057029118347832 0.9651871120604942
1.6755160819145565 0.9782430645957453
1.7453292519943295 1.008000814885342
1.8151424220741028 0.9729243745205092
1.8849555921538759 1.0115529107974368
1.9547687622336491 0.9851240759604539
2.0245819323134224 1.0035089675771809
2.0943951023931953 0.9923508301196553
2.1642082724729685 0.9852583708864278
2.234021442552742 0.9856976331159492
2.303834612632515 0.9847505704962592
2.3736477827122884 0.987347200141547
2.443460952792061 0.9764619514079107
2.5132741228718345 0.9669604641687836
2.5830872929516078 0.9787260701720252
2.652900463031381 0.9865126254779615
2.722713633111154 0.9837870011899962
2.792526803190927 0.9980881253013429
2.8623399732707004 0.9783355015174754
2.9321531433504737 0.9605232094452579
3.001966313430247 0.991726338705286
3.07177948351002 0.9851373424896768
3.141592653589793 0.9963119879640362
3.2114058236695664 0.9943933293185266
3.2812189937493397 0.9774272512530453
3.351032163829113 0.9945680495611927
3.420845333908886 0.9805485027183498
3.490658503988659 0.9809088887386669
3.5604716740684323 0.9867257575907752
3.6302848441482056 0.9636082915535018
3.7000980142279785 0.9970125671983288
3.7699111843077517 0.984728452866131
3.839724354387525 0.9883869441075271
3.9095375244672983 1.024848420535305
3.9793506945470716 0.9493009475326294
4.049163864626845 0.9970099680564619
4.118977034706618 0.985852137781658
4.1887902047863905 0.9793004393765036
4.258603374866164 0.9683264732014294
4.328416544945937 0.9721343846155157
4.39822971502571 0.9839730934220655
4.468042885105484 0.9965627500163895
4.537856055185257 1.0122656188870607
4.60766922526503 0.9558113208904826
4.6774823953448035 0.9846440365081791
4.747295565424577 0.9780525643364857
4.817108735504349 0.9835206028495757
4.886921905584122 0.9958669268037101
4.956735075663896 0.9899241711027008
5.026548245743669 1.0051924327192234
5.096361415823442 0.9681298369507402
5.1661745859032155 0.995815279097513
