# P_value  count
-1.0 0.0
-0.9666666666666667 0.0
-0.9333333333333333 0.0
-0.9 0.0
-0.8666666666666667 0.0
-0.8333333333333334 0.0
-0.8 0.0
-0.7666666666666667 0.0
-0.7333333333333333 23.0
-0.7 0.0
-0.6666666666666666 0.0
-0.6333333333333333 73.0
-0.6 65.0
-0.5666666666666667 177.0
-0.5333333333333333 212.0
-0.5 461.0
-0.4666666666666667 502.0
-0.43333333333333335 1061.0
-0.4 1383.0
-0.36666666666666664 1839.0
-0.3333333333333333 3097.0
-0.3 4111.0
-0.26666666666666666 5437.0
-0.23333333333333334 6712.0
-0.2 8336.0
-0.16666666666666666 9526.0
-0.13333333333333333 10683.0
-0.1 12563.0
-0.06666666666666667 13627.0
-0.03333333333333333 14415.0
0.0 15157.0
0.03333333333333333 14180.0
0.06666666666666667 13276.0
0.1 12627.0
0.13333333333333333 11633.0
0.16666666666666666 9890.0
0.2 8392.0
0.23333333333333334 7192.0
0.26666666666666666 5478.0
0.3 4185.0
0.3333333333333333 2682.0
0.36666666666666664 2541.0
0.4 1439.0
0.43333333333333335 1068.0
0.4666666666666667 681.0
0.5 332.0
0.5333333333333333 313.0
0.5666666666666667 149.0
0.6 2.0
0.6333333333333333 32.0
0.6666666666666666 26.0
0.7 28.0
0.7333333333333333 0.0
0.7666666666666667 0.0
0.8 0.0
0.8333333333333334 0.0
0.8666666666666667 0.0
0.9 0.0
0.9333333333333333 0.0
0.9666666666666667 0.0
1.0 0.0
