# block  <P^2>
1 0.0
2 0.6957476543209865
3 0.7382261728395103
4 0.7391743209876506
5 0.7624592691259376
6 0.6873767901234554
7 0.7702622222222248
8 0.7550518518518409
9 0.7572093827160515
10 0.7462311694410461
11 0.732622222222221
12 0.7545402469135852
13 0.7602577777777789
14 0.7779898416935428
15 0.7290831572313041
16 0.7621866666666615
17 0.7214424691357942
18 0.7377738271604903
19 0.7529634567901228
20 0.754725925925926
21 0.7618997530864159
22 0.7348646415313113
23 0.7560365432098753
24 0.7471614804948138
25 0.7842251851851914
26 0.7441294507961175
27 0.7469595061728438
28 0.7926083950617288
29 0.7698177777777758
30 0.7655218855218843
31 0.7464434567901183
32 0.7368725925925994
33 0.7323861728395098
34 0.761299259259254
35 0.7740701234567788
36 0.7265234567901223
37 0.7283940730854193
38 0.7801135802469117
39 0.7494157364283763
40 0.7637604938271597
41 0.7641412345679004
42 0.7413870080536703
43 0.725871604938276
44 0.7568661728394989
45 0.7637871604938211
46 0.7655670485300119
47 0.7365101234567965
48 0.7625555555555514
49 0.7698053609164667
50 0.7220187654320913
51 0.7378113580246949
52 0.7504197530864138
53 0.7467555555555533
54 0.74811361478029
55 0.7391416107465467
56 0.7723757723757682
57 0.7039308641975343
58 0.7618266666666633
59 0.7387920987654245
60 0.7418247877507095
61 0.8063659259259205
62 0.7378281985689447
63 0.7625037037036982
64 0.7385777777777728
65 0.7669125916039411
66 0.7511625205452229
67 0.7345262145262177
68 0.7216324416324348
69 0.7384146717480078
70 0.747343209876543
71 0.7480297480297439
72 0.7599965432098736
73 0.7704246913580243
74 0.6880529912628649
75 0.7623762962962949
76 0.7392523456790051
77 0.7259031871377575
78 0.7750234950234927
79 0.7579738271604917
80 0.733994567901235
81 0.7405603133998218
82 0.7310874074074091
83 0.7519580246913578
84 0.7576079012345655
85 0.6951402469135849
86 0.7483520987654338
87 0.7647593272284576
88 0.78917234567901
89 0.7794795593997148
90 0.7561096296296265
91 0.7820342620342635
92 0.7707209876543186
93 0.7898585004757805
94 0.7073061728395014
95 0.7374095082737013
96 0.7045595061728445
97 0.7596558024691323
98 0.6772903703703687
99 0.7524962962962987
100 0.7528632098765424
101 0.7458248371828592
102 0.7739037037036998
103 0.7226730864197531
104 0.7379975850767548
105 0.7590716049382736
106 0.7839721202684127
107 0.7836809876543116
108 0.74208444444445
109 0.7321896296296273
110 0.7347807407407375
111 0.7412434567901311
112 0.7593702344319566
113 0.767929410892376
114 0.7367708641975288
115 0.7724578899887543
116 0.7535545935545942
117 0.7400064197530875
118 0.7507199999999978
119 0.7413160493827156
120 0.7208966080308715
121 0.7448972839506112
122 0.7245274074074132
123 0.7578740740740733
124 0.7583367901234611
125 0.7084862640418131
126 0.7413940740740784
127 0.7792513501155423
128 0.7774574574574575
129 0.7473129339795987
130 0.7335545679012367
131 0.7703125925925978
132 0.701279551156088
133 0.7613155555555486
134 0.7153706793212935
135 0.7185353254489077
136 0.7475555555555462
137 0.7531753086419618
138 0.7342953086419767
139 0.7163402469135798
140 0.7235703703703666
141 0.7291893291893328
142 0.7628849382716062
143 0.7247932314599002
144 0.7574947787293447
145 0.755364444444446
146 0.7767190833857495
147 0.7557099690433035
148 0.7395113632150677
149 0.7916948148148043
150 0.7737960493827114
151 0.7635323456790104
152 0.7511446913580235
153 0.7708306172839533
154 0.7248627160493759
155 0.675732345679021
156 0.7734034567901138
157 0.7530039506172835
158 0.7622903703703664
159 0.7602958024691314
160 0.7655856790123409
161 0.7432854320987677
162 0.7142100124816129
163 0.7188883950617289
164 0.7346548148148074
165 0.7126972839506138
166 0.7508205374872047
167 0.7566770370370361
168 0.7739861728395038
169 0.7211627878294599
170 0.7798842128701776
171 0.7875940740740657
172 0.7518888888888885
173 0.756993580246912
174 0.7750004938271662
175 0.7582899499231444
176 0.7739012345678948
177 0.7352977669027051
178 0.7554646913580246
179 0.7138795061728418
180 0.7545308641975315
181 0.6811916049382711
182 0.7298982716049348
183 0.7535288888888844
184 0.7718933333333338
185 0.7420835954169318
186 0.7679234567901216
187 0.7872606405939723
188 0.7417723456790103
189 0.7293432098765459
190 0.723368800899664
191 0.7279990123456703
192 0.7461560493827234
193 0.7922109764085052
194 0.7871372607175008
195 0.7291476543209876
196 0.7500653014957755
197 0.747996049382713
198 0.7334632098765459
199 0.7228004938271568
200 0.7748420024963207
201 0.7193797530864289
202 0.7053275497719886
203 0.6973180246913594
204 0.7242666666666714
205 0.70739851851851
206 0.754477037037031
207 0.7300064197530924
208 0.6694808388635528
