# r  Cs(r) [pure estimator]
0.05 -1.1893900997267386e-5
0.15000000000000002 -5.572994150251952e-6
0.25 -6.4499977141425294e-6
0.35000000000000003 -2.3491610973939746e-6
0.45 -5.819661917028629e-6
0.55 -7.6747325413956e-6
0.65 -6.768596936596292e-6
0.75 -7.253560915570703e-6
0.8500000000000001 -5.349580827097943e-6
0.9500000000000001 -5.931922598161167e-6
1.05 -8.810871306325067e-6
1.1500000000000001 -3.7376581821794807e-6
1.25 -4.525609001070705e-6
1.35 -2.6472189503990764e-6
1.4500000000000002 -7.774109755283218e-6
1.55 -5.5473174000832445e-6
1.6500000000000001 -8.535942297383524e-6
1.75 -2.951236398347482e-6
1.85 -1.0001146948564694e-6
1.9500000000000002 -7.0738687608052195e-6
2.0500000000000003 -7.18948048541257e-6
2.15 -4.247269102061389e-6
2.25 -6.868496775491977e-6
2.35 -1.1119973017959143e-5
2.45 -2.1958145525623766e-6
2.5500000000000003 -2.7076832975320674e-6
2.6500000000000004 -1.6333984385891834e-6
2.75 -1.1255795937284477e-5
2.85 -6.508836628764473e-6
2.95 -1.3560178829724262e-5
3.0500000000000003 -7.497806221607132e-6
3.1500000000000004 -8.809854636724457e-6
3.25 -4.244738932259505e-6
3.35 -3.7949201033821284e-6
3.45 -3.752809554965146e-6
3.5500000000000003 -3.489069373989334e-6
3.6500000000000004 -8.485394867508133e-6
3.75 -4.4422781167211135e-6
3.85 -4.728894463839531e-6
3.95 -8.953603941812792e-6
4.05 -7.963982206066217e-6
4.15 -1.652487815984553e-6
4.25 -5.687071287155703e-6
4.3500000000000005 -5.944212764421008e-6
4.45 -1.9085183991349005e-6
4.55 -7.541783698200949e-6
4.65 -1.9324816106408017e-6
4.75 -4.402940825408728e-6
4.8500000000000005 -3.844717582217582e-6
4.95 -7.4921680268991965e-6
5.050000000000001 -7.380449872234771e-6
5.15 -6.819737656035499e-6
5.25 -5.68687896424511e-6
5.3500000000000005 -4.9401455662382406e-6
5.45 -8.51307764927479e-6
5.550000000000001 -5.065300821908101e-6
5.65 -8.634891654237418e-6
5.75 -4.256074174789601e-6
5.8500000000000005 -7.071841600654344e-6
5.95 -5.851512917032696e-6
6.050000000000001 -9.720345670528373e-6
6.15 -9.624421436393104e-6
6.25 -5.417572651062023e-6
6.3500000000000005 -4.195241606692873e-6
6.45 -4.146881011470069e-6
6.550000000000001 -8.393625878872921e-6
6.65 -4.443683979515781e-6
6.75 -4.90850618431573e-6
6.8500000000000005 -5.158354582248738e-6
6.95 -9.938326641948218e-7
7.050000000000001 -4.407528869456219e-6
7.15 -5.121396031212338e-6
7.25 -8.396906223620783e-6
7.3500000000000005 -4.502569592731912e-6
7.45 -8.598220279033334e-6
7.550000000000001 -1.5901009959607585e-6
7.65 -5.420566414915458e-6
7.75 -6.032965350439481e-6
7.8500000000000005 -8.290991375573404e-6
7.95 -1.749851168182268e-6
8.05 -4.83010600089942e-6
8.15 -5.851328049179562e-6
8.25 -5.423888487921697e-6
8.35 -8.26480137107895e-6
8.450000000000001 -4.429461256666241e-6
8.55 -2.2227810801131303e-6
8.65 -6.260742743734566e-6
8.75 -9.705149029413303e-7
8.85 -4.303890048905138e-6
8.950000000000001 -6.520293131005539e-6
9.05 -2.9085985366048495e-6
9.15 -5.454096783714554e-6
9.25 -6.401060270848758e-6
9.35 -5.899303248248147e-6
9.450000000000001 -1.656693016949356e-6
9.55 -7.057464642909641e-6
9.65 -6.47251000388302e-6
9.75 -7.016119292372255e-6
9.850000000000001 -6.559747128908262e-6
9.950000000000001 -4.861646618288907e-6
