block_size         error    difference      rel_diff
-------------------------------------------------------
       2  1.355006e-08  5.584599e-09  4.121457e-01
       4  1.913466e-08  7.855478e-09  4.105366e-01
       8  2.699014e-08  1.099248e-08  4.072777e-01
      16  3.798262e-08  1.523800e-08  4.011835e-01
      32  5.322062e-08  2.075285e-08  3.899401e-01
      64  7.397348e-08  2.739370e-08  3.703179e-01
     128  1.013672e-07  3.415265e-08  3.369202e-01
     256  1.355198e-07  3.848737e-08  2.839981e-01
     512  1.740072e-07  3.804564e-08  2.186440e-01
    1024  2.120528e-07  3.529909e-08  1.664636e-01
    2048  2.473519e-07  3.222094e-08  1.302635e-01
    4096  2.795729e-07  3.255818e-08  1.164569e-01
    8192  3.121310e-07  4.459045e-08  1.428581e-01
   16384  3.567215e-07  4.054349e-08  1.136559e-01
   32768  3.972650e-07  -4.747681e-09  1.195092e-02
   65536  3.925173e-07  -2.961269e-09  7.544303e-03
  131072  3.895560e-07           ---           ---
