block_size         error    difference      rel_diff
-------------------------------------------------------
       2  8.851616e-09  3.657899e-09  4.132464e-01
       4  1.250952e-08  5.159987e-09  4.124849e-01
       8  1.766950e-08  7.260885e-09  4.109275e-01
      16  2.493039e-08  1.016914e-08  4.079015e-01
      32  3.509953e-08  1.411984e-08  4.022800e-01
      64  4.921937e-08  1.929305e-08  3.919808e-01
     128  6.851241e-08  2.559404e-08  3.735680e-01
     256  9.410646e-08  3.220606e-08  3.422300e-01
     512  1.263125e-07  3.711154e-08  2.938073e-01
    1024  1.634241e-07  3.672435e-08  2.247181e-01
    2048  2.001484e-07  3.065256e-08  1.531492e-01
    4096  2.308010e-07  3.341138e-08  1.447627e-01
    8192  2.642123e-07  4.059662e-08  1.536515e-01
   16384  3.048090e-07  5.609839e-08  1.840444e-01
   32768  3.609073e-07  4.648272e-08  1.287941e-01
   65536  4.073901e-07  2.336061e-08  5.734213e-02
  131072  4.307507e-07           ---           ---
