0.15 0.8511318267419963
0.44999999999999996 0.878527306967985
0.75 0.8242372881355933
1.05 0.8626572504708098
1.3499999999999999 0.8754387947269303
1.65 0.9093258003766478
1.95 0.9370640301318267
2.25 0.9780470809792844
2.55 0.9154463276836158
2.85 0.934798493408663
3.15 0.9359453860640301
3.4499999999999997 0.9561261770244821
3.75 0.9980338983050847
4.05 0.9969039548022599
4.35 1.0198154425612054
4.6499999999999995 1.0692598870056498
4.95 1.0913634651600754
5.25 1.0902297551789077
5.55 1.048587570621469
5.85 1.0664048964218455
6.1499999999999995 1.0648173258003766
6.45 1.0378719397363465
6.75 0.9908003766478343
7.05 0.9674444444444444
7.35 0.9770376647834275
7.6499999999999995 0.9740790960451977
7.949999999999999 0.967060263653484
8.25 1.0338700564971752
8.549999999999999 1.0299227871939736
8.85 1.0493954802259886
9.15 1.104924670433145
9.45 1.0981619585687383
9.75 1.0482881355932203
10.049999999999999 0.9971939736346516
10.35 1.0218983050847457
10.65 1.0006497175141242
10.95 0.9947099811676083
11.25 1.0107363465160075
11.549999999999999 1.017111111111111
11.85 0.9742222222222222
12.15 0.9590188323917137
12.45 0.9505536723163842
12.75 0.9920715630885122
13.049999999999999 1.0500847457627118
13.35 1.0755291902071562
13.65 1.0550338983050846
13.95 1.036391713747646
14.25 1.0356252354048965
14.549999999999999 0.9923747645951035
14.85 1.0096120527306969
15.149999999999999 1.00884934086629
15.45 1.0011600753295669
15.75 0.9674971751412429
16.05 0.9445649717514124
16.349999999999998 0.9590094161958569
16.65 1.0255593220338983
16.95 1.0350922787193975
17.25 1.0303841807909604
17.55 1.0182485875706215
17.849999999999998 1.0609717514124293
18.15 1.0096064030131826
18.45 1.0288060263653485
18.75 1.0469209039548022
19.05 1.0083804143126176
19.349999999999998 0.9897043314500942
19.65 0.9870207156308851
19.95 0.9985122410546139
20.25 1.0046553672316385
20.55 1.0054764595103578
20.849999999999998 1.031598870056497
21.15 1.0136911487758946
21.45 0.924030131826742
21.75 0.9666346516007533
22.05 0.983653483992467
22.349999999999998 1.0180677966101694
22.65 0.994834274952919
22.95 1.013180790960452
23.25 0.9717664783427495
23.55 1.0207777777777778
23.849999999999998 1.0184030131826742
24.15 1.003587570621469
24.45 1.0075348399246704
24.75 1.0650790960451977
25.05 1.0375160075329566
25.349999999999998 1.0314199623352165
25.65 1.0455009416195857
25.95 1.1013483992467044
26.25 1.0091205273069679
26.55 1.0086101694915255
26.849999999999998 0.9902561205273069
27.15 0.9613333333333334
27.45 0.9480037664783427
27.75 0.9542881355932203
28.05 0.9957457627118644
28.349999999999998 0.9908418079096045
28.65 0.98669868173258
28.95 1.0135800376647834
29.25 0.9928681732580038
29.549999999999997 1.000271186440678
29.849999999999998 1.0135009416195857
