# k values and corresponding S(k) [pure estimator]
0.0 13.946825566848593
0.3141592653589793 0.9230866269581551
0.6283185307179586 0.9672897259737985
0.9424777960769379 0.9860757603606397
1.2566370614359172 1.0053930872406953
1.5707963267948966 0.9787918331911797
1.8849555921538759 0.9601597371259721
2.199114857512855 0.9707747843784829
2.5132741228718345 0.9792254245401488
2.827433388230814 1.0002197521677008
3.141592653589793 0.9798492827894337
3.4557519189487724 0.9672715306301721
3.7699111843077517 1.0351978981672736
4.084070449666731 1.0168454937443527
4.39822971502571 0.9887474795440273
4.71238898038469 1.0237948293127042
5.026548245743669 0.9695098018316939
5.340707511102648 0.9579525045912943
5.654866776461628 1.0007345555312601
5.969026041820607 0.9828737575365186
6.283185307179586 1.0390292246244777
6.5973445725385655 0.9838780076749322
6.911503837897545 0.9863302709526137
7.225663103256524 0.9801008976876983
7.5398223686155035 0.9654338392626823
7.853981633974483 0.967810943938443
8.168140899333462 0.9551705710367132
8.482300164692441 1.004370057202171
8.79645943005142 0.9876936152174939
9.1106186954104 0.9891902335019245
9.42477796076938 0.9749346153597301
9.738937226128359 0.9777184403477999
10.053096491487338 0.9775795938730115
10.367255756846317 1.0374557071249726
10.681415022205297 1.0016832748945832
10.995574287564276 0.9595106906171299
11.309733552923255 0.9916436489662543
11.623892818282235 0.9959364379601243
11.938052083641214 0.9919265555348964
12.252211349000193 0.9798059917708873
12.566370614359172 1.0215621915617914
12.880529879718152 0.9957962523892327
13.194689145077131 0.9995678157276862
13.50884841043611 1.0336619187549443
13.82300767579509 0.9819072048764492
14.137166941154069 1.0011809138766872
14.451326206513048 1.0112814341264802
14.765485471872028 0.9823927016234062
15.079644737231007 0.9657511035734844
15.393804002589986 0.9723825146611067
15.707963267948966 0.9845077232588557
16.022122533307943 1.0179929753922563
16.336281798666924 1.015032773343636
16.650441064025905 1.0095837023468406
16.964600329384883 0.9719920320304367
17.27875959474386 0.9999972333447346
17.59291886010284 0.9837942181547583
17.907078125461823 0.9806571811191823
18.2212373908208 1.0069517940051949
18.535396656179778 1.0434660163419365
18.84955592153876 0.9662152040321252
19.16371518689774 0.9943211921014189
19.477874452256717 0.9885692067395915
19.792033717615695 0.9958862079984737
20.106192982974676 0.98656882377505
20.420352248333657 1.0148106978690439
20.734511513692635 0.9829188586961455
21.048670779051612 1.0191359846674388
21.362830044410593 0.998594952684021
21.676989309769574 0.981490976921879
21.991148575128552 0.9923095596332763
22.30530784048753 0.9837114151611186
22.61946710584651 1.0019471593675344
22.93362637120549 0.9909153054174251
23.24778563656447 0.9977511030043631
