# P_value  count
-1.0 0.0
-0.975 0.0
-0.95 0.0
-0.925 0.0
-0.9 0.0
-0.875 0.0
-0.85 0.0
-0.825 0.0
-0.8 0.0
-0.775 0.0
-0.75 0.0
-0.725 0.0
-0.7 0.0
-0.675 0.0
-0.65 0.0
-0.625 0.0
-0.6 0.0
-0.575 0.0
-0.55 0.0
-0.525 0.0
-0.5 0.0
-0.475 0.0
-0.45 5.0
-0.425 2.0
-0.4 6.0
-0.375 41.0
-0.35 67.0
-0.325 153.0
-0.3 348.0
-0.275 740.0
-0.25 1250.0
-0.225 2066.0
-0.2 3242.0
-0.175 4820.0
-0.15 7336.0
-0.125 9696.0
-0.1 12268.0
-0.075 15044.0
-0.05 16602.0
-0.025 19248.0
0.0 20216.0
0.025 18648.0
0.05 17126.0
0.075 15716.0
0.1 12984.0
0.125 10192.0
0.15 7657.0
0.175 5316.0
0.2 3597.0
0.225 2116.0
0.25 1368.0
0.275 715.0
0.3 414.0
0.325 276.0
0.35 86.0
0.375 21.0
0.4 24.0
0.425 1.0
0.45 2.0
0.475 0.0
0.5 0.0
0.525 0.0
0.55 0.0
0.575 0.0
0.6 0.0
0.625 0.0
0.65 0.0
0.675 0.0
0.7 0.0
0.725 0.0
0.75 0.0
0.775 0.0
0.8 0.0
0.825 0.0
0.85 0.0
0.875 0.0
0.9 0.0
0.925 0.0
0.95 0.0
0.975 0.0
1.0 0.0
