# k values and corresponding S(k) [pure estimator]
0.0 0.8927862780512209
0.07853981633974483 0.9670074984835764
0.15707963267948966 0.9608467211114833
0.23561944901923448 0.9724581925045283
0.3141592653589793 0.9661741174214618
0.39269908169872414 0.9692299556187364
0.47123889803846897 0.9700064523899625
0.5497787143782138 0.9713222946900955
0.6283185307179586 0.9694656331511545
0.7068583470577035 0.9736562292493873
0.7853981633974483 0.9638663369047845
0.8639379797371931 0.9687155065067823
0.9424777960769379 0.9717232026747423
1.0210176124166828 0.9756435749819148
1.0995574287564276 0.9666212507680519
1.1780972450961724 0.9588389368963355
1.2566370614359172 0.9773116828393538
1.335176877775662 0.9590838010088687
1.413716694115407 0.969032406944533
1.4922565104551517 0.9699136097587636
1.5707963267948966 0.9630766904017004
1.6493361431346414 0.9688672738809939
1.7278759594743862 0.9741681642009691
1.806415775814131 0.9732123339495564
1.8849555921538759 0.9746544056206643
1.9634954084936207 0.9654868324395794
2.0420352248333655 0.967132612760389
2.1205750411731104 0.9762394874558853
2.199114857512855 0.9712365939581539
2.2776546738526 0.9711728746923967
2.356194490192345 0.9633992380957863
2.4347343065320897 0.9782701373217584
2.5132741228718345 0.9694534018383355
2.5918139392115793 0.9699533790488338
2.670353755551324 0.9671253861174084
2.748893571891069 0.9664147501834208
2.827433388230814 0.97229862497731
2.9059732045705586 0.9773302364177254
2.9845130209103035 0.973592559738089
3.0630528372500483 0.9760015530508391
3.141592653589793 0.9685291819035607
3.220132469929538 0.9741989201241765
3.2986722862692828 0.9674618308477975
3.3772121026090276 0.9691136332811752
3.4557519189487724 0.9760156937231982
3.5342917352885173 0.9739477656784695
3.612831551628262 0.9630070182725519
3.691371367968007 0.9735105941240028
3.7699111843077517 0.9704864931294679
3.8484510006474966 0.9759815424118359
3.9269908169872414 0.9691026345528614
4.005530633326986 0.9682054400341594
4.084070449666731 0.970568310566423
4.162610266006476 0.9672122963890918
4.241150082346221 0.972602132756793
4.319689898685965 0.9702757286843701
4.39822971502571 0.9754121525684769
4.476769531365456 0.9687115815010252
4.5553093477052 0.9766928829727021
4.633849164044944 0.9721806188969789
4.71238898038469 0.9737300674037118
4.790928796724435 0.9629025575650736
4.869468613064179 0.9685540542531095
4.948008429403924 0.9695116680251646
5.026548245743669 0.9583852739280294
5.105088062083414 0.9684939369117094
5.183627878423159 0.9752229989631801
5.262167694762903 0.9684427032887203
5.340707511102648 0.9653285422913782
5.419247327442394 0.9745951402414298
5.497787143782138 0.97901717752434
5.576326960121882 0.9721096481750361
5.654866776461628 0.9689375862005948
5.733406592801373 0.9626616717684555
5.811946409141117 0.9741717090983462
