# r  Cs(r) [pure estimator]
0.025 3.409741578095727e-5
0.07500000000000001 3.723792204416504e-5
0.125 4.3338969338360966e-5
0.17500000000000002 2.3345417705579135e-5
0.225 3.3847328418384715e-5
0.275 3.167285684467768e-5
0.325 4.529088736030588e-5
0.375 3.6577683879086586e-5
0.42500000000000004 4.528297595648439e-5
0.47500000000000003 3.815063010677841e-5
0.525 5.079640596896485e-5
0.5750000000000001 3.2104722719015326e-5
0.625 3.185978960109088e-5
0.675 4.041819095425296e-5
0.7250000000000001 4.022133694195835e-5
0.775 3.81860134987657e-5
0.8250000000000001 3.0197046408754067e-5
0.875 4.894939992760733e-5
0.925 4.474421242374139e-5
0.9750000000000001 2.9808123795268887e-5
1.0250000000000001 3.894612644099752e-5
1.075 4.1700095304919485e-5
1.125 4.306029810319338e-5
1.175 4.598243484119905e-5
1.225 3.282617180645773e-5
1.2750000000000001 3.3851683785800664e-5
1.3250000000000002 3.134547714632725e-5
1.375 4.61211976403433e-5
1.425 3.0767373397462796e-5
1.475 3.984076889026096e-5
1.5250000000000001 3.819228160190002e-5
1.5750000000000002 4.1299939169797526e-5
1.625 3.4101902120930025e-5
1.675 4.14469429076745e-5
1.725 1.9492944758658207e-5
1.7750000000000001 3.852379978569436e-5
1.8250000000000002 3.4738967456779116e-5
1.875 4.660852178846978e-5
1.925 3.2938668554947814e-5
1.975 2.9007197824569323e-5
2.025 4.489068211995887e-5
2.075 3.093830611600424e-5
2.125 2.823052071024885e-5
2.1750000000000003 2.6141834996134843e-5
2.225 4.431507323556117e-5
2.275 3.686228850155483e-5
2.325 3.455353823483665e-5
2.375 3.9465598368752736e-5
2.4250000000000003 3.4608128967941874e-5
2.475 3.153072225740623e-5
2.5250000000000004 4.0079771360828564e-5
2.575 3.9413981690634284e-5
2.625 2.959281708714018e-5
2.6750000000000003 2.6451343324247512e-5
2.725 3.284671965482588e-5
2.7750000000000004 4.941915145145741e-5
2.825 4.0075709788924974e-5
2.875 4.258865887789013e-5
2.9250000000000003 4.3843500876083577e-5
2.975 3.9908075507536575e-5
3.0250000000000004 3.563106328153337e-5
3.075 3.316092316187703e-5
3.125 5.1623581878335795e-5
3.1750000000000003 3.8388502599288786e-5
3.225 4.446906353241131e-5
3.2750000000000004 3.150716031266266e-5
3.325 3.577302027592028e-5
3.375 2.6912456424245793e-5
3.4250000000000003 3.42368795248428e-5
3.475 4.332926695534637e-5
3.5250000000000004 3.072050989061917e-5
3.575 3.622557110764263e-5
3.625 2.4667202062606884e-5
3.6750000000000003 4.471434419188078e-5
3.725 4.011909590864858e-5
3.7750000000000004 2.939668691630785e-5
3.825 3.6043412390544606e-5
3.875 3.571410181059239e-5
3.9250000000000003 2.7366928600591053e-5
3.975 3.58860201628943e-5
4.025 3.72503646035746e-5
4.075 3.9313088532131124e-5
4.125 3.28490825466766e-5
4.175 3.433244042606974e-5
4.2250000000000005 4.1047765873595786e-5
4.275 2.432069872349007e-5
4.325 3.0512153176691687e-5
4.375 3.0298680762914824e-5
4.425 3.196563206504747e-5
4.4750000000000005 3.530515665033655e-5
4.525 3.379174688318966e-5
4.575 4.3057953379409034e-5
4.625 2.0589968609410356e-5
4.675 3.830990976988022e-5
4.7250000000000005 2.654237029576967e-5
4.775 3.2080734697284934e-5
4.825 4.139432199008625e-5
4.875 3.4959685834911854e-5
4.925000000000001 4.270462286842565e-5
4.9750000000000005 4.564000640783538e-5
