# r  Cs(r) [pure estimator]
0.125 0.00028927719801617816
0.375 0.00028300689894339946
0.625 0.00028405050746074513
0.875 0.00028803103093750517
1.125 0.00028416827740536296
1.375 0.0002845594730314503
1.625 0.0002831377046818385
1.875 0.0002837616530482107
2.125 0.0002887281881107324
2.375 0.00028340561518314247
2.625 0.0002882156491581866
2.875 0.00028735533144541266
3.125 0.0002817334112287398
3.375 0.0002826419608187402
3.625 0.0002820818750990231
3.875 0.00028627717734506613
4.125 0.00028171745324805954
4.375 0.00028353114522290283
4.625 0.0002842647328234414
4.875 0.000279901970340331
5.125 0.00027834079005951875
5.375 0.00028092220432628253
5.625 0.00027800490717253137
5.875 0.0002787299960140218
6.125 0.00027989278492042397
6.375 0.00028150263926570156
6.625 0.0002806017464149849
6.875 0.00027998284457796563
7.125 0.0002840718036116406
7.375 0.00027686935670915544
7.625 0.0002794653559642281
7.875 0.00028163991954215073
8.125 0.00028366785195516666
8.375 0.00027836777407196263
8.625 0.0002782299334980928
8.875 0.0002773918634676828
9.125 0.0002807406046545976
9.375 0.00027800617474227465
9.625 0.00028405479278554647
9.875 0.0002791890446682838
10.125 0.000279415084604769
10.375 0.00027530666355229716
10.625 0.00027996248607385096
10.875 0.0002815198081012465
11.125 0.00028095155535074503
11.375 0.0002805432110389865
11.625 0.0002768176703856817
11.875 0.00028156674457851817
12.125 0.0002826912316892638
12.375 0.00028032909058632046
12.625 0.00027577818164371506
12.875 0.0002790199409063119
13.125 0.0002803492693899645
13.375 0.00028005875194446776
13.625 0.000275995438681505
13.875 0.0002790997407572692
14.125 0.0002799667429657167
14.375 0.0002755438013222029
14.625 0.0002756595356418683
14.875 0.0002846247565985159
15.125 0.0002782557684602898
15.375 0.00027940439701888795
15.625 0.0002811862419651034
15.875 0.00028125918128278735
16.125 0.000281396692588669
16.375 0.0002828542302127156
16.625 0.0002738380074110837
16.875 0.0002774704203839782
17.125 0.0002787225244487535
17.375 0.0002774656173005997
17.625 0.0002806399351034106
17.875 0.000279209005996419
18.125 0.0002819052527915656
18.375 0.0002786128622502169
18.625 0.0002790232832639887
18.875 0.000277857553036061
19.125 0.00027608576595037336
19.375 0.0002801887020134199
19.625 0.00028006840970395497
19.875 0.0002782918674505642
20.125 0.0002781160176358351
20.375 0.00027803134795930263
20.625 0.00027853778999333115
20.875 0.0002831395455593664
21.125 0.0002742865623003402
21.375 0.00027590543619224336
21.625 0.00027931923656039534
21.875 0.00027935233697398666
22.125 0.00027631343721983877
22.375 0.00027764308176595354
22.625 0.0002807659532658848
22.875 0.0002744985281874584
23.125 0.0002705323570254804
23.375 0.00028023168896383925
23.625 0.00027514219063469204
23.875 0.0002781175974075757
24.125 0.0002791074431348342
24.375 0.00027595673707779664
24.625 0.0002747461231383068
24.875 0.00027688459227372255
