# P_value  count
-1.0 0.0
-0.96 0.0
-0.92 266.0
-0.88 438.0
-0.84 2197.0
-0.8 3176.0
-0.76 7289.0
-0.72 10410.0
-0.68 13678.0
-0.64 19903.0
-0.6 21335.0
-0.56 21263.0
-0.52 19962.0
-0.48 17355.0
-0.44 14993.0
-0.4 12082.0
-0.36 10050.0
-0.32 7211.0
-0.28 5599.0
-0.24 3904.0
-0.2 2922.0
-0.16 2015.0
-0.12 1487.0
-0.08 1052.0
-0.04 822.0
0.0 1653.0
0.04 587.0
0.08 344.0
0.12 425.0
0.16 335.0
0.2 312.0
0.24 268.0
0.28 332.0
0.32 377.0
0.36 552.0
0.4 638.0
0.44 675.0
0.48 858.0
0.52 711.0
0.56 772.0
0.6 1330.0
0.64 1082.0
0.68 826.0
0.72 260.0
0.76 395.0
0.8 105.0
0.84 0.0
0.88 0.0
0.92 0.0
0.96 0.0
1.0 0.0
