block_size         error    difference      rel_diff
-------------------------------------------------------
       2  2.833468e-07  1.173646e-07  4.142084e-01
       4  4.007114e-07  1.659768e-07  4.142053e-01
       8  5.666882e-07  2.347212e-07  4.141981e-01
      16  8.014094e-07  3.319310e-07  4.141841e-01
      32  1.133340e-06  4.693818e-07  4.141578e-01
      64  1.602722e-06  6.636816e-07  4.140964e-01
     128  2.266404e-06  9.382777e-07  4.139941e-01
     256  3.204682e-06  1.326294e-06  4.138614e-01
     512  4.530976e-06  1.873667e-06  4.135240e-01
    1024  6.404643e-06  2.646250e-06  4.131769e-01
    2048  9.050893e-06  3.729384e-06  4.120459e-01
    4096  1.278028e-05  5.248971e-06  4.107087e-01
    8192  1.802925e-05  7.269102e-06  4.031839e-01
   16384  2.529835e-05  9.796029e-06  3.872201e-01
   32768  3.509438e-05  1.179730e-05  3.361593e-01
   65536  4.689168e-05  1.318773e-05  2.812381e-01
  131072  6.007941e-05           ---           ---
