# k values and corresponding S(k) [pure estimator]
0.0 23.931591804000124
0.10471975511965977 0.9266810537311119
0.20943951023931953 0.9050415696064223
0.3141592653589793 0.9530336248438023
0.41887902047863906 0.9480785545068192
0.5235987755982988 0.9847225526400007
0.6283185307179586 0.9570280730698696
0.7330382858376183 0.9412071371036588
0.8377580409572781 0.967096940752563
0.9424777960769379 0.9728688530089589
1.0471975511965976 0.9710234107947002
1.1519173063162573 0.9856686261756464
1.2566370614359172 0.9795033248049416
1.361356816555577 0.9830831659561308
1.4660765716752366 0.9937155605964102
1.5707963267948966 0.9819340850807092
1.6755160819145563 0.9702364150863473
1.780235837034216 0.9645261304155367
1.8849555921538759 0.9792979715405553
1.9896753472735356 0.9860931074618827
2.0943951023931953 1.001582549756649
2.199114857512855 0.9877459392284206
2.3038346126325147 0.998553822032836
2.4085543677521746 1.0096383078453024
2.5132741228718345 0.9666790021628416
2.617993877991494 0.9773071187254316
2.722713633111154 0.9775747987884074
2.827433388230814 0.9934034491778267
2.9321531433504733 0.9945360545939187
3.036872898470133 0.9671377246596868
3.141592653589793 0.9668355266594926
3.2463124087094526 1.0029146097155512
3.3510321638291125 0.9801190670521241
3.4557519189487724 0.9910586915401562
3.560471674068432 0.9873126192436004
3.665191429188092 0.9826406924049389
3.7699111843077517 0.9926909576550139
3.874630939427411 1.0037888951659328
3.979350694547071 0.980601378111954
4.084070449666731 0.9622164962240052
4.1887902047863905 0.9886489069343257
4.29350995990605 0.9744795574553795
4.39822971502571 0.9901070774001764
4.50294947014537 0.9801475496616312
4.607669225265029 0.993902437117036
4.71238898038469 0.9778338946774644
4.817108735504349 1.0021862859557187
4.921828490624009 0.9876323646950608
5.026548245743669 0.9766300725607967
5.1312680008633285 0.9880727520132895
5.235987755982988 0.9865235685486187
5.340707511102648 0.9780050335917961
5.445427266222308 0.9898492584645404
5.550147021341967 0.9864117508728197
5.654866776461628 0.978435287251282
5.759586531581287 0.9912885775660019
5.864306286700947 1.0214508236926443
5.969026041820607 0.9945728476289961
6.073745796940266 0.9655182733136835
6.178465552059926 1.019377701472256
6.283185307179586 0.9822505021814562
6.387905062299246 1.0103661737143845
6.492624817418905 0.9778535997637653
6.5973445725385655 0.9901741766100021
6.702064327658225 0.9612121582567137
6.8067840827778845 0.9744467123368831
6.911503837897545 0.9763095348119436
7.016223593017204 1.010029483606843
7.120943348136864 0.973141852453848
7.225663103256524 0.9866857437114576
7.330382858376184 0.9608902222837817
7.435102613495843 0.9763235591843255
7.5398223686155035 0.978929946640094
7.644542123735163 0.9688077582745247
7.749261878854822 0.9734743611345233
