# block  <P^4>
1 0.0
2 0.13906546172839446
3 0.16175080759772348
4 0.3478248493827162
5 0.48817981234568414
6 0.36771216086345637
7 0.29048406913580443
8 0.4828503703703632
9 0.37020113446779784
10 0.2778613135802487
11 0.8396726716049356
12 0.6859028148148117
13 0.41762818765432685
14 0.3290325980301253
15 0.36617070617283726
16 0.42413141728395304
17 0.597761362962965
18 0.48193125925926666
19 0.38978111604938837
20 0.556259219753083
21 0.3366286617284003
22 0.3047591591591613
23 0.5500727506172807
24 0.29248207407407373
25 0.4579788641975239
26 0.3719434919221119
27 0.24149343209876706
28 0.4122402567901291
29 0.538871446913579
30 0.530982558024699
31 0.35083140740740576
32 0.35443855802468993
33 0.28232673166994465
34 0.25675288888888576
35 0.2945630566963885
36 0.3282910669577286
37 0.2712211358024693
38 0.24593021663639195
39 0.42973297777777864
40 0.32026323607557877
41 0.4322262320987615
42 0.430493615026952
43 0.3470379851851842
44 0.35149811358024463
45 0.22991915738581964
46 0.5053442952109644
47 0.27908760118142695
48 0.3298670120003466
49 0.4293371456790135
50 0.35762445432098844
51 0.2878598123456781
52 0.45491695802469173
53 0.2222389925925932
54 0.8673082074074074
55 0.3527754074074073
56 0.31432216413944736
57 0.2947214024691298
58 0.40319938765432023
59 0.5369340782674193
60 0.28794184691357794
61 0.48077801481481
62 0.2531282567901278
63 0.3687018864197572
64 0.4914313086419816
65 0.41826781234567956
66 0.33652618271604917
67 0.3994208987654273
68 0.29722964938271546
69 0.4766982320987627
70 0.274185125925928
71 0.31496592001183216
72 0.7678024691358003
73 0.41220361481481693
74 0.34520276325708665
75 0.6047718913580291
76 0.4564324740740676
77 0.527789135802473
78 0.8591880296296271
79 0.33477372839506536
80 0.26270583703704137
81 0.378572385185188
82 0.26520645925926023
83 0.36898889876543367
84 0.7873087407407396
85 0.40980533333333136
86 0.43291131131130534
87 0.35386238024690647
88 0.3992984296296259
89 0.2786814271061153
90 0.41172007252007375
91 0.5255274237200188
92 0.64936829629629
93 0.4132217086419772
94 0.29168997915664574
95 0.42164930370370923
96 0.26807034074074637
97 0.24414911604938516
98 0.3013340641975343
99 0.6289680890767374
100 0.36421459034792203
101 0.3435889382716041
102 0.3800557693495996
103 0.7747645037036941
104 0.3387213386225782
105 0.46303352098765704
106 0.3658332444444481
107 0.26662700246913235
108 0.2893056414439116
109 0.33669483456790344
110 0.3344324670349398
111 0.3117632000000029
112 0.41442366419753296
113 0.46270919506172437
114 0.44361621728394285
115 0.5076377283950602
116 0.495199664197531
117 0.34218762965429705
118 0.5807946469135851
119 0.5722307878071041
120 0.42623531851851587
121 0.7717772290809317
122 0.39359982222222273
123 0.2827999012345689
124 0.3951078716049409
125 0.36157783703703295
126 0.28344855308642225
127 0.5460953663620293
128 0.46727770994437484
129 0.5547939841075608
130 0.27055557530864155
131 0.733027644928879
132 0.4481745777777797
133 0.3477901234567847
134 0.38071681975308475
135 0.8071830320987656
136 0.2643015703703637
137 0.2818513777777766
138 0.38661287901234515
139 0.3480516390806338
140 0.3047615100948451
141 0.2926397234567898
142 0.3992533768336228
143 0.31754166913579907
144 0.7080977669027047
145 0.4739626737848951
146 0.4223974320987647
147 0.28939970370370166
148 0.3136896592592591
149 0.3832104691357983
150 0.4022718419753077
151 0.3364497488804773
152 0.36446338765432257
153 0.4214941432098724
154 0.19107604938271622
155 0.4392118123456792
156 0.35021840987654485
157 0.4482288049431942
158 0.31808881474067074
159 0.40839808395061916
160 0.25221451851852067
161 0.5932424691357985
162 0.3207933597266936
163 0.4140853925925877
164 0.3691687308642024
165 0.4096082452823236
166 0.39572448395061205
167 0.36426619259259485
168 0.4766577185185168
169 0.527216447749781
170 0.5416553679012323
171 0.19021812924035122
172 0.3660310913580234
173 0.3675902617283996
174 0.30252643950617775
175 0.4752918449313512
176 0.3255484246913578
177 0.5158432790123364
178 0.3734692519680204
179 0.6738206024691278
180 0.45970080000000346
181 0.5919293629629578
182 0.3252361086419731
183 0.231136685536689
184 0.38705216790123703
185 0.36772523456790324
186 0.35870865676055297
187 0.4054129975308662
188 0.42789266172839097
189 0.31771061728394745
190 0.2539585648919015
191 0.3743127703703714
192 0.29584055308642093
193 0.5140274172839499
194 0.28311375078782636
195 0.7178002370370324
196 0.5850439871970777
197 0.37431344197531136
198 0.33285131851851973
199 0.31721347160494034
200 0.4021073777777781
201 0.37377677037036644
202 0.6104041424140257
203 0.5277136987654354
204 0.3674217876543247
205 0.17040812027478489
206 0.2678330469135783
207 0.2776310518518559
208 0.31238168888889
