# block  <P^2>
1 0.0
2 0.11028000000000066
3 0.14951111111111162
4 0.1268622222222233
5 0.12277777777777822
6 0.18848444444444395
7 0.16303111111111207
8 0.11980444444444534
9 0.2159911111111095
10 0.1467866666666662
11 0.07609333333333343
12 0.10211111111111151
13 0.15698666666666625
14 0.10002666666666708
15 0.09470666666666715
16 0.138847818847819
17 0.15893777777777754
18 0.0927066666666669
19 0.1196000000000002
20 0.1294099309730584
21 0.1509733333333324
22 0.13739111111111113
23 0.09980444444444468
24 0.09741777777777813
25 0.11586222222222325
26 0.11760239760239818
27 0.13411111111111193
28 0.11625777777777759
29 0.14523111111111175
30 0.08171555555555629
31 0.09656444444444509
32 0.10339555555555573
33 0.14372000000000093
34 0.13136888888888912
35 0.1485111111111113
36 0.1256888888888893
37 0.16176621065509977
38 0.13601333333333343
39 0.2867111111111088
40 0.15956888888888873
41 0.15463555555555625
42 0.10860888888888938
43 0.1029155555555557
44 0.13116888888888933
45 0.11342666666666765
46 0.10620444444444517
47 0.07822222222222264
48 0.10273777777777836
49 0.09409777777777811
50 0.1608488888888895
51 0.11972444444444505
52 0.17901333333333225
53 0.10683555555555575
54 0.1377822222222228
55 0.12078666666666715
56 0.14398222222222237
57 0.09508000000000062
58 0.15374222222222164
59 0.19498279498279317
60 0.12141777777777751
61 0.12521777777777815
62 0.21021201021201094
63 0.12126222222222285
64 0.11449777777777795
65 0.16037370704037449
66 0.14211111111111188
67 0.1111422222222227
68 0.11035555555555572
69 0.13937333333333338
70 0.16106560106560158
71 0.08908000000000033
72 0.09388000000000023
73 0.08944888888888929
74 0.14951999999999918
75 0.29881333333333226
76 0.13443555555555545
77 0.09883111111111142
78 0.11293777777777797
79 0.15071555555555521
80 0.16356000000000137
81 0.14327999999999977
82 0.16269333333333172
83 0.16108000000000072
84 0.14651555555555662
85 0.12326222222222258
86 0.17528639750862032
87 0.12585636585636698
88 0.11669777777777862
89 0.09621333333333366
90 0.08457333333333343
91 0.11031111111111175
92 0.10185333333333346
93 0.10200444444444504
94 0.14899555555555563
95 0.13571111111111211
96 0.16116444444444464
97 0.24148444444444295
98 0.17547999999999983
99 0.1310088888888891
100 0.12255811366922487
101 0.11961333333333422
102 0.18474666666666698
103 0.1661377777777782
104 0.1685644444444435
105 0.19920888888888968
106 0.16690666666666687
107 0.18431999999999973
108 0.19929777777777813
109 0.16707818930041107
110 0.1525836948059164
111 0.15367999999999976
112 0.1072933333333336
113 0.14452444444444534
114 0.11341563786008305
115 0.13721777777777827
116 0.15665333333333495
117 0.16885777777777813
118 0.12936888888888978
119 0.1722222222222214
120 0.11628517406295218
121 0.10125777777777781
122 0.14923555555555568
123 0.2831288888888885
124 0.23006666666666767
125 0.21248000000000042
126 0.17182222222222257
127 0.19307359307359276
128 0.1229792429792434
129 0.11399555555555646
130 0.08190857524190905
131 0.09768888888888892
132 0.22202222222222046
133 0.14734666666666707
134 0.15864888888888767
135 0.12974222222222315
136 0.12564000000000017
137 0.15947607947608
138 0.1652888888888888
139 0.13694222222222216
140 0.10948281614948374
141 0.10269777777777858
142 0.09666666666666661
143 0.11331111111111153
144 0.142977777777778
145 0.13840952063174208
146 0.18052170052170233
147 0.19249777777777818
148 0.19103555555555435
149 0.17800444444444422
150 0.09640000000000062
151 0.09828444444444502
152 0.09147111111111182
153 0.1398444444444449
154 0.1716533333333325
155 0.19343555555555622
156 0.11616000000000108
157 0.10008888888888891
158 0.09146222222222262
159 0.08872444444444494
160 0.13702222222222318
161 0.2140622222222206
162 0.27488000000000007
163 0.1336044444444453
164 0.10749777777777794
165 0.16119111111111248
166 0.18297777777777774
167 0.09507555555555602
168 0.09424888888888903
169 0.10540444444444497
170 0.11936444444444486
171 0.10704888888888917
172 0.16007999999999953
173 0.18548888888888862
174 0.1611478144811478
175 0.18613333333333165
176 0.18307111111111188
177 0.12040888888888915
178 0.19622222222222097
179 0.18212444444444303
180 0.10841333333333397
181 0.1548577777777781
182 0.12155555555555557
183 0.16067555555555557
184 0.14316983650316997
185 0.13033777777777897
186 0.10811111111111163
187 0.09971111111111179
188 0.17769777777777757
189 0.10800000000000079
190 0.08817333333333367
191 0.09562222222222283
192 0.14932888888888907
193 0.17711111111111272
194 0.16026693360026725
195 0.16563999999999884
196 0.1355043932821718
197 0.16423999999999986
198 0.13956888888888846
199 0.08952063174285467
200 0.12265598932265637
201 0.08255555555555584
202 0.11275111111111161
203 0.15613333333333218
204 0.18691555555555603
205 0.1270000000000007
206 0.10040888888888978
207 0.14930666666666675
208 0.14512444444444506
