# block  <P>
1 0.0
2 -0.017900000000000013
3 0.038133333333332964
4 0.001733333333333281
5 -0.013500000000000017
6 0.004299999999999999
7 0.0006666666666666954
8 0.0009999999999999835
9 -0.01833333333333338
10 -0.0400666666666667
11 -0.013233333333333283
12 -0.02249999999999994
13 -0.041766666666666806
14 -0.024366666666666627
15 -0.020333333333333318
16 -0.03790000000000006
17 -0.011166666666666684
18 0.012300000000000026
19 0.04106666666666658
20 -0.019966666666666823
21 -0.009833333333333347
22 -0.033600000000000046
23 -0.006633333333333356
24 -0.01786666666666666
25 -0.0016000000000000207
26 -0.02578490313961264
27 -0.009433333333333304
28 -0.044778111444778106
29 -0.04743333333333343
30 -0.04720000000000005
31 0.0011333333333333443
32 -0.006133333333333369
33 0.001233333333333321
34 -0.011888111888111844
35 -0.00733333333333336
36 0.02713952713952732
37 0.011333333333333301
38 -0.011066666666666765
39 -0.003933333333333338
40 -0.016099999999999982
41 -0.01886666666666665
42 -0.056723390056723416
43 -0.06916666666666672
44 -0.014866666666666674
45 -0.009533333333333352
46 0.031302031302031276
47 0.02713333333333348
48 -0.039933333333333335
49 -0.03310000000000013
50 0.023099999999999923
51 0.036670003336669865
52 0.011366666666666652
53 0.01291291291291279
54 -0.02970000000000001
55 -0.0017333333333332996
56 -0.0094666666666667
57 0.03799999999999971
58 -0.031099999999999905
59 -0.02486666666666658
60 -0.04569999999999998
61 -0.052980352980353126
62 0.03036666666666665
63 0.05652318985652314
64 0.011900000000000027
65 0.009033333333333324
66 0.007700000000000005
67 -0.004300000000000003
68 0.007499999999999985
69 -0.008866666666666693
70 0.015615615615615638
71 -0.007440774107440767
72 0.0143
73 0.04485514485514485
74 0.016100000000000118
75 -0.03430000000000017
76 0.016282949616282936
77 0.028400000000000043
78 -0.051766666666666704
79 -0.053033333333333314
80 -0.01696666666666656
81 0.03969999999999983
82 0.00959999999999999
83 0.005266666666666701
84 -0.003800000000000009
85 -0.030100000000000123
86 0.0002999999999999886
87 -0.010210210210210213
88 -0.0589923256589925
89 -0.030000000000000047
90 0.02226666666666665
91 0.0557666666666666
92 0.03953333333333352
93 0.03573093573093579
94 -0.0011631771352608462
95 -0.031699999999999895
96 0.0007000000000000261
97 0.0087912087912088
98 0.020766666666666433
99 0.006699999999999961
100 0.0035666666666667145
101 0.017366666666666662
102 0.02946666666666671
103 -0.025166666666666636
104 -0.04076666666666668
105 0.035100000000000166
106 -0.04380000000000012
107 0.004395604395604407
108 -0.0010333333333333496
109 0.011900000000000025
110 -0.01106666666666651
111 0.016482781678368464
112 0.013300000000000011
113 0.03539793539793541
114 -0.008966666666666631
115 -0.0293999999999998
116 0.036333333333333356
117 0.0013333333333333348
118 0.0014666666666666526
119 -0.008533333333333322
120 0.00716666666666657
121 0.03910577243910582
122 0.014199999999999784
123 0.012321012321012247
124 -0.020233333333333353
125 -0.03953333333333368
126 0.0044666666666667
127 -0.01089999999999999
128 0.013100000000000014
129 0.009790209790209805
130 0.004099999999999969
131 -0.013633333333333332
132 -0.0028000000000000234
133 0.020966666666666668
134 0.02019999999999993
135 -0.004466666666666777
136 0.007266666666666686
137 -0.013233333333333434
138 -0.02083333333333322
139 0.04486666666666673
140 0.004976619906479623
141 0.0012666666666666902
142 -0.010666666666666715
143 -0.0008333333333331776
144 0.009033333333333282
145 -0.011566666666666715
146 -0.01186666666666664
147 -0.025833333333333177
148 -0.02423333333333332
149 0.027827827827827722
150 0.003400000000000028
151 -0.015263861055444233
152 -0.014466666666666659
153 0.007666666666666664
154 -0.022033333333333373
155 0.003833333333333295
156 -0.006866666666666679
157 -0.02789999999999992
158 -0.00800000000000002
159 0.0039000000000000003
160 0.0060000000000000045
161 -0.0022000000000000153
162 0.031000000000000145
163 -0.019833333333333307
164 -0.012733333333333286
165 -0.019399999999999865
166 -0.04730000000000011
167 -0.03193333333333324
168 -0.0006333333333333341
169 -0.011599999999999968
170 -0.010989010989010947
171 -0.0012666666666666954
172 0.01498501498501504
173 0.003099999999999994
174 -0.009300000000000006
175 0.03793333333333338
176 0.030033333333333315
177 -0.0004666666666666536
178 -0.027466666666666622
179 0.0016650016650017062
180 -0.03183333333333326
181 0.03036963036963034
182 0.019600000000000034
183 0.025266666666666722
184 0.013633333333333254
185 -0.0018999999999998755
186 -0.007166666666666735
187 -0.046699999999999915
188 0.02549999999999985
189 0.015384615384615372
190 0.008891108891108862
191 0.019619619619619572
192 -0.0021666666666666154
193 0.007366666666666664
194 -0.039200000000000096
195 -0.002566666666666714
196 -0.041799999999999976
197 -0.025141525141525213
198 -0.0026666666666665976
199 -0.02596666666666667
200 -0.057066666666666856
201 -0.030133333333333238
202 -0.022800000000000032
203 -0.0359333333333333
204 0.03816666666666679
205 0.012533333333333308
206 0.021766666666666507
207 0.05016666666666681
208 0.00913333333333334
