# block  <|P|>
1 0.0
2 0.1320333333333325
3 0.15619999999999956
4 0.14026666666666635
5 0.15336666666666615
6 0.12069999999999977
7 0.12073333333333347
8 0.13020000000000023
9 0.1280666666666671
10 0.1470666666666656
11 0.1446999999999989
12 0.1718999999999992
13 0.13616666666666596
14 0.1300999999999999
15 0.14159999999999917
16 0.15743333333333231
17 0.11923333333333354
18 0.12283333333333298
19 0.14146666666666635
20 0.1282999999999997
21 0.15123333333333383
22 0.16319999999999876
23 0.14883333333333262
24 0.1981333333333323
25 0.1440000000000005
26 0.13593854375417538
27 0.13509999999999966
28 0.13520186853520158
29 0.15023333333333233
30 0.16520000000000015
31 0.1314000000000004
32 0.1302000000000002
33 0.1376999999999996
34 0.1622710622710615
35 0.14446666666666602
36 0.14502164502164433
37 0.14286666666666623
38 0.15706666666666635
39 0.16966666666666538
40 0.16076666666666592
41 0.1318666666666669
42 0.1445445445445442
43 0.17023333333333304
44 0.15279999999999866
45 0.17213333333333294
46 0.17082917082917043
47 0.12506666666666677
48 0.1455333333333332
49 0.14563333333333234
50 0.15049999999999986
51 0.13390056723390104
52 0.1671666666666669
53 0.1483817150483818
54 0.1492333333333329
55 0.14119999999999902
56 0.13586666666666705
57 0.1363999999999993
58 0.15843333333333262
59 0.14013333333333225
60 0.15643333333333312
61 0.17885447885447758
62 0.14049999999999968
63 0.1697030363697026
64 0.15063333333333342
65 0.14276666666666663
66 0.13936666666666653
67 0.13169999999999996
68 0.1361000000000006
69 0.13433333333333364
70 0.11998665331998612
71 0.14818151484818026
72 0.13096666666666643
73 0.17226107226107232
74 0.1428333333333335
75 0.12103333333333378
76 0.14941608274941637
77 0.14086666666666575
78 0.15716666666666554
79 0.14289999999999878
80 0.1374333333333337
81 0.15589999999999937
82 0.13519999999999968
83 0.1563333333333322
84 0.12486666666666725
85 0.15963333333333274
86 0.12456666666666641
87 0.1293293293293297
88 0.15201868535201832
89 0.16733333333333225
90 0.17606666666666645
91 0.17929999999999952
92 0.14726666666666666
93 0.15328005328005323
94 0.1493187105350603
95 0.1176999999999998
96 0.12363333333333297
97 0.1421911421911422
98 0.14209999999999906
99 0.13469999999999954
100 0.14116666666666638
101 0.13343333333333307
102 0.15533333333333268
103 0.17763333333333303
104 0.14963333333333273
105 0.17623333333333183
106 0.17566666666666508
107 0.1479187479187484
108 0.13503333333333306
109 0.15249999999999955
110 0.13973333333333263
111 0.1400534938147771
112 0.14529999999999915
113 0.14721944721944652
114 0.1292333333333336
115 0.1731333333333323
116 0.1590666666666662
117 0.1403999999999998
118 0.1432666666666668
119 0.15899999999999934
120 0.1650333333333321
121 0.1706373039706362
122 0.14479999999999976
123 0.1513819513819514
124 0.14649999999999888
125 0.17159999999999995
126 0.13220000000000004
127 0.13756666666666645
128 0.13789999999999986
129 0.14092574092574098
130 0.1564999999999992
131 0.14676666666666632
132 0.13486666666666627
133 0.1364999999999989
134 0.13153333333333242
135 0.12119999999999997
136 0.13660000000000008
137 0.14756666666666626
138 0.1435666666666665
139 0.15026666666666535
140 0.13617234468937806
141 0.13200000000000037
142 0.14839999999999948
143 0.1445666666666673
144 0.11763333333333317
145 0.1275000000000002
146 0.11986666666666658
147 0.14703333333333296
148 0.16269999999999907
149 0.1482148815482148
150 0.16439999999999833
151 0.13583834335337347
152 0.12913333333333327
153 0.14053333333333287
154 0.1360333333333339
155 0.1448999999999991
156 0.1616666666666668
157 0.12763333333333357
158 0.14533333333333295
159 0.12716666666666665
160 0.1289999999999999
161 0.1393333333333329
162 0.1470666666666658
163 0.140633333333333
164 0.13099999999999998
165 0.13913333333333375
166 0.147033333333332
167 0.1479333333333324
168 0.14209999999999998
169 0.14993333333333356
170 0.14818514818514805
171 0.13940000000000005
172 0.1429237429237424
173 0.1300333333333327
174 0.14636666666666656
175 0.14773333333333336
176 0.15389999999999962
177 0.15666666666666615
178 0.1419333333333333
179 0.14125874125874144
180 0.15363333333333376
181 0.16023976023975942
182 0.14940000000000003
183 0.164533333333333
184 0.1411000000000005
185 0.15996666666666567
186 0.1613666666666664
187 0.13910000000000003
188 0.1589666666666666
189 0.1352647352647352
190 0.16506826506826472
191 0.1325992659325984
192 0.16776666666666581
193 0.13529999999999995
194 0.14400000000000024
195 0.15483333333333252
196 0.1396666666666659
197 0.13463203463203424
198 0.1467333333333325
199 0.1685666666666659
200 0.14279999999999982
201 0.15699999999999947
202 0.141866666666666
203 0.14639999999999892
204 0.1340333333333326
205 0.1396666666666661
206 0.134166666666666
207 0.15736666666666543
208 0.1650666666666661
