block_size         error    difference      rel_diff
-------------------------------------------------------
       2  1.008017e-07  4.169464e-08  4.136301e-01
       4  1.424964e-07  5.887873e-08  4.131946e-01
       8  2.013751e-07  8.302800e-08  4.123052e-01
      16  2.844031e-07  1.167606e-07  4.105463e-01
      32  4.011638e-07  1.633550e-07  4.072027e-01
      64  5.645187e-07  2.264219e-07  4.010884e-01
     128  7.909406e-07  3.083912e-07  3.899044e-01
     256  1.099332e-06  4.074219e-07  3.706087e-01
     512  1.506754e-06  5.053896e-07  3.354162e-01
    1024  2.012143e-06  5.732300e-07  2.848853e-01
    2048  2.585373e-06  5.265598e-07  2.036688e-01
    4096  3.111933e-06  3.755907e-07  1.206937e-01
    8192  3.487524e-06  2.581977e-07  7.403468e-02
   16384  3.745722e-06  -2.406560e-09  6.424823e-04
   32768  3.743315e-06  1.584254e-07  4.232222e-02
   65536  3.901740e-06  4.034298e-09  1.033974e-03
  131072  3.905775e-06           ---           ---
