# k values and corresponding S(k) [pure estimator]
0.0 1.9474456634517212
0.10471975511965977 1.1371235290510986
0.20943951023931953 1.0241279961726693
0.3141592653589793 1.0006708856715334
0.41887902047863906 0.994221164522454
0.5235987755982988 0.9977027727722076
0.6283185307179586 0.98649120678582
0.7330382858376183 0.9923237556010817
0.8377580409572781 0.9800918486481925
0.9424777960769379 0.9815050931140756
1.0471975511965976 0.9808669523874273
1.1519173063162573 0.9919520428558612
1.2566370614359172 0.9855780106315711
1.361356816555577 0.9774125364118726
1.4660765716752366 1.0067489837871775
1.5707963267948966 0.9793207897739021
1.6755160819145563 0.9800118901609742
1.780235837034216 0.9832904728856886
1.8849555921538759 0.9860757465373666
1.9896753472735356 0.9766904627519369
2.0943951023931953 0.9939669081666648
2.199114857512855 0.9783969293269568
2.3038346126325147 0.9998587323959905
2.4085543677521746 0.9963315399019587
2.5132741228718345 0.9861990748110757
2.617993877991494 0.995364076261916
2.722713633111154 0.9968271727672638
2.827433388230814 0.974773670006755
2.9321531433504733 0.9776882287603919
3.036872898470133 0.9684228443122258
3.141592653589793 0.9906633196223745
3.2463124087094526 0.9892666773438497
3.3510321638291125 0.9826293598742942
3.4557519189487724 0.9785576492268023
3.560471674068432 0.9778734328713109
3.665191429188092 0.9803119930689188
3.7699111843077517 0.9859142590169394
3.874630939427411 0.9745346174505183
3.979350694547071 0.9924271416345535
4.084070449666731 0.9937822109744309
4.1887902047863905 0.9897777954449715
4.29350995990605 0.9694988592333794
4.39822971502571 0.9830857028710164
4.50294947014537 0.9792477580019704
4.607669225265029 0.9800665768542147
4.71238898038469 0.9809640598749708
4.817108735504349 0.9813439466332354
4.921828490624009 0.9941346678136358
5.026548245743669 0.9869199302389039
5.1312680008633285 0.9932555486360337
5.235987755982988 0.9914855469229417
5.340707511102648 0.9973176514542348
5.445427266222308 0.9754352510969729
5.550147021341967 0.9877798254730348
5.654866776461628 0.9788155997812417
5.759586531581287 0.973986382671997
5.864306286700947 0.9924698323526289
5.969026041820607 1.0040491115768069
6.073745796940266 0.9730567597526255
6.178465552059926 0.9930443793760181
6.283185307179586 0.9810511094403531
6.387905062299246 0.978710257330187
6.492624817418905 0.9949230992040796
6.5973445725385655 0.9877445547217718
6.702064327658225 0.9884965029631021
6.8067840827778845 0.9791935505390718
6.911503837897545 0.991729421803652
7.016223593017204 0.9754695806722341
7.120943348136864 0.9898826668536569
7.225663103256524 0.9943805714687984
7.330382858376184 0.9829741677140166
7.435102613495843 0.9864344748698886
7.5398223686155035 0.9889117182174243
7.644542123735163 0.9772772483057108
7.749261878854822 0.9831631334333332
