block_size         error    difference      rel_diff
-------------------------------------------------------
       2  6.632708e-07  2.747275e-07  4.142011e-01
       4  9.379982e-07  3.885118e-07  4.141925e-01
       8  1.326510e-06  5.494068e-07  4.141747e-01
      16  1.875917e-06  7.768866e-07  4.141370e-01
      32  2.652803e-06  1.098458e-06  4.140744e-01
      64  3.751261e-06  1.552849e-06  4.139537e-01
     128  5.304110e-06  2.194507e-06  4.137370e-01
     256  7.498617e-06  3.099443e-06  4.133353e-01
     512  1.059806e-05  4.371989e-06  4.125273e-01
    1024  1.497005e-05  6.154508e-06  4.111214e-01
    2048  2.112456e-05  8.625237e-06  4.083038e-01
    4096  2.974979e-05  1.190498e-05  4.001702e-01
    8192  4.165478e-05  1.568951e-05  3.766557e-01
   16384  5.734428e-05  1.873284e-05  3.266732e-01
   32768  7.607713e-05  2.137165e-05  2.809208e-01
   65536  9.744878e-05  1.785493e-05  1.832238e-01
  131072  1.153037e-04           ---           ---
