# r  Cs(r) [pure estimator]
0.15 0.0006921839455999653
0.44999999999999996 0.0006875972833620069
0.75 0.0006892625331023374
1.05 0.0006825034355041877
1.3499999999999999 0.0006916894410615746
1.65 0.0006822335938060073
1.95 0.0006876585815399554
2.25 0.0006828583274888894
2.55 0.0006893869819693882
2.85 0.0006819293248388541
3.15 0.0006852136141846856
3.4499999999999997 0.0006824598791267117
3.75 0.0006864364554458252
4.05 0.000683479611443362
4.35 0.0006762229580888708
4.6499999999999995 0.0006864896213445922
4.95 0.0006857214124308394
5.25 0.0006875879601559518
5.55 0.0006835209023241574
5.85 0.0006819869591937103
6.1499999999999995 0.0006836400321772985
6.45 0.0006818563174686613
6.75 0.0006883126354043941
7.05 0.0006839026034017378
7.35 0.0006819376405025582
7.6499999999999995 0.0006832120634306576
7.949999999999999 0.0006879645376840163
8.25 0.0006883317171002914
8.549999999999999 0.0006822741674171812
8.85 0.0006842638580519581
9.15 0.0006832933049154167
9.45 0.000683892050125277
9.75 0.0006839123020987787
10.049999999999999 0.000685678579247736
10.35 0.0006848201911130464
10.65 0.0006823115707730398
10.95 0.000682202575545284
11.25 0.0006783640291817496
11.549999999999999 0.0006864198167307983
11.85 0.0006851663656210212
12.15 0.0006793685261893781
12.45 0.0006827458608377832
12.75 0.000683170919997109
13.049999999999999 0.0006839519753936372
13.35 0.0006723177895127956
13.65 0.0006825036457874235
13.95 0.0006792119994225085
14.25 0.0006781380209075212
14.549999999999999 0.0006824791991497792
14.85 0.0006804909377361539
15.149999999999999 0.0006782386524970484
15.45 0.0006793383050794652
15.75 0.000681068417391141
16.05 0.0006817123885552168
16.349999999999998 0.0006777741644951388
16.65 0.0006782189387660848
16.95 0.0006851265013976024
17.25 0.0006768651610746138
17.55 0.0006843846763468933
17.849999999999998 0.0006856980864799027
18.15 0.0006836872426132201
18.45 0.0006832777590468784
18.75 0.0006835165743613254
19.05 0.0006817827698316782
19.349999999999998 0.0006763333204544314
19.65 0.0006827078553597271
19.95 0.000679104906062231
20.25 0.0006827190350557754
20.55 0.0006821544124327299
20.849999999999998 0.0006828646726557614
21.15 0.0006842708830606252
21.45 0.0006792645180486338
21.75 0.000680909979326059
22.05 0.0006739924925577618
22.349999999999998 0.0006770247850391553
22.65 0.0006855186875415481
22.95 0.0006808720015952731
23.25 0.0006804746011124228
23.55 0.0006780793327461358
23.849999999999998 0.0006801481891070773
24.15 0.0006867842307222937
24.45 0.000678267047012861
24.75 0.0006777518479048325
25.05 0.0006789245685840858
25.349999999999998 0.0006804168076932126
25.65 0.0006819950577736265
25.95 0.0006806395019630506
26.25 0.0006758662446868102
26.55 0.0006809631663396815
26.849999999999998 0.0006824831837987479
27.15 0.0006827560644787406
27.45 0.0006784223847045752
27.75 0.0006775602683751245
28.05 0.0006815128585646001
28.349999999999998 0.0006828564826046109
28.65 0.0006798277119558924
28.95 0.0006780663407411004
29.25 0.0006798940860378229
29.549999999999997 0.0006877370583302801
29.849999999999998 0.0006753818078884093
