# k values and corresponding S(k) [pure estimator]
0.0 1.8541240877064475
0.12566370614359174 1.0350246113461303
0.25132741228718347 1.000048288510796
0.3769911184307752 0.9826220455916322
0.5026548245743669 0.9942381021726289
0.6283185307179586 0.9805252433910309
0.7539822368615504 0.989880603972653
0.8796459430051422 0.9837594456380105
1.0053096491487339 0.9904895741870559
1.1309733552923256 0.9755572844279314
1.2566370614359172 0.983835162667401
1.3823007675795091 0.9850168374461409
1.5079644737231008 0.9811985436235274
1.6336281798666925 0.9831596110351238
1.7592918860102844 0.9903578184218687
1.884955592153876 0.9813668423039046
2.0106192982974678 0.9737410955941275
2.1362830044410597 0.9766312180365325
2.261946710584651 0.9943503752600068
2.387610416728243 0.966981786600229
2.5132741228718345 0.9839898655537143
2.6389378290154264 0.9716445916018267
2.7646015351590183 0.9914722295618794
2.8902652413026098 0.9886788435593218
3.0159289474462017 0.9847883728260413
3.1415926535897936 0.9760967585997592
3.267256359733385 0.9863108247486158
3.392920065876977 0.9879231052596378
3.518583772020569 0.9821810696082877
3.6442474781641603 0.9780060189828866
3.769911184307752 0.9793745686137448
3.8955748904513436 0.989163298228821
4.0212385965949355 0.9849844655363321
4.1469023027385274 0.9822324940339874
4.272566008882119 0.9759795556448985
4.39822971502571 0.9961321028554239
4.523893421169302 0.9817640333383943
4.649557127312894 0.9891773053515795
4.775220833456486 0.9895536946960131
4.900884539600078 0.9817576597569386
5.026548245743669 0.9880067387879811
5.152211951887261 0.9844163228754536
5.277875658030853 0.9806058862600107
5.403539364174445 0.9831797576644141
5.529203070318037 0.9800870594890745
5.6548667764616285 0.9811908504554209
5.7805304826052195 0.9821719907363957
5.906194188748811 0.9697758046362338
6.031857894892403 0.9808051954449397
6.157521601035995 0.9857013301983911
6.283185307179587 0.9810222570337341
6.408849013323178 0.9856771394559968
6.53451271946677 0.9889249199191353
6.660176425610362 0.9911127353953006
6.785840131753954 0.9766477719282896
6.911503837897546 0.9829307535209322
7.037167544041138 0.9808849896258334
7.162831250184729 0.9823948889711301
7.288494956328321 0.9861667696897757
7.4141586624719125 0.9889930120389381
7.539822368615504 0.9885478991250154
7.665486074759096 0.9725943521599595
7.791149780902687 0.9910196072251981
7.916813487046279 0.9853075664207861
8.042477193189871 0.9746420758349749
8.168140899333462 0.9891779158610071
8.293804605477055 0.9767251399411072
8.419468311620646 0.9858716652852121
8.545132017764239 0.9799216306313544
8.67079572390783 0.9910867904992349
8.79645943005142 0.9803142382197391
8.922123136195014 0.9889126661120728
9.047786842338605 0.9865009219311405
9.173450548482197 0.9953520385083031
9.299114254625788 0.9831438830757722
