0.2 0.8975822784810127
0.6000000000000001 0.9167879746835443
1.0 0.9489883966244725
1.4000000000000001 0.9407510548523207
1.8 0.9083080168776372
2.2 0.8368691983122363
2.6 0.8305348101265823
3.0 0.8772489451476794
3.4000000000000004 0.9103143459915611
3.8000000000000003 0.9887341772151899
4.2 1.0710886075949366
4.6000000000000005 1.0662447257383967
5.0 1.1031033755274262
5.4 1.0687415611814346
5.800000000000001 1.1038945147679324
6.2 1.1287489451476793
6.6000000000000005 1.0610738396624473
7.0 1.0185168776371307
7.4 1.019607594936709
7.800000000000001 0.9917225738396624
8.200000000000001 0.9907341772151899
8.6 0.9998955696202532
9.0 1.0031824894514767
9.4 1.0044651898734178
9.8 0.9994757383966245
10.200000000000001 0.9844166666666667
10.600000000000001 1.0040443037974685
11.0 0.9837827004219409
11.4 1.0217310126582277
11.8 1.0062774261603376
12.200000000000001 0.9942721518987342
12.600000000000001 1.0079177215189874
13.0 1.034535864978903
13.4 1.0372151898734177
13.8 0.9857616033755274
14.200000000000001 1.0376962025316456
14.600000000000001 1.0180221518987342
15.0 1.0693048523206752
15.4 1.0352341772151898
15.8 1.0011550632911392
16.2 1.0361550632911392
16.6 0.9962763713080168
17.0 0.9834261603375527
17.400000000000002 0.9433713080168776
17.8 0.9446729957805907
18.2 0.9357795358649789
18.6 0.9331677215189873
19.0 0.9784388185654008
19.400000000000002 0.9951434599156118
19.8 0.9883839662447257
20.200000000000003 1.0450189873417721
20.6 1.0803354430379746
21.0 1.1032995780590718
21.400000000000002 1.0792573839662447
21.8 1.0168881856540084
22.200000000000003 1.0221518987341771
22.6 0.9960158227848102
23.0 0.9537394514767933
23.400000000000002 0.9194546413502109
23.8 0.9190253164556962
24.200000000000003 0.9289694092827004
24.6 0.9497784810126583
25.0 1.057473628691983
25.400000000000002 1.061003164556962
25.8 1.0703291139240507
26.200000000000003 1.0599103375527426
26.6 1.0387563291139241
27.0 0.9675495780590717
27.400000000000002 0.9477858649789029
27.8 0.9448111814345992
28.200000000000003 1.0494293248945148
28.6 1.04815611814346
29.0 1.0561645569620253
29.400000000000002 1.032334388185654
29.8 0.9970348101265822
30.200000000000003 1.0199651898734177
30.6 0.9953291139240507
31.0 0.9412763713080169
31.400000000000002 0.9100179324894515
31.8 0.9621909282700422
32.2 0.9528829113924051
32.6 0.9832827004219409
33.0 0.982165611814346
33.4 0.98890611814346
33.800000000000004 1.0318217299578059
34.2 1.0567848101265822
34.6 1.0888776371308018
35.0 1.051165611814346
35.4 1.01898417721519
35.800000000000004 1.0146677215189874
36.2 0.9923143459915612
36.6 0.9965717299578059
37.0 0.9708375527426161
37.4 0.9970770042194093
37.800000000000004 1.0520221518987343
38.2 1.0323670886075949
38.6 0.9989282700421941
39.0 0.966574894514768
39.400000000000006 0.9817816455696202
39.800000000000004 1.0257362869198312
