# k values and corresponding S(k) [pure estimator]
0.0 1.0461771517595468
0.12566370614359174 0.9730164745819584
0.25132741228718347 0.9834592454037027
0.3769911184307752 0.955797775023118
0.5026548245743669 0.9712213718891453
0.6283185307179586 0.9661730790419872
0.7539822368615504 0.9682018998505634
0.8796459430051422 0.9922542659654182
1.0053096491487339 0.9889358667312598
1.1309733552923256 0.9750729281282888
1.2566370614359172 0.9876787817113032
1.3823007675795091 0.9970154563553726
1.5079644737231008 1.0077506892591412
1.6336281798666925 0.9827985900300299
1.7592918860102844 0.9813780525187189
1.884955592153876 0.9765781895264524
2.0106192982974678 0.977121198237492
2.1362830044410597 0.9667576734249832
2.261946710584651 0.9615605925123186
2.387610416728243 0.9492308378825443
2.5132741228718345 0.9626425140843957
2.6389378290154264 0.9644363774047373
2.7646015351590183 0.9783889536745582
2.8902652413026098 0.9590023509449457
3.0159289474462017 0.973504135095763
3.1415926535897936 0.9850180320552817
3.267256359733385 0.9602993636651885
3.392920065876977 0.9848782049658097
3.518583772020569 0.964801135949511
3.6442474781641603 0.9602465263383695
3.769911184307752 0.9705782392437179
3.8955748904513436 1.007383714700971
4.0212385965949355 0.9813024699841373
4.1469023027385274 0.9482380988938736
4.272566008882119 0.9866367236148315
4.39822971502571 1.0178734952066402
4.523893421169302 0.9593255496787833
4.649557127312894 0.9810859632603174
4.775220833456486 0.9314716212635479
4.900884539600078 0.9868737083439769
5.026548245743669 0.96150971266879
5.152211951887261 0.9961282336672496
5.277875658030853 0.9840342073553773
5.403539364174445 0.9376189617114905
5.529203070318037 0.9893330793925474
5.6548667764616285 0.9739972910555381
5.7805304826052195 0.952465846013845
5.906194188748811 0.9676115076256369
6.031857894892403 0.9659142574806151
6.157521601035995 0.9924352929571055
6.283185307179587 0.9660840846611671
6.408849013323178 0.9693319546782282
6.53451271946677 0.9696530792976712
6.660176425610362 0.9773686705316993
6.785840131753954 0.9507090019412132
6.911503837897546 0.9566305905679751
7.037167544041138 0.9615798718482519
7.162831250184729 0.9744082284473954
7.288494956328321 0.9880561626294707
7.4141586624719125 0.9411052120995648
7.539822368615504 0.9558873713567899
7.665486074759096 0.9604915236103905
7.791149780902687 0.9698280322757852
7.916813487046279 0.9798878886098156
8.042477193189871 0.9930411621743886
8.168140899333462 0.9603471753066475
8.293804605477055 0.9651216356291669
8.419468311620646 0.9820234786771024
8.545132017764239 0.9191002998043323
8.67079572390783 0.947064499036174
8.79645943005142 0.9696973461362274
8.922123136195014 0.9970198654172356
9.047786842338605 0.9721444372074408
9.173450548482197 0.9602350715569122
9.299114254625788 0.9839962333221385
