# r  Cs(r) [pure estimator]
0.125 1.0697785293204763e-5
0.375 1.1770500730852443e-5
0.625 6.506822413605073e-6
0.875 3.052801064377127e-6
1.125 5.3778360839412706e-6
1.375 6.420429370779879e-6
1.625 8.131714309215253e-6
1.875 5.663687564656388e-6
2.125 4.330268634589085e-6
2.375 8.79965292799518e-6
2.625 1.0021209956578549e-5
2.875 2.888095396675115e-6
3.125 2.6124939717198165e-6
3.375 4.94512579064863e-6
3.625 1.3696914111557031e-6
3.875 1.227982106264777e-5
4.125 2.1422764863423163e-6
4.375 7.903500994693041e-6
4.625 -2.617296310800174e-6
4.875 7.989242155872736e-6
5.125 7.576208342333573e-6
5.375 4.502956279985773e-6
5.625 3.0192521720957047e-6
5.875 9.61544408321321e-6
6.125 -3.603243947789496e-7
6.375 2.9858862388371336e-6
6.625 1.5458447123914921e-6
6.875 -1.4740845844666215e-6
7.125 -3.5881558133366417e-6
7.375 6.219907316387619e-6
7.625 6.532296408741893e-6
7.875 -8.673182004749957e-7
8.125 -1.7152442238848508e-6
8.375 6.375297264050636e-6
8.625 5.244279640042324e-7
8.875 1.209683561220221e-5
9.125 1.89015391109914e-6
9.375 4.197398693102952e-6
9.625 7.858978321213546e-6
9.875 7.1958830018088695e-6
10.125 1.6263776220882656e-6
10.375 6.249366954539145e-6
10.625 3.657834311310927e-6
10.875 -4.018931144000775e-6
11.125 2.7349033284543295e-6
11.375 1.4880827768012442e-6
11.625 1.497579325367088e-6
11.875 1.5263448392456106e-6
12.125 3.84194344835493e-6
12.375 2.9700847489138332e-6
12.625 -4.987421301039528e-6
12.875 5.112993797386942e-6
13.125 7.261140611448296e-6
13.375 -8.782461878855847e-7
13.625 -4.252221217801635e-6
13.875 -2.570241664190182e-6
14.125 -7.71985438941059e-7
14.375 -2.191343759924976e-6
14.625 2.8393879027878053e-6
14.875 -3.993044530757021e-6
15.125 -3.0881018174818303e-7
15.375 1.2365028521587906e-6
15.625 5.096538647389043e-6
15.875 2.324091336434662e-6
16.125 -4.8354303182536664e-6
16.375 3.975832549810865e-6
16.625 6.076949379138625e-6
16.875 -5.156164875110866e-6
17.125 2.079348346859113e-6
17.375 -3.853990251953418e-6
17.625 -1.0217871372342698e-6
17.875 9.044621453796357e-6
18.125 2.9782650847347574e-6
18.375 4.340321708065204e-6
18.625 -1.94412569176889e-6
18.875 3.1306102365277096e-6
19.125 -6.422715228656276e-6
19.375 1.1715003708487456e-6
19.625 2.7917393331992994e-6
19.875 -1.738278766183865e-6
20.125 9.092165110764495e-7
20.375 3.6900179202301186e-6
20.625 -4.823605575068366e-6
20.875 1.7356120354241486e-7
21.125 3.1542516155477177e-6
21.375 6.41453840543383e-6
21.625 -2.692536659571413e-6
21.875 1.132075615465066e-5
22.125 4.0701693847739996e-6
22.375 4.279087501598431e-6
22.625 -6.415877347789086e-6
22.875 2.501632514626765e-6
23.125 1.0878047296343033e-5
23.375 1.729304388383766e-6
23.625 6.08942186147858e-6
23.875 2.805683682991638e-6
24.125 -1.9814770121533143e-6
24.375 6.136230437156586e-6
24.625 -7.435182005384863e-7
24.875 -2.6266985406249505e-7
