block_size         error    difference      rel_diff
-------------------------------------------------------
       2  9.512963e-08  3.935107e-08  4.136574e-01
       4  1.344807e-07  5.557150e-08  4.132303e-01
       8  1.900522e-07  7.836836e-08  4.123517e-01
      16  2.684206e-07  1.102259e-07  4.106462e-01
      32  3.786464e-07  1.542378e-07  4.073399e-01
      64  5.328842e-07  2.138267e-07  4.012629e-01
     128  7.467109e-07  2.914381e-07  3.902958e-01
     256  1.038149e-06  3.843242e-07  3.702014e-01
     512  1.422473e-06  4.785210e-07  3.364007e-01
    1024  1.900994e-06  5.475167e-07  2.880160e-01
    2048  2.448511e-06  5.121102e-07  2.091517e-01
    4096  2.960621e-06  3.420081e-07  1.155190e-01
    8192  3.302629e-06  1.483366e-07  4.491470e-02
   16384  3.450966e-06  3.965905e-08  1.149216e-02
   32768  3.490625e-06  1.605157e-07  4.598481e-02
   65536  3.651141e-06  3.711916e-07  1.016646e-01
  131072  4.022332e-06           ---           ---
