0.025 0.9224444444444444
0.07500000000000001 0.9456296296296296
0.125 0.8999259259259259
0.17500000000000002 0.9318518518518518
0.225 0.924962962962963
0.275 0.9376296296296296
0.325 0.935037037037037
0.375 1.0097777777777779
0.42500000000000004 0.9056296296296297
0.47500000000000003 0.9202962962962963
0.525 0.9437777777777778
0.5750000000000001 0.9500740740740741
0.625 0.9811111111111112
0.675 0.9294814814814815
0.7250000000000001 0.9522962962962963
0.775 0.9561481481481482
0.8250000000000001 0.9929629629629629
0.875 0.9448148148148148
0.925 0.9928888888888889
0.9750000000000001 1.044
1.0250000000000001 0.977925925925926
1.075 1.0048148148148148
1.125 1.009111111111111
1.175 0.9746666666666667
1.225 0.9945185185185185
1.2750000000000001 1.058148148148148
1.3250000000000002 0.9800740740740741
1.375 1.0304444444444445
1.425 0.9917777777777778
1.475 0.9969629629629629
1.5250000000000001 0.9876296296296296
1.5750000000000002 0.9917037037037038
1.625 0.9682222222222222
1.675 0.8848148148148148
1.725 0.9168888888888889
1.7750000000000001 0.9025925925925926
1.8250000000000002 0.9051851851851852
1.875 0.8665185185185185
1.925 0.912962962962963
1.975 0.904074074074074
2.025 0.914
2.075 0.8984444444444445
2.125 0.946962962962963
2.1750000000000003 0.9612592592592593
2.225 0.9929629629629629
2.275 0.9435555555555556
2.325 1.0015555555555555
2.375 0.9990370370370371
2.4250000000000003 0.9917777777777778
2.475 1.0077037037037038
2.5250000000000004 1.0281481481481483
2.575 1.0245185185185186
2.625 0.9908148148148148
2.6750000000000003 0.9941481481481481
2.725 1.0575555555555556
2.7750000000000004 1.0469629629629629
2.825 1.042
2.875 1.013111111111111
2.9250000000000003 1.0248148148148148
2.975 0.9755555555555555
3.0250000000000004 1.009925925925926
3.075 1.0326666666666666
3.125 1.0298518518518518
3.1750000000000003 1.054148148148148
3.225 0.9842962962962963
3.2750000000000004 1.041111111111111
3.325 1.0629629629629629
3.375 1.0802962962962963
3.4250000000000003 1.0573333333333332
3.475 1.0584444444444445
3.5250000000000004 1.0636296296296297
3.575 1.0608148148148149
3.625 1.0467407407407407
3.6750000000000003 1.0277037037037038
3.725 1.0008148148148148
3.7750000000000004 1.0604444444444445
3.825 0.9940740740740741
3.875 1.0063703703703704
3.9250000000000003 0.9971851851851852
3.975 1.0132592592592593
4.025 1.0122962962962962
4.075 1.0322222222222222
4.125 1.0537037037037038
4.175 1.055111111111111
4.2250000000000005 1.0486666666666666
4.275 1.0508148148148149
4.325 1.0666666666666667
4.375 1.0500740740740742
4.425 1.0568148148148149
4.4750000000000005 1.060888888888889
4.525 1.0906666666666667
4.575 1.0636296296296297
4.625 1.0274814814814814
4.675 1.0683703703703704
4.7250000000000005 1.0666666666666667
4.775 1.062
4.825 1.0777037037037036
4.875 1.0842222222222222
4.925000000000001 1.0932592592592592
4.9750000000000005 1.062
