0.025 -0.16869778493140186
0.07500000000000001 -0.16071860146620479
0.125 -0.15318171011966084
0.17500000000000002 -0.1722643553629469
0.225 -0.11836265000821963
0.275 -0.18414403032217308
0.325 -0.14508159904177273
0.375 -0.11585276433494647
0.42500000000000004 -0.17827251422832274
0.47500000000000003 -0.18283817951959544
0.525 -0.20601669554260513
0.5750000000000001 -0.20475095785440614
0.625 -0.25408390213973464
0.675 -0.14113133621745164
0.7250000000000001 -0.21899655304481042
0.775 -0.16509540689343088
0.8250000000000001 -0.18894708874212404
0.875 -0.1942334521779569
0.925 -0.2018259372895308
0.9750000000000001 -0.17818652105187527
1.0250000000000001 -0.20455066045659312
1.075 -0.17220498069790327
1.125 -0.20117960152485076
1.175 -0.1474741372800725
1.225 -0.10377495991837925
1.2750000000000001 -0.1919042694637317
1.3250000000000002 -0.10768533212423487
1.375 -0.14394210790284445
1.425 -0.12205940594059406
1.475 -0.09208972845336481
1.5250000000000001 -0.09247342925312703
1.5750000000000002 -0.11464817587266567
1.625 -0.08449950294410033
1.675 -0.0788981880230763
1.725 -0.10514830679705811
1.7750000000000001 -0.04382341028756582
1.8250000000000002 -0.14240846350938094
1.875 -0.14780835881753313
1.925 -0.11491363230881518
1.975 -0.18752518333467644
2.025 -0.155458089668616
2.075 -0.10672123406264757
2.125 -0.15462762978961683
2.1750000000000003 -0.14324453660870953
2.225 -0.15903401560889413
2.275 -0.0898078217303522
2.325 -0.09290590679726922
2.375 -0.13238648907204356
2.4250000000000003 -0.07952963020269224
2.475 -0.059442767913537795
2.5250000000000004 -0.058929239985024334
2.575 -0.10378528189045293
2.625 -0.11175638448365721
2.6750000000000003 -0.05446084490656584
2.725 -0.06892104886086832
2.7750000000000004 -0.12728068895051817
2.825 -0.09047167748049866
2.875 -0.090948214029551
2.9250000000000003 -0.0889022375732092
2.975 -0.06813316601461578
3.0250000000000004 -0.0823075782292748
3.075 -0.027938696194177604
3.125 -0.05496054114994363
3.1750000000000003 -0.09299985625988214
3.225 -0.08900373241458513
3.2750000000000004 -0.05462767121289475
3.325 -0.13433683612610053
3.375 -0.07462686567164178
3.4250000000000003 -0.039413745296098236
3.475 -0.12526714925887625
3.5250000000000004 -0.0789435912157313
3.575 -0.08774563318777293
3.625 -0.03341288782816229
3.6750000000000003 -0.058924978442081055
3.725 -0.12067246046445362
3.7750000000000004 -0.11647278471923021
3.825 -0.11352831004178073
3.875 -0.014596409283316304
3.9250000000000003 -0.13190705582317938
3.975 -0.07519523986612124
4.025 -0.07799130312806846
4.075 -0.05532395958454038
4.125 -0.05853330343126262
4.175 -0.07981938172976728
4.2250000000000005 -0.06309347963705424
4.275 -0.07665854706978077
4.325 -0.04333493578737724
4.375 -0.0817671809256662
4.425 -0.07759965952617393
4.4750000000000005 -0.05670103092783505
4.525 -0.05472080508770704
4.575 -0.09277336891635649
4.625 -0.10379283653507847
4.675 -0.05327926164172843
4.7250000000000005 -0.07494973306524301
4.775 -0.0660476893859464
4.825 -0.10932475884244373
4.875 -0.06789331051205248
4.925000000000001 -0.10277621985417836
4.9750000000000005 -0.07546368398697437
