# P_value  count
-1.0 0.0
-0.96 88.0
-0.92 1062.0
-0.88 3825.0
-0.84 6207.0
-0.8 12105.0
-0.76 15605.0
-0.72 22738.0
-0.68 22885.0
-0.64 23517.0
-0.6 21729.0
-0.56 17957.0
-0.52 14378.0
-0.48 11472.0
-0.44 8041.0
-0.4 5919.0
-0.36 4149.0
-0.32 2775.0
-0.28 1808.0
-0.24 1169.0
-0.2 772.0
-0.16 594.0
-0.12 489.0
-0.08 359.0
-0.04 251.0
0.0 1203.0
0.04 234.0
0.08 164.0
0.12 208.0
0.16 179.0
0.2 168.0
0.24 220.0
0.28 227.0
0.32 245.0
0.36 196.0
0.4 338.0
0.44 271.0
0.48 253.0
0.52 376.0
0.56 291.0
0.6 421.0
0.64 306.0
0.68 173.0
0.72 169.0
0.76 46.0
0.8 45.0
0.84 0.0
0.88 0.0
0.92 0.0
0.96 0.0
1.0 0.0
