block_size         error    difference      rel_diff
-------------------------------------------------------
       2  4.819004e-07  1.996087e-07  4.142116e-01
       4  6.815092e-07  2.822886e-07  4.142110e-01
       8  9.637977e-07  3.992135e-07  4.142088e-01
      16  1.363011e-06  5.645655e-07  4.142046e-01
      32  1.927577e-06  7.983955e-07  4.141965e-01
      64  2.725972e-06  1.129013e-06  4.141690e-01
     128  3.854985e-06  1.596464e-06  4.141298e-01
     256  5.451450e-06  2.257489e-06  4.141080e-01
     512  7.708938e-06  3.190965e-06  4.139306e-01
    1024  1.089990e-05  4.511458e-06  4.138989e-01
    2048  1.541136e-05  6.367450e-06  4.131660e-01
    4096  2.177881e-05  8.979103e-06  4.122862e-01
    8192  3.075792e-05  1.250503e-05  4.065630e-01
   16384  4.326294e-05  1.683733e-05  3.891860e-01
   32768  6.010027e-05  2.080423e-05  3.461587e-01
   65536  8.090451e-05  2.453459e-05  3.032537e-01
  131072  1.054391e-04           ---           ---
