# P_value  count
-1.0 7.0
-0.9777777777777777 44.0
-0.9555555555555556 252.0
-0.9333333333333333 1260.0
-0.9111111111111111 2518.0
-0.8888888888888888 5378.0
-0.8666666666666667 9570.0
-0.8444444444444444 13386.0
-0.8222222222222222 18187.0
-0.8 20970.0
-0.7777777777777778 21341.0
-0.7555555555555555 21656.0
-0.7333333333333333 18984.0
-0.7111111111111111 16248.0
-0.6888888888888889 13203.0
-0.6666666666666666 9678.0
-0.6444444444444445 6588.0
-0.6222222222222222 5161.0
-0.6 3653.0
-0.5777777777777777 2466.0
-0.5555555555555556 1065.0
-0.5333333333333333 1047.0
-0.5111111111111111 403.0
-0.4888888888888889 562.0
-0.4666666666666667 145.0
-0.4444444444444444 53.0
-0.4222222222222222 27.0
-0.4 32.0
-0.37777777777777777 7.0
-0.35555555555555557 0.0
-0.3333333333333333 0.0
-0.3111111111111111 0.0
-0.28888888888888886 0.0
-0.26666666666666666 0.0
-0.24444444444444444 0.0
-0.2222222222222222 0.0
-0.2 0.0
-0.17777777777777778 0.0
-0.15555555555555556 0.0
-0.13333333333333333 0.0
-0.1111111111111111 0.0
-0.08888888888888889 0.0
-0.06666666666666667 0.0
-0.044444444444444446 0.0
-0.022222222222222223 0.0
0.0 984.0
0.022222222222222223 0.0
0.044444444444444446 0.0
0.06666666666666667 0.0
0.08888888888888889 0.0
0.1111111111111111 0.0
0.13333333333333333 0.0
0.15555555555555556 0.0
0.17777777777777778 0.0
0.2 0.0
0.2222222222222222 0.0
0.24444444444444444 0.0
0.26666666666666666 0.0
0.28888888888888886 0.0
0.3111111111111111 0.0
0.3333333333333333 0.0
0.35555555555555557 0.0
0.37777777777777777 0.0
0.4 0.0
0.4222222222222222 0.0
0.4444444444444444 0.0
0.4666666666666667 0.0
0.4888888888888889 15.0
0.5111111111111111 24.0
0.5333333333333333 12.0
0.5555555555555556 45.0
0.5777777777777777 68.0
0.6 98.0
0.6222222222222222 247.0
0.6444444444444445 416.0
0.6666666666666666 404.0
0.6888888888888889 678.0
0.7111111111111111 818.0
0.7333333333333333 1059.0
0.7555555555555555 1190.0
0.7777777777777778 1098.0
0.8 1102.0
0.8222222222222222 782.0
0.8444444444444444 672.0
0.8666666666666667 510.0
0.8888888888888888 296.0
0.9111111111111111 110.0
0.9333333333333333 72.0
0.9555555555555556 26.0
0.9777777777777777 0.0
1.0 0.0
