# r  Cs(r) [pure estimator]
0.2 1.0594366839559342e-5
0.6000000000000001 1.1516551940673397e-5
1.0 1.0791754817024221e-5
1.4000000000000001 1.0316753208174007e-5
1.8 9.910199838938437e-6
2.2 9.423537658176653e-6
2.6 1.0701134991443989e-5
3.0 8.160182825981484e-6
3.4000000000000004 8.570744847756769e-6
3.8000000000000003 8.981358852727326e-6
4.2 8.53588888913017e-6
4.6000000000000005 1.01097861126993e-5
5.0 9.99487005965386e-6
5.4 9.252160424480228e-6
5.800000000000001 9.140231422157808e-6
6.2 8.59520403547836e-6
6.6000000000000005 8.355518498433743e-6
7.0 7.952725283328134e-6
7.4 1.1176050834420397e-5
7.800000000000001 8.172364272856778e-6
8.200000000000001 8.601002014277699e-6
8.6 1.0238832251642382e-5
9.0 9.116077809848072e-6
9.4 6.7239419180983125e-6
9.8 7.54610361772902e-6
10.200000000000001 7.099868688717791e-6
10.600000000000001 8.00056484124205e-6
11.0 8.435939895190553e-6
11.4 7.760512089080982e-6
11.8 7.821291515368389e-6
12.200000000000001 7.070492598347073e-6
12.600000000000001 7.675571069176405e-6
13.0 6.539119627452556e-6
13.4 8.50316533904484e-6
13.8 6.053757408040601e-6
14.200000000000001 6.920372481903793e-6
14.600000000000001 6.929987938057409e-6
15.0 5.0757723079282755e-6
15.4 6.644113969725809e-6
15.8 4.975370174272614e-6
16.2 6.004750507226575e-6
16.6 6.730537100644171e-6
17.0 7.0206709053694616e-6
17.400000000000002 5.43033128264177e-6
17.8 7.610961938747095e-6
18.2 6.8223080851867186e-6
18.6 5.465478557716324e-6
19.0 6.960987476781475e-6
19.400000000000002 6.32883783048086e-6
19.8 4.44104755806943e-6
20.200000000000003 6.268668873092735e-6
20.6 5.477205559948324e-6
21.0 6.196687614425188e-6
21.400000000000002 6.0079737537493996e-6
21.8 5.382430674055185e-6
22.200000000000003 6.751224813626008e-6
22.6 6.60438844777847e-6
23.0 6.425555110511831e-6
23.400000000000002 6.703067603968812e-6
23.8 7.09964928332742e-6
24.200000000000003 5.1906913467157e-6
24.6 4.198432495027038e-6
25.0 6.2240615623872325e-6
25.400000000000002 5.5982080646204e-6
25.8 4.826436077896642e-6
26.200000000000003 6.303699785922011e-6
26.6 4.7727106709813495e-6
27.0 3.229134385884637e-6
27.400000000000002 4.066244778640464e-6
27.8 5.64083926060441e-6
28.200000000000003 5.031751235911978e-6
28.6 4.776915131034598e-6
29.0 5.596321002043773e-6
29.400000000000002 5.049834954775325e-6
29.8 4.6402830753809945e-6
30.200000000000003 5.829762953739372e-6
30.6 6.408900614678548e-6
31.0 4.763213930010426e-6
31.400000000000002 6.883008748371429e-6
31.8 7.61777189006182e-6
32.2 3.6281591964725746e-6
32.6 5.466583461265698e-6
33.0 7.561542202738587e-6
33.4 5.299023340086319e-6
33.800000000000004 5.444667674317864e-6
34.2 4.825341788303498e-6
34.6 4.837260353480029e-6
35.0 5.3869138857146446e-6
35.4 4.1748156998168435e-6
35.800000000000004 4.617631105364616e-6
36.2 4.431930733757389e-6
36.6 4.0343486543937544e-6
37.0 4.248633468079185e-6
37.4 4.542567697459304e-6
37.800000000000004 2.8113113844540608e-6
38.2 4.392747738127953e-6
38.6 4.459141926119916e-6
39.0 5.0116683967036785e-6
39.400000000000006 6.240961629916208e-6
39.800000000000004 5.446423259606268e-6
