# k values and corresponding S(k) [pure estimator]
0.0 8.651459967227353
0.20943951023931953 0.9873137149511768
0.41887902047863906 0.9465068397255079
0.6283185307179586 0.9365930360268253
0.8377580409572781 0.9598715173787925
1.0471975511965976 0.9479213880685952
1.2566370614359172 0.9877714523081241
1.4660765716752366 0.9829339452436454
1.6755160819145563 0.958587962679609
1.8849555921538759 0.9793664290187231
2.0943951023931953 0.9869742729767534
2.3038346126325147 0.9630763927910092
2.5132741228718345 0.9721018695968864
2.722713633111154 0.9929630474136039
2.9321531433504733 0.9423195018774279
3.141592653589793 0.9817611570222307
3.3510321638291125 0.9651646493874416
3.560471674068432 0.9494617207521351
3.7699111843077517 0.9756486849181306
3.979350694547071 0.9691007367248764
4.1887902047863905 0.9811140821203203
4.39822971502571 0.9507803681176071
4.607669225265029 0.9619719263313973
4.817108735504349 0.981842344160613
5.026548245743669 0.9805189647828803
5.235987755982988 0.9799317948578318
5.445427266222308 0.9558386682248496
5.654866776461628 0.9758836475797904
5.864306286700947 0.9703116239191598
6.073745796940266 0.9681291323824592
6.283185307179586 0.9952460209889143
6.492624817418905 0.9818936703810208
6.702064327658225 0.9690627988312541
6.911503837897545 0.9820641741089375
7.120943348136864 0.9717498502749479
7.330382858376184 0.9466731372495973
7.5398223686155035 0.9800347493963492
7.749261878854822 0.970548043106395
7.958701389094142 0.9664883723807715
8.168140899333462 0.9834452154221223
8.377580409572781 0.9745757578820242
8.5870199198121 0.9535608834808473
8.79645943005142 0.9636914980197193
9.00589894029074 0.9809760760721172
9.215338450530059 0.956218245604339
9.42477796076938 0.9759060520090177
9.634217471008698 0.9688624821456512
9.843656981248017 0.9816672809643208
10.053096491487338 0.9285499165819515
10.262536001726657 0.9676122250419313
10.471975511965976 0.9757533143449576
10.681415022205297 0.9779648193116033
10.890854532444616 0.9670039228883335
11.100294042683934 0.9705300638422424
11.309733552923255 0.9693576882536645
11.519173063162574 0.945012806289654
11.728612573401893 0.9797583905690158
11.938052083641214 0.9454405594493268
12.147491593880533 0.9495376918497231
12.356931104119852 0.9791385800356681
12.566370614359172 0.9622554881097478
12.775810124598491 0.9629875760073285
12.98524963483781 0.9496914820734472
13.194689145077131 0.9862858762643866
13.40412865531645 0.9742660663530336
13.613568165555769 0.9435367557135218
13.82300767579509 0.9580044128857427
14.032447186034409 0.9683266793435955
14.241886696273728 1.0030305793514904
14.451326206513048 0.9733086022177578
14.660765716752367 0.9218675075198532
14.870205226991686 0.9546476685817203
15.079644737231007 0.9663345064929839
15.289084247470326 0.9530625343965182
15.498523757709645 0.9654332051925874
