# P_value  count
-1.0 0.0
-0.9333333333333333 0.0
-0.8666666666666667 0.0
-0.8 0.0
-0.7333333333333333 1.0
-0.6666666666666666 10.0
-0.6 126.0
-0.5333333333333333 406.0
-0.4666666666666667 1107.0
-0.4 2729.0
-0.3333333333333333 6029.0
-0.26666666666666666 10355.0
-0.2 15644.0
-0.13333333333333333 22807.0
-0.06666666666666667 28688.0
0.0 31127.0
0.06666666666666667 27469.0
0.13333333333333333 24551.0
0.2 17067.0
0.26666666666666666 10598.0
0.3333333333333333 5698.0
0.4 2658.0
0.4666666666666667 1205.0
0.5333333333333333 295.0
0.6 137.0
0.6666666666666666 3.0
0.7333333333333333 0.0
0.8 0.0
0.8666666666666667 0.0
0.9333333333333333 0.0
1.0 0.0
