# k values and corresponding S(k) [pure estimator]
0.0 0.9542026503440041
0.20943951023931953 0.9722686626386421
0.41887902047863906 0.9647125137568745
0.6283185307179586 0.9762160224522243
0.8377580409572781 0.9661414856880832
1.0471975511965976 0.9654295084424449
1.2566370614359172 0.9873036615536365
1.4660765716752366 0.9526875398927326
1.6755160819145563 0.9699675344099755
1.8849555921538759 0.9763747122415632
2.0943951023931953 0.9794971499623756
2.3038346126325147 0.9813641884927168
2.5132741228718345 0.9577314407067186
2.722713633111154 0.9870674034758667
2.9321531433504733 0.9717219299455487
3.141592653589793 0.9734673777511318
3.3510321638291125 0.9793352745394808
3.560471674068432 0.9623954870589819
3.7699111843077517 0.963804982073451
3.979350694547071 0.977829678204101
4.1887902047863905 0.9852446072475773
4.39822971502571 0.9661057905977544
4.607669225265029 0.9688181273855311
4.817108735504349 0.973366526431578
5.026548245743669 0.947201770747804
5.235987755982988 0.987169615766579
5.445427266222308 0.9706255419561811
5.654866776461628 0.9698798011253223
5.864306286700947 0.9736468504886399
6.073745796940266 0.9744798410253739
6.283185307179586 0.9480123272847818
6.492624817418905 0.9692344377675921
6.702064327658225 0.9833631537919422
6.911503837897545 0.9864007476745285
7.120943348136864 0.963249589397973
7.330382858376184 0.9639230765404315
7.5398223686155035 0.9713871449932048
7.749261878854822 0.9802848751430923
7.958701389094142 0.9629920815813869
8.168140899333462 0.9777395006546136
8.377580409572781 0.9603254526174311
8.5870199198121 0.9682766742472568
8.79645943005142 0.9709103289807071
9.00589894029074 0.9809271338568978
9.215338450530059 0.989585859846845
9.42477796076938 0.9759424859032536
9.634217471008698 0.9610604635368382
9.843656981248017 0.9697287356540579
10.053096491487338 0.9607236413781713
10.262536001726657 0.9787112553905615
10.471975511965976 0.9668601112729648
10.681415022205297 0.9621063579182082
10.890854532444616 0.9790099603650829
11.100294042683934 0.9575925747065933
11.309733552923255 0.9726827437495331
11.519173063162574 0.9568171724954163
11.728612573401893 0.9636867969309676
11.938052083641214 0.9783911721014619
12.147491593880533 0.9806612226634445
12.356931104119852 0.9722042837358537
12.566370614359172 0.9672841628105286
12.775810124598491 0.9688190885455333
12.98524963483781 0.964979250293342
13.194689145077131 0.9746316727503959
13.40412865531645 0.9595557952301221
13.613568165555769 0.9921971705517626
13.82300767579509 0.9683305467689208
14.032447186034409 0.9628681453260728
14.241886696273728 0.9559652827960031
14.451326206513048 0.9646699145484426
14.660765716752367 0.964420369999052
14.870205226991686 0.9583019347659157
15.079644737231007 0.9799731448539446
15.289084247470326 0.9653797255864743
15.498523757709645 0.9610465999568362
