# r  Cs(r) [pure estimator]
0.15 0.0007037899901168434
0.44999999999999996 0.0007050728555293477
0.75 0.0007048454270471004
1.05 0.0006975441848211788
1.3499999999999999 0.0007058013773570634
1.65 0.0006987787783097283
1.95 0.0007020698070565969
2.25 0.0007066242325182442
2.55 0.0006988201536593408
2.85 0.0007042045322824483
3.15 0.0007041937423089956
3.4499999999999997 0.0006957932767107201
3.75 0.000694837791940565
4.05 0.0006962747582781333
4.35 0.0006973424858695195
4.6499999999999995 0.000698599471655615
4.95 0.0006984498125510888
5.25 0.000692938109966276
5.55 0.0006930011318658318
5.85 0.0006956824992830332
6.1499999999999995 0.0006952486962865281
6.45 0.0006992645089858486
6.75 0.000703524601782865
7.05 0.0007001767949931433
7.35 0.0007011987483866776
7.6499999999999995 0.0006995935039648321
7.949999999999999 0.0006988967566573637
8.25 0.000696629065308009
8.549999999999999 0.0006979672976950685
8.85 0.0006955244441072397
9.15 0.0006957154780012373
9.45 0.0006978201219864771
9.75 0.0006970588435914603
10.049999999999999 0.000697371251694276
10.35 0.0007030794426585275
10.65 0.0007006245308701485
10.95 0.0006987938449992896
11.25 0.0006975689830137285
11.549999999999999 0.0006980152697536416
11.85 0.0006941434732241208
12.15 0.0006978046490358248
12.45 0.0006993103977446905
12.75 0.0006950926137032584
13.049999999999999 0.0006967614601689906
13.35 0.0006996206971598402
13.65 0.0006970826811729331
13.95 0.0006981785112472363
14.25 0.0006947191295679928
14.549999999999999 0.0007010849607426892
14.85 0.0007006843771974088
15.149999999999999 0.00069320003943166
15.45 0.0006996017168340318
15.75 0.000694603841914588
16.05 0.0006967900816949802
16.349999999999998 0.0006895668983199257
16.65 0.0006946009898559372
16.95 0.0006982441415945979
17.25 0.0007002282259464334
17.55 0.0006941181004215959
17.849999999999998 0.0006966742446706528
18.15 0.000686315326671803
18.45 0.0006964492489918765
18.75 0.0006906345042278317
19.05 0.0007005599606551146
19.349999999999998 0.0007006721597071979
19.65 0.0006960060745454872
19.95 0.0006977180921249915
20.25 0.0006963990671803559
20.55 0.0007021654612942592
20.849999999999998 0.0006939852771007202
21.15 0.0006975569683422457
21.45 0.0006959563427939827
21.75 0.0007000142314942835
22.05 0.0006914662450615592
22.349999999999998 0.0006943827689764538
22.65 0.0007028510461660242
22.95 0.0006960372497070798
23.25 0.0006962351908977873
23.55 0.0006919200294371458
23.849999999999998 0.0006896890757964091
24.15 0.0006974824679671595
24.45 0.0006951825249056478
24.75 0.0006963824626027806
25.05 0.0006944255035765415
25.349999999999998 0.0007026497352280456
25.65 0.0006935593081743372
25.95 0.0006952789103308925
26.25 0.0006999519368204039
26.55 0.0006947674994471078
26.849999999999998 0.000695849674684628
27.15 0.0007000160193607584
27.45 0.0006957684531046607
27.75 0.0006928068408004148
28.05 0.0006933237918923778
28.349999999999998 0.0006963484408916968
28.65 0.000699742688027005
28.95 0.0007016844504338733
29.25 0.0006996072504210283
29.549999999999997 0.0007002754397298309
29.849999999999998 0.0006944705798874845
