# k values and corresponding S(k) [pure estimator]
0.0 40.85863931787392
0.10471975511965977 0.6498657779643198
0.20943951023931953 0.8148592394385211
0.3141592653589793 0.8619721467425845
0.41887902047863906 0.9304182905328836
0.5235987755982988 0.9587610785371622
0.6283185307179586 0.9493184995781303
0.7330382858376183 0.9634519961882377
0.8377580409572781 0.9675781162799199
0.9424777960769379 1.0022661066274496
1.0471975511965976 0.9506550999610442
1.1519173063162573 0.9573064959903628
1.2566370614359172 0.995789331318674
1.361356816555577 0.9380646177961331
1.4660765716752366 0.9678592283785974
1.5707963267948966 0.9543760205807592
1.6755160819145563 0.9766025415103142
1.780235837034216 0.9741924855580314
1.8849555921538759 0.9726467660687943
1.9896753472735356 0.9666201452086591
2.0943951023931953 0.9514099898289557
2.199114857512855 0.9813683816667869
2.3038346126325147 0.9664516074930084
2.4085543677521746 0.9565214915065341
2.5132741228718345 1.006965162514018
2.617993877991494 0.9742212060480471
2.722713633111154 0.953205332159287
2.827433388230814 0.9897407409466955
2.9321531433504733 0.969968989840157
3.036872898470133 1.0086462624750918
3.141592653589793 0.9216985915509679
3.2463124087094526 0.9598443311594897
3.3510321638291125 0.9365738194664047
3.4557519189487724 0.930215143967024
3.560471674068432 1.004429771508702
3.665191429188092 0.9822392479288115
3.7699111843077517 0.9642486511135593
3.874630939427411 1.0064177571112773
3.979350694547071 0.9685967399340863
4.084070449666731 0.9476880334916528
4.1887902047863905 0.9632363479927052
4.29350995990605 0.9599579351490248
4.39822971502571 0.9847139158574566
4.50294947014537 0.9508634884378923
4.607669225265029 0.954886871630053
4.71238898038469 0.9888839823451979
4.817108735504349 0.9500180305021886
4.921828490624009 0.9663808855433023
5.026548245743669 0.9674920065954254
5.1312680008633285 0.9446486215510719
5.235987755982988 0.9928024734537663
5.340707511102648 0.9409031111459066
5.445427266222308 0.9624296731624753
5.550147021341967 0.9861428120494471
5.654866776461628 0.9505987654565125
5.759586531581287 0.9770463531962804
5.864306286700947 0.949052119401076
5.969026041820607 0.9612600591246142
6.073745796940266 0.9832266054393822
6.178465552059926 0.955707423158353
6.283185307179586 0.9283866714055947
6.387905062299246 0.9487826156060086
6.492624817418905 0.9656169752698506
6.5973445725385655 0.9764036253530153
6.702064327658225 0.9690625704340945
6.8067840827778845 0.9245915226518199
6.911503837897545 0.9681851758174057
7.016223593017204 0.9485069396393709
7.120943348136864 0.9414571069209637
7.225663103256524 0.952889935922709
7.330382858376184 0.9712119301281388
7.435102613495843 1.0085394572196293
7.5398223686155035 0.9684218019296644
7.644542123735163 0.955640861471429
7.749261878854822 0.9607265119456161
