# k  S_n(k)
0.0 80.0
0.07853981633974483 0.4577168781439546
0.15707963267948966 0.4857557440321162
0.23561944901923448 0.17823806705395226
0.3141592653589793 0.2794308783874743
0.39269908169872414 0.0947948810972634
0.47123889803846897 0.3823241575347655
0.5497787143782138 0.4642560214854523
0.6283185307179586 0.1639776103446491
0.7068583470577035 0.474450868344243
0.7853981633974483 0.2329537578871489
0.8639379797371931 1.9913999465688441
0.9424777960769379 1.6361750400605495
1.0210176124166828 0.5728714652329397
1.0995574287564276 2.372556193372736
1.1780972450961724 1.3464780022794147
1.2566370614359172 1.6117221742814312
1.335176877775662 0.5659041463697364
1.413716694115407 0.7702351615348934
1.4922565104551517 1.366047060695195
1.5707963267948966 0.4696815028007088
1.6493361431346414 0.7896119398791549
1.7278759594743862 1.107260616743904
1.806415775814131 1.042615159794232
1.8849555921538759 0.9007042427984319
1.9634954084936207 1.4714521987750273
2.0420352248333655 0.6957138791872435
2.1205750411731104 1.0083884263371405
2.199114857512855 0.8518182254343712
2.2776546738526 1.089616159426244
2.356194490192345 0.8037463305622116
2.4347343065320897 0.6463318330196792
2.5132741228718345 0.8830489570235995
2.5918139392115793 1.1161153497717706
2.670353755551324 1.1387709255059424
2.748893571891069 0.8404287312198536
2.827433388230814 1.0039502324348522
2.9059732045705586 0.9122806264452692
2.9845130209103035 1.2718421742131727
3.0630528372500483 1.2126679894736216
3.141592653589793 0.9451908508553308
3.220132469929538 1.0318904504212927
3.2986722862692828 1.0553530594416103
3.3772121026090276 0.8960254761152648
3.4557519189487724 0.8801476355882826
3.5342917352885173 0.942636760356812
3.612831551628262 1.0811816329498565
3.691371367968007 0.7106236800788197
3.7699111843077517 1.0105793646697625
3.8484510006474966 0.9170874137186786
3.9269908169872414 1.043488412714348
4.005530633326986 0.935724747533336
4.084070449666731 0.9113176282285826
4.162610266006476 0.9230403566397168
4.241150082346221 0.911292787293866
4.319689898685965 1.011776318640965
4.39822971502571 0.9672223387622011
4.476769531365456 0.9464008246854633
4.5553093477052 0.7657092590671579
4.633849164044944 1.1116147444571736
4.71238898038469 0.9416115509595847
4.790928796724435 1.1070413121711533
4.869468613064179 1.205046990651996
4.948008429403924 1.1894480296127927
5.026548245743669 0.9073794337995585
5.105088062083414 0.9380454605981131
5.183627878423159 1.0652228894458482
5.262167694762903 1.0954718812416857
5.340707511102648 1.2213327225788513
5.419247327442394 0.896672419331011
5.497787143782138 1.0226743670556342
5.576326960121882 0.7982066459598023
5.654866776461628 0.9058966559193875
5.733406592801373 0.8934363889785759
5.811946409141117 0.8855527053200819
5.890486225480862 1.0485237029051848
5.969026041820607 0.8226373260379943
6.047565858160352 0.9499106058526267
6.126105674500097 0.8347605219701864
6.204645490839841 1.2466865479519993
6.283185307179586 0.8014163246005677
6.3617251235193315 1.1194815458784808
6.440264939859076 1.1591450359789184
6.51880475619882 0.8787411525958808
6.5973445725385655 1.1365043182832562
6.675884388878311 1.0573574965125272
6.754424205218055 0.8102432344023979
6.8329640215578 1.0194516682620116
6.911503837897545 0.9624888747595969
6.99004365423729 0.8635891741803209
7.0685834705770345 0.9104737693721536
7.147123286916779 0.9346733577932687
7.225663103256524 1.1140095235117289
7.304202919596269 1.044307435742918
7.382742735936014 1.0680855764970678
7.461282552275758 1.1002937059669602
7.5398223686155035 0.8886712369917619
7.618362184955249 0.9265745810004836
7.696902001294993 0.879221121365409
7.7754418176347375 0.884498315022239
