0.15 0.8630433145009416
0.44999999999999996 0.8628625235404896
0.75 0.8251826741996233
1.05 0.8639736346516007
1.3499999999999999 0.8841393596986817
1.65 0.9061770244821092
1.95 0.9329736346516008
2.25 0.9680941619585688
2.55 0.9171224105461394
2.85 0.9520112994350283
3.15 0.9278606403013183
3.4499999999999997 0.941909604519774
3.75 0.9918549905838041
4.05 1.0054387947269303
4.35 1.0246101694915255
4.6499999999999995 1.0849566854990584
4.95 1.0974632768361583
5.25 1.0952259887005649
5.55 1.0625084745762712
5.85 1.0706854990583805
6.1499999999999995 1.058713747645951
6.45 1.0146967984934088
6.75 0.9874595103578154
7.05 0.9766421845574388
7.35 0.9688210922787194
7.6499999999999995 0.9782203389830508
7.949999999999999 0.9806158192090395
8.25 1.025502824858757
8.549999999999999 1.0460677966101695
8.85 1.0595254237288136
9.15 1.0899717514124294
9.45 1.094542372881356
9.75 1.0441035781544257
10.049999999999999 1.0095273069679849
10.35 1.0066158192090395
10.65 1.0040320150659134
10.95 1.0166195856873823
11.25 1.0091092278719398
11.549999999999999 0.9926421845574388
11.85 0.9776459510357816
12.15 0.9588305084745763
12.45 0.9578267419962335
12.75 1.000647834274953
13.049999999999999 1.0508097928436912
13.35 1.0670037664783427
13.65 1.0322843691148775
13.95 1.0483954802259887
14.25 1.0387419962335216
14.549999999999999 1.000743879472693
14.85 1.0250772128060264
15.149999999999999 1.0031902071563088
15.45 1.002743879472693
15.75 0.9852015065913371
16.05 0.9344764595103578
16.349999999999998 0.9368116760828625
16.65 1.006834274952919
16.95 1.0283352165725048
17.25 1.0330282485875706
17.55 1.0260320150659135
17.849999999999998 1.0514500941619587
18.15 1.002201506591337
18.45 1.0477419962335217
18.75 1.0421393596986817
19.05 1.0084538606403013
19.349999999999998 1.0001468926553672
19.65 0.9889736346516007
19.95 0.9925687382297552
20.25 1.001683615819209
20.55 1.0284237288135594
20.849999999999998 1.0297363465160074
21.15 0.9886911487758946
21.45 0.9311751412429379
21.75 0.9423596986817325
22.05 0.9755913370998117
22.349999999999998 1.0326704331450094
22.65 1.0029868173258003
22.95 0.9986817325800377
23.25 0.9897627118644068
23.55 1.0112033898305084
23.849999999999998 1.0313653483992467
24.15 1.005403013182674
24.45 1.0035047080979285
24.75 1.0454425612052731
25.05 1.0355254237288136
25.349999999999998 1.0474990583804142
25.65 1.049261770244821
25.95 1.0906854990583803
26.25 1.0074331450094163
26.55 1.007728813559322
26.849999999999998 1.0040922787193973
27.15 0.9829359698681732
27.45 0.9439736346516008
27.75 0.9266158192090396
28.05 0.9936139359698681
28.349999999999998 0.994758945386064
28.65 0.9761374764595103
28.95 1.0052222222222222
29.25 1.0261864406779662
29.549999999999997 1.0033559322033898
29.849999999999998 0.9964312617702448
