# k values and corresponding S(k) [pure estimator]
0.0 45.513517329211396
0.10471975511965977 0.6265161725063997
0.20943951023931953 0.821230845815863
0.3141592653589793 0.9182188561503826
0.41887902047863906 0.9614810740406243
0.5235987755982988 0.9532758194829198
0.6283185307179586 0.903187018584061
0.7330382858376183 0.9777338563202058
0.8377580409572781 0.952785874208717
0.9424777960769379 0.9502689846220796
1.0471975511965976 0.9730267456851484
1.1519173063162573 0.9601919632117205
1.2566370614359172 0.9927354980579166
1.361356816555577 0.9734684728919215
1.4660765716752366 0.9846807573979808
1.5707963267948966 0.9889923561282926
1.6755160819145563 0.935028048495392
1.780235837034216 0.981066754285757
1.8849555921538759 0.9687973323694037
1.9896753472735356 1.0103510119990766
2.0943951023931953 0.9667821269323467
2.199114857512855 0.9822122173663073
2.3038346126325147 0.9711300593218377
2.4085543677521746 0.9723547790911554
2.5132741228718345 0.985494963904247
2.617993877991494 1.026698324913432
2.722713633111154 0.995292107358689
2.827433388230814 0.9830256479883368
2.9321531433504733 0.9929984325629193
3.036872898470133 1.014421992084737
3.141592653589793 0.9701188650382889
3.2463124087094526 0.9857849815053364
3.3510321638291125 0.9974542482298052
3.4557519189487724 0.9473931899796437
3.560471674068432 0.9517001492470328
3.665191429188092 1.0065940701090972
3.7699111843077517 0.9945074460389456
3.874630939427411 0.9812120483339597
3.979350694547071 0.9712436908548342
4.084070449666731 0.9926781190565112
4.1887902047863905 0.9926450571601865
4.29350995990605 0.9482478234930077
4.39822971502571 0.9518272986724879
4.50294947014537 0.9760138134224767
4.607669225265029 0.980647355050628
4.71238898038469 0.9844736594210068
4.817108735504349 0.9836269337785507
4.921828490624009 0.9945910224811871
5.026548245743669 0.994084535292247
5.1312680008633285 0.9703514339443496
5.235987755982988 0.9781739873302676
5.340707511102648 0.9698349533619642
5.445427266222308 1.0014894951919306
5.550147021341967 0.9827330422599195
5.654866776461628 0.9467711629080927
5.759586531581287 0.9818135953557267
5.864306286700947 0.9916981658093883
5.969026041820607 0.9920209819952944
6.073745796940266 0.9569114249396502
6.178465552059926 0.9657702631108895
6.283185307179586 0.9928035425046964
6.387905062299246 0.9748631886211385
6.492624817418905 1.0000112116547286
6.5973445725385655 0.9437528724551956
6.702064327658225 0.9754999265117762
6.8067840827778845 0.9895952215051129
6.911503837897545 1.00797122291553
7.016223593017204 1.000558995075018
7.120943348136864 0.9828849371758784
7.225663103256524 0.9724270963692625
7.330382858376184 0.9798713286700742
7.435102613495843 0.967612251302952
7.5398223686155035 1.0097294811373856
7.644542123735163 0.9913459607119814
7.749261878854822 0.9785068916717371
