# r  Cs(r) [pure estimator]
0.075 3.7075270461718e-5
0.22499999999999998 3.5607554423434835e-5
0.375 3.509487121437899e-5
0.525 3.379883244680816e-5
0.6749999999999999 3.4969483509722376e-5
0.825 3.906105881493709e-5
0.975 3.655248117081607e-5
1.125 3.615057390569548e-5
1.275 3.464551579942659e-5
1.425 3.8829622542111256e-5
1.575 3.4438314768628315e-5
1.7249999999999999 3.1154214636701086e-5
1.875 3.360073727585459e-5
2.025 3.5088128586004976e-5
2.175 3.6052626276658795e-5
2.3249999999999997 3.148172317594952e-5
2.475 3.42461597151849e-5
2.625 3.593349123934928e-5
2.775 3.5832460303021175e-5
2.925 3.404346682743483e-5
3.0749999999999997 3.812068794074282e-5
3.225 3.557882988603848e-5
3.375 3.3319203790052966e-5
3.525 3.286535264767328e-5
3.675 3.535760783940392e-5
3.8249999999999997 3.346603873633537e-5
3.9749999999999996 3.415220420870241e-5
4.125 3.1607189653747904e-5
4.2749999999999995 3.1686089030717966e-5
4.425 3.3311794153297146e-5
4.575 3.143229180112062e-5
4.725 3.21027536218438e-5
4.875 3.3232721204556934e-5
5.0249999999999995 3.59572717663364e-5
5.175 3.2101335406301965e-5
5.325 3.2759398146885255e-5
5.475 3.240701740555382e-5
5.625 2.9970669125473016e-5
5.7749999999999995 3.3070461978495796e-5
5.925 3.202569946952058e-5
6.075 3.368318838844182e-5
6.225 3.1154848185659586e-5
6.375 3.51603655036742e-5
6.5249999999999995 3.363064925956949e-5
6.675 3.0660614497431293e-5
6.825 3.2522503213354285e-5
6.975 3.314036846128294e-5
7.125 3.3098610932962437e-5
7.2749999999999995 3.2033459648270824e-5
7.425 3.3868243972054644e-5
7.574999999999999 3.289705928893862e-5
7.725 3.327116783913439e-5
7.875 3.4749163028404364e-5
8.025 3.3582564104704115e-5
8.174999999999999 3.2472336520989396e-5
8.325 3.578789866941743e-5
8.475 3.481106362954686e-5
8.625 3.351798531825087e-5
8.775 3.5141789401710437e-5
8.924999999999999 3.120376260486119e-5
9.075 3.3280655680864875e-5
9.225 3.152373373023306e-5
9.375 3.217780199369248e-5
9.525 3.59297744458011e-5
9.674999999999999 2.8309040506814296e-5
9.825 3.435531271078347e-5
9.975 3.548877858799945e-5
10.125 3.1988106032175464e-5
10.275 3.2324292328621377e-5
10.424999999999999 3.378515207672767e-5
10.575 3.2484487266344165e-5
10.725 3.213543993172848e-5
10.875 3.383247639873135e-5
11.025 3.1432730953831696e-5
11.174999999999999 3.474833290468491e-5
11.325 3.2801770345496174e-5
11.475 3.377277543618246e-5
11.625 3.355053101821288e-5
11.775 3.354186867746077e-5
11.924999999999999 3.157688856903461e-5
12.075 3.5159286227911544e-5
12.225 3.3424790840918824e-5
12.375 3.307910884489399e-5
12.525 3.0882645399819085e-5
12.674999999999999 3.182068279205201e-5
12.825 3.4095308413172305e-5
12.975 3.323545644989688e-5
13.125 3.341958492403616e-5
13.275 3.3228210113376636e-5
13.424999999999999 3.127935176357431e-5
13.575 3.309391881041414e-5
13.725 2.8635692430017173e-5
13.875 3.315359227034433e-5
14.025 3.324515797610367e-5
14.174999999999999 2.9374278572020053e-5
14.325 3.340215562018297e-5
14.475 3.4562093744389135e-5
14.625 3.2811846832199085e-5
14.774999999999999 3.179015894196587e-5
14.924999999999999 3.5207527597776526e-5
