block_size         error    difference      rel_diff
-------------------------------------------------------
       2  1.896735e-08  7.851162e-09  4.139303e-01
       4  2.681852e-08  1.109517e-08  4.137132e-01
       8  3.791369e-08  1.566855e-08  4.132690e-01
      16  5.358224e-08  2.209825e-08  4.124174e-01
      32  7.568049e-08  3.109366e-08  4.108544e-01
      64  1.067742e-07  4.356478e-08  4.080086e-01
     128  1.503389e-07  6.062350e-08  4.032455e-01
     256  2.109624e-07  8.346851e-08  3.956558e-01
     512  2.944309e-07  1.134841e-07  3.854354e-01
    1024  4.079151e-07  1.534515e-07  3.761848e-01
    2048  5.613665e-07  2.096893e-07  3.735336e-01
    4096  7.710558e-07  2.916034e-07  3.781872e-01
    8192  1.062659e-06  3.861034e-07  3.633370e-01
   16384  1.448763e-06  4.925917e-07  3.400085e-01
   32768  1.941354e-06  5.235945e-07  2.697058e-01
   65536  2.464949e-06  4.011990e-07  1.627616e-01
  131072  2.866148e-06           ---           ---
