0.025 -0.1046985446985447
0.07500000000000001 -0.12245909766980664
0.125 -0.16029499025175892
0.17500000000000002 -0.09748903945795137
0.225 -0.12502013855324634
0.275 -0.1465550647136325
0.325 -0.13987192450286484
0.375 -0.14334305150631682
0.42500000000000004 -0.12972972972972974
0.47500000000000003 -0.12206204951425885
0.525 -0.157306025994486
0.5750000000000001 -0.16133768352365416
0.625 -0.16419324281654563
0.675 -0.15811534580454864
0.7250000000000001 -0.13503305004721436
0.775 -0.21492743607463718
0.8250000000000001 -0.1868626274745051
0.875 -0.1787751425998199
0.925 -0.15584415584415584
0.9750000000000001 -0.1505226990277067
1.0250000000000001 -0.15750645518258946
1.075 -0.1923239734725554
1.125 -0.1973399088395726
1.175 -0.18070845502883248
1.225 -0.12516884286357496
1.2750000000000001 -0.11417015539629603
1.3250000000000002 -0.12727272727272726
1.375 -0.10196699073027357
1.425 -0.12883703973751368
1.475 -0.12702356750244712
1.5250000000000001 -0.15301055245189324
1.5750000000000002 -0.16880904444788603
1.625 -0.10664973813680369
1.675 -0.16625842008573177
1.725 -0.14207920792079207
1.7750000000000001 -0.14645017510347022
1.8250000000000002 -0.16790279311977277
1.875 -0.16117484338133595
1.925 -0.1343813387423935
1.975 -0.11434445674521587
2.025 -0.17363447060707993
2.075 -0.18362627197039777
2.125 -0.11433668504703211
2.1750000000000003 -0.12488364877443375
2.225 -0.15313081215127092
2.275 -0.14294810569882202
2.325 -0.12675174195568778
2.375 -0.11024014822204803
2.4250000000000003 -0.1426665678499963
2.475 -0.09897306146748028
2.5250000000000004 -0.1419634605815028
2.575 -0.07599553405284704
2.625 -0.07943545407522352
2.6750000000000003 -0.10350727117194183
2.725 -0.07511375568778439
2.7750000000000004 -0.028605661225101095
2.825 -0.0642041736348433
2.875 -0.04612099644128114
2.9250000000000003 -0.10192761059492442
2.975 -0.04084340902388676
3.0250000000000004 -0.07084042191221504
3.075 -0.06895840495015469
3.125 -0.03964820200014185
3.1750000000000003 -0.09433139534883721
3.225 -0.06690308940871581
3.2750000000000004 -0.13242713004484305
3.325 -0.05877275016185886
3.375 -0.09427777381885555
3.4250000000000003 -0.14454692670562558
3.475 -0.1398913865401801
3.5250000000000004 -0.09134096307492982
3.575 -0.07384103565487814
3.625 -0.03111111111111111
3.6750000000000003 -0.051883745963401506
3.725 -0.09665400874113349
3.7750000000000004 -0.06395851339671564
3.825 -0.0752441125789776
3.875 -0.11952645842247896
3.9250000000000003 -0.10626662725391664
3.975 -0.0523312456506611
4.025 -0.09231762427372499
4.075 -0.127464432729111
4.125 -0.1268640587853901
4.175 -0.07823392718822618
4.2250000000000005 -0.12091319052987598
4.275 -0.06359773371104815
4.325 -0.060798155885319116
4.375 -0.09609465836810067
4.425 -0.08096280087527352
4.4750000000000005 -0.06880314849954319
4.525 -0.01717490361023484
4.575 -0.06381243628950051
4.625 -0.07511171005035819
4.675 -0.020149920913279693
4.7250000000000005 -0.08618233618233619
4.775 -0.0508450803001613
4.825 -0.08167741077955738
4.875 -0.10533460024433283
4.925000000000001 -0.11141130465694987
4.9750000000000005 -0.05255296034763715
