# r  Cs(r) [pure estimator]
0.2 -1.0568112024656955e-6
0.6000000000000001 -1.7399652929184803e-6
1.0 -2.1832399526249403e-6
1.4000000000000001 -2.376167819317197e-6
1.8 -2.587638332788119e-6
2.2 -2.7581236838215863e-6
2.6 -2.779683526228185e-6
3.0 -2.752297277998348e-6
3.4000000000000004 -2.0007945950000537e-6
3.8000000000000003 -1.2445515996126483e-6
4.2 -1.3530390161588308e-6
4.6000000000000005 -2.2728781235219546e-6
5.0 -1.2623596712518656e-6
5.4 -1.8005731483076804e-6
5.800000000000001 -2.4266583422856948e-6
6.2 -2.2330854650459396e-6
6.6000000000000005 -7.349619548108407e-7
7.0 -2.519136674042665e-6
7.4 -1.644962805239553e-6
7.800000000000001 -1.5560354708229577e-6
8.200000000000001 -1.5573042384657792e-6
8.6 -7.077913191038563e-7
9.0 7.165459527636668e-8
9.4 -1.95643932836943e-6
9.8 -2.0038721609670514e-6
10.200000000000001 -2.3331706938516796e-6
10.600000000000001 -1.796767079285961e-6
11.0 -2.921367727090178e-6
11.4 -1.5962702204922744e-6
11.8 -1.990745722427112e-6
12.200000000000001 -9.781253510572568e-7
12.600000000000001 -2.2493508212619568e-7
13.0 -2.8368440859169088e-6
13.4 -1.9481882856690664e-7
13.8 -1.0390357007317675e-6
14.200000000000001 -7.748366346152922e-8
14.600000000000001 -1.8222773615883642e-6
15.0 -5.478542545075497e-7
15.4 -1.6690768155335214e-6
15.8 -1.486739835962819e-6
16.2 -2.9474491583640845e-7
16.6 2.3050626192867507e-7
17.0 -1.6163609641963977e-6
17.400000000000002 -1.2736602882986913e-6
17.8 -1.0858070055514012e-6
18.2 -1.5024386631282452e-6
18.6 -4.215372693668707e-7
19.0 2.069264204009159e-7
19.400000000000002 -5.836603798086299e-7
19.8 -1.9417299118389346e-6
20.200000000000003 -1.5328934013145894e-6
20.6 -2.4206455582055855e-6
21.0 -2.9428711513985924e-6
21.400000000000002 -1.7655634200001348e-6
21.8 -1.7115889582901785e-6
22.200000000000003 -1.1806264328808566e-6
22.6 -6.120646799977894e-7
23.0 -1.3858732982368809e-6
23.400000000000002 -1.7682491723308283e-7
23.8 -2.0604058291908777e-6
24.200000000000003 -2.0632459430616597e-6
24.6 -8.391103436293534e-7
25.0 -2.4231186888099576e-6
25.400000000000002 -1.9060190276332771e-6
25.8 -3.995136561879991e-6
26.200000000000003 -5.03091886029033e-7
26.6 -1.3355703126610523e-6
27.0 -6.885251165508708e-8
27.400000000000002 -1.4658445868626806e-6
27.8 -9.19132955153503e-7
28.200000000000003 -2.2438845436952137e-7
28.6 4.5470713040236817e-7
29.0 -2.138237266697112e-6
29.400000000000002 -1.842549104453214e-6
29.8 -1.5541245914346522e-6
30.200000000000003 4.064910266806882e-7
30.6 -2.0946393968543051e-7
31.0 -7.019034817716858e-7
31.400000000000002 -1.873541639028806e-6
31.8 -9.13309289253244e-7
32.2 -4.7055148355602093e-7
32.6 -5.55725883453652e-7
33.0 7.206261954875399e-7
33.4 -2.064549688663543e-6
33.800000000000004 5.294790263254371e-7
34.2 -9.984652647421955e-7
34.6 -7.10844351258671e-7
35.0 -1.6152302623989844e-6
35.4 -1.097830265819484e-6
35.800000000000004 -1.8757402323795054e-6
36.2 -1.635932682836678e-6
36.6 2.655894298673135e-7
37.0 -1.5157772293378902e-6
37.4 -1.1581956741973685e-7
37.800000000000004 -8.125404571757112e-7
38.2 -1.8618050235509266e-6
38.6 -1.4629631066966808e-6
39.0 -1.0806201285924776e-6
39.400000000000006 -6.802992570438271e-7
39.800000000000004 -9.174742150628885e-7
