# P_value  count
-1.0 0.0
-0.975 0.0
-0.95 0.0
-0.925 0.0
-0.9 0.0
-0.875 0.0
-0.85 0.0
-0.825 0.0
-0.8 0.0
-0.775 0.0
-0.75 0.0
-0.725 0.0
-0.7 0.0
-0.675 0.0
-0.65 0.0
-0.625 0.0
-0.6 0.0
-0.575 0.0
-0.55 0.0
-0.525 0.0
-0.5 1.0
-0.475 0.0
-0.45 2.0
-0.425 4.0
-0.4 37.0
-0.375 40.0
-0.35 90.0
-0.325 144.0
-0.3 279.0
-0.275 636.0
-0.25 1323.0
-0.225 2068.0
-0.2 3200.0
-0.175 4731.0
-0.15 7096.0
-0.125 9897.0
-0.1 12539.0
-0.075 14837.0
-0.05 17271.0
-0.025 19307.0
0.0 20372.0
0.025 19102.0
0.05 17803.0
0.075 15808.0
0.1 13141.0
0.125 10303.0
0.15 7428.0
0.175 5416.0
0.2 3362.0
0.225 2186.0
0.25 1281.0
0.275 693.0
0.3 318.0
0.325 179.0
0.35 67.0
0.375 16.0
0.4 9.0
0.425 5.0
0.45 0.0
0.475 0.0
0.5 0.0
0.525 0.0
0.55 0.0
0.575 0.0
0.6 0.0
0.625 0.0
0.65 0.0
0.675 0.0
0.7 0.0
0.725 0.0
0.75 0.0
0.775 0.0
0.8 0.0
0.825 0.0
0.85 0.0
0.875 0.0
0.9 0.0
0.925 0.0
0.95 0.0
0.975 0.0
1.0 0.0
