# P_value  count
-1.0 8094.0
-0.9666666666666667 24422.0
-0.9333333333333333 40127.0
-0.9 46096.0
-0.8666666666666667 35082.0
-0.8333333333333334 21320.0
-0.8 12371.0
-0.7666666666666667 6002.0
-0.7333333333333333 2464.0
-0.7 1717.0
-0.6666666666666666 369.0
-0.6333333333333333 238.0
-0.6 37.0
-0.5666666666666667 19.0
-0.5333333333333333 5.0
-0.5 29.0
-0.4666666666666667 1.0
-0.43333333333333335 0.0
-0.4 0.0
-0.36666666666666664 0.0
-0.3333333333333333 0.0
-0.3 0.0
-0.26666666666666666 0.0
-0.23333333333333334 0.0
-0.2 0.0
-0.16666666666666666 0.0
-0.13333333333333333 0.0
-0.1 0.0
-0.06666666666666667 0.0
-0.03333333333333333 0.0
0.0 985.0
0.03333333333333333 0.0
0.06666666666666667 0.0
0.1 0.0
0.13333333333333333 0.0
0.16666666666666666 0.0
0.2 0.0
0.23333333333333334 0.0
0.26666666666666666 0.0
0.3 0.0
0.3333333333333333 0.0
0.36666666666666664 0.0
0.4 0.0
0.43333333333333335 0.0
0.4666666666666667 0.0
0.5 0.0
0.5333333333333333 0.0
0.5666666666666667 2.0
0.6 3.0
0.6333333333333333 0.0
0.6666666666666666 29.0
0.7 69.0
0.7333333333333333 12.0
0.7666666666666667 54.0
0.8 7.0
0.8333333333333334 13.0
0.8666666666666667 15.0
0.9 7.0
0.9333333333333333 19.0
0.9666666666666667 0.0
1.0 0.0
