# k values and corresponding S(k) [pure estimator]
0.0 46.94008488287766
0.10471975511965977 0.6128262576841897
0.20943951023931953 0.8080366118155
0.3141592653589793 0.905156516263806
0.41887902047863906 0.8856727799076434
0.5235987755982988 0.9275725402320484
0.6283185307179586 0.9729247552115008
0.7330382858376183 0.9584691708377325
0.8377580409572781 0.9685519341506095
0.9424777960769379 0.9800919185411857
1.0471975511965976 0.9659724310341499
1.1519173063162573 0.9887409581985803
1.2566370614359172 0.959740311574053
1.361356816555577 0.943569195353012
1.4660765716752366 0.9646687795097005
1.5707963267948966 0.9954896232926004
1.6755160819145563 0.9777616072605724
1.780235837034216 1.0008354829486787
1.8849555921538759 0.9875670128664215
1.9896753472735356 0.9522329544400256
2.0943951023931953 0.9991332469668971
2.199114857512855 1.020586883153492
2.3038346126325147 0.9437104181480771
2.4085543677521746 0.9618330487071128
2.5132741228718345 0.9746502087592078
2.617993877991494 0.9998733086203779
2.722713633111154 0.9862895811175926
2.827433388230814 0.9820215482830749
2.9321531433504733 1.015846009083813
3.036872898470133 0.9897745999519916
3.141592653589793 0.9842044079248521
3.2463124087094526 0.9936114197433598
3.3510321638291125 0.9592355224489466
3.4557519189487724 1.0062683580126666
3.560471674068432 1.001142789685577
3.665191429188092 1.001834541169562
3.7699111843077517 1.0142328304648511
3.874630939427411 1.0059838978299702
3.979350694547071 0.9709309709676726
4.084070449666731 0.9678475254506634
4.1887902047863905 1.0242425009146086
4.29350995990605 0.9674147988078624
4.39822971502571 0.970875710323837
4.50294947014537 0.9854709525625561
4.607669225265029 0.99795167564159
4.71238898038469 1.0174800648982618
4.817108735504349 0.9934557569578244
4.921828490624009 1.0102339695367923
5.026548245743669 0.9559445002534274
5.1312680008633285 0.9542415151248455
5.235987755982988 0.9730143184344571
5.340707511102648 0.9695349999082009
5.445427266222308 0.977447337527494
5.550147021341967 1.0246184866445116
5.654866776461628 0.9674514260623497
5.759586531581287 0.9804729471963094
5.864306286700947 0.9614460955822958
5.969026041820607 0.9925960287636814
6.073745796940266 0.9535232130773461
6.178465552059926 0.9672243322799927
6.283185307179586 0.9821776893557117
6.387905062299246 1.0000477728703094
6.492624817418905 0.977880858941879
6.5973445725385655 1.0070686893541478
6.702064327658225 0.9720870611647845
6.8067840827778845 0.9690939977268701
6.911503837897545 0.9672674164370799
7.016223593017204 0.9863662611201208
7.120943348136864 0.9985492238650576
7.225663103256524 0.9779409462081573
7.330382858376184 0.991043735478771
7.435102613495843 1.0214176716595058
7.5398223686155035 0.9782185674867183
7.644542123735163 0.9887776936813466
7.749261878854822 1.0204189161519475
