# r  Cs(r) [pure estimator]
0.125 0.00022710332883584704
0.375 0.00022759946993046259
0.625 0.00022734841470638937
0.875 0.00022843204948865532
1.125 0.00022661022949884728
1.375 0.00022549998225876894
1.625 0.00022795752366454143
1.875 0.00022576952988549994
2.125 0.00022760740406377797
2.375 0.00022712705713245167
2.625 0.00022547970077303202
2.875 0.00022803894587731854
3.125 0.00022535365371453516
3.375 0.00022771016594259655
3.625 0.00022665671585646592
3.875 0.00022570358745784084
4.125 0.00022686738592748198
4.375 0.00022384652328974244
4.625 0.00022681758602334596
4.875 0.0002249239206290666
5.125 0.0002270074292182535
5.375 0.00022682812518049682
5.625 0.00022367825203901986
5.875 0.00022459246973179133
6.125 0.000223603262295535
6.375 0.00022590007926651465
6.625 0.00022593102412462896
6.875 0.00022422966449853204
7.125 0.0002230367963242582
7.375 0.0002262267868665932
7.625 0.00022416636862869916
7.875 0.00022729891214189258
8.125 0.00022472096372538747
8.375 0.00022472788227040577
8.625 0.0002231761383347563
8.875 0.00022320043600246688
9.125 0.000227156485839369
9.375 0.0002253801312162115
9.625 0.00022237026694681865
9.875 0.00022495741885467487
10.125 0.0002237081237805884
10.375 0.00022460982962221624
10.625 0.00022267760200849455
10.875 0.00022405262968623835
11.125 0.00022392207562619087
11.375 0.00022381863959752954
11.625 0.00022529104025955006
11.875 0.00022053402227423385
12.125 0.0002234427085841587
12.375 0.00022146619689478682
12.625 0.00022516067076537162
12.875 0.00022531173818489443
13.125 0.0002229275432822039
13.375 0.00022282417310095148
13.625 0.00022541689499705136
13.875 0.0002214910689810271
14.125 0.00022421490581575208
14.375 0.00022213052251316182
14.625 0.00022233500601482402
14.875 0.00022429663118446182
15.125 0.0002235290473168301
15.375 0.0002248876305984037
15.625 0.0002247389327661584
15.875 0.00022502598042229357
16.125 0.0002231211999180706
16.375 0.00022289053777307802
16.625 0.0002240965491101822
16.875 0.00022236211180968153
17.125 0.00022141898885101211
17.375 0.0002213827241547146
17.625 0.0002224633238418643
17.875 0.00022068281850094648
18.125 0.00022433887299623957
18.375 0.00022272800556941561
18.625 0.0002232201061431287
18.875 0.0002244707121474371
19.125 0.00022251806698222361
19.375 0.00022567408594756106
19.625 0.00022352976939213535
19.875 0.00022563107241433192
20.125 0.00022257308597688444
20.375 0.0002217960498307655
20.625 0.00022182941803901946
20.875 0.00022374696109021282
21.125 0.0002236903780611427
21.375 0.00022254535336431575
21.625 0.0002241296248783971
21.875 0.0002241186089115406
22.125 0.0002246787984758822
22.375 0.00022474326110325825
22.625 0.00022248459406831733
22.875 0.00022145613615102603
23.125 0.00022122416730005384
23.375 0.00022221991542284775
23.625 0.00022091460038701046
23.875 0.00022446270131530193
24.125 0.00022291050458005929
24.375 0.00022197083714148633
24.625 0.00022334839896626324
24.875 0.0002248824100636915
