# k values and corresponding S(k) [pure estimator]
0.0 1.9180237384907208
0.07853981633974483 1.1334420780181675
0.15707963267948966 1.026945926372971
0.23561944901923448 1.012777793571197
0.3141592653589793 0.9976690290560015
0.39269908169872414 1.027137668227695
0.47123889803846897 0.9834660971932657
0.5497787143782138 1.0145008874070653
0.6283185307179586 0.9874350661079319
0.7068583470577035 1.0195631538868963
0.7853981633974483 0.9948425712963824
0.8639379797371931 1.0000398601327263
0.9424777960769379 0.9955382533409024
1.0210176124166828 0.9922794234026667
1.0995574287564276 0.9937720182950386
1.1780972450961724 0.9989548891341561
1.2566370614359172 1.0018800921061857
1.335176877775662 0.9972108230096839
1.413716694115407 1.003849615738932
1.4922565104551517 1.009694238484265
1.5707963267948966 1.001431289500083
1.6493361431346414 1.0013400480351433
1.7278759594743862 1.012444665920938
1.806415775814131 0.9950361958513847
1.8849555921538759 0.9832197278853261
1.9634954084936207 1.0036017438496283
2.0420352248333655 0.9959029070658869
2.1205750411731104 0.9901270144098444
2.199114857512855 1.0016727616500503
2.2776546738526 0.9994685702636392
2.356194490192345 0.9892121352991932
2.4347343065320897 0.9971809749839609
2.5132741228718345 1.0029956268916966
2.5918139392115793 1.004253974761176
2.670353755551324 0.996512996532297
2.748893571891069 1.0006841689705699
2.827433388230814 1.0009817456779435
2.9059732045705586 0.9991008538617184
2.9845130209103035 1.0148672760532054
3.0630528372500483 1.0047519548282684
3.141592653589793 0.9981153169222976
3.220132469929538 1.0003007088288014
3.2986722862692828 1.0069149829100612
3.3772121026090276 0.9951594736510284
3.4557519189487724 0.9992573494768616
3.5342917352885173 1.003530985363967
3.612831551628262 0.997373652344594
3.691371367968007 0.984830996812644
3.7699111843077517 0.9947040712356482
3.8484510006474966 0.9926451108266082
3.9269908169872414 1.012320179222247
4.005530633326986 0.9814576923470351
4.084070449666731 0.9915530480510313
4.162610266006476 1.0030615225040307
4.241150082346221 0.9922599863347886
4.319689898685965 0.9927315747805103
4.39822971502571 0.9930036591952716
4.476769531365456 1.0041633738986102
4.5553093477052 0.9935065354479823
4.633849164044944 0.9963079366622444
4.71238898038469 1.000285094922726
4.790928796724435 0.9851752880588233
4.869468613064179 1.010881589456538
4.948008429403924 0.9864110325326809
5.026548245743669 0.9948545257935402
5.105088062083414 0.9942094205974947
5.183627878423159 0.9897204563255824
5.262167694762903 0.9935522934343076
5.340707511102648 0.9907361673631914
5.419247327442394 0.9942166736183594
5.497787143782138 1.0076347626322686
5.576326960121882 1.0081318299155981
5.654866776461628 0.9958607264413233
5.733406592801373 1.001098594450046
5.811946409141117 0.9983483720816798
