# block  <P^4>
1 0.0
2 0.5338349592592612
3 0.424716711683376
4 0.35748351437857623
5 0.4009657012345679
6 0.5147137456790093
7 0.3757333246913617
8 0.33825913815049385
9 0.4131310629629612
10 0.44369757407406907
11 0.4555023777777762
12 0.3987657225126354
13 0.29762308641975704
14 0.42787807777778036
15 0.4124287592592581
16 0.4376332876543168
17 0.32490895925925767
18 0.4311607498492158
19 0.3625214982548312
20 0.447716050617285
21 0.44947807901234843
22 0.4017397740740741
23 0.31558480864197724
24 0.47249721759721425
25 0.3368871407407381
26 0.4105297160493884
27 0.3321394407407428
28 0.42537391604938046
29 0.4902012728395042
30 0.44707678666320383
31 0.37935923456790305
32 0.4439653370370356
33 0.35189776172839476
34 0.4089656123456799
35 0.40825620740740437
36 0.324026588226591
37 0.351892390123457
38 0.334208440740742
39 0.35446881481481257
40 0.4512254456790131
41 0.3663542160493856
42 0.3913406654320981
43 0.34920734574067785
44 0.39802280682280633
45 0.5061133888888831
46 0.4334301766836633
47 0.3104096950617322
48 0.42226486049382445
49 0.3566597209876511
50 0.4460966370370333
51 0.44973379629629784
52 0.46609428102761297
53 0.4686396395061719
54 0.4116222271604944
55 0.35733249051520877
56 0.43111313131313567
57 0.4888419210419192
58 0.4464998975308634
59 0.3294411049382723
60 0.32286384444444527
61 0.3781338180338171
62 0.44609503330490674
63 0.356167616049384
64 0.43103102238040103
65 0.37330802839506344
66 0.36043313580246894
67 0.37096312345679205
68 0.3488811731478399
69 0.4431443925925927
70 0.3682186543209891
71 0.5041974506172797
72 0.3046203506172849
73 0.2852728715728739
74 0.46019762345678406
75 0.33089797407407434
76 0.34443872469135933
77 0.40211549753086334
78 0.3346917296296263
79 0.3077629962962991
80 0.5634064787064792
81 0.3270308592641942
82 0.4532431260097873
83 0.4050682851851805
84 0.40151362222222126
85 0.3138022296296301
86 0.4987861049382705
87 0.36413552098765695
88 0.43688012345678773
89 0.3774221480740018
90 0.3777102021435364
91 0.4366256716049355
92 0.36875832962962873
93 0.33930884320987814
94 0.4197313123456819
95 0.3797682490349177
96 0.3685473901234591
97 0.3898320036085487
98 0.43852749876542735
99 0.38126279242205147
100 0.3020402278822023
101 0.4588479592592612
102 0.4030284309000336
103 0.3988676876543221
104 0.33330011481481825
105 0.4147559567901247
106 0.39113728271604953
107 0.35664306419753045
108 0.4620434706311297
109 0.3994832407407363
110 0.359180392447058
111 0.3308168530864229
112 0.42465052592592345
113 0.35912419259259365
114 0.42750398641975
115 0.392198070370367
116 0.3655262608287312
117 0.3230247074074065
118 0.44920688024690764
119 0.3388908567901217
120 0.39497849948714137
121 0.3150676528380238
122 0.43902054691357645
123 0.40901729876543236
124 0.38938783827160256
125 0.4090694012345699
126 0.43941739764455584
127 0.3522782567901264
128 0.30451749135802664
129 0.40347489382715923
130 0.3907070641975336
131 0.40355647746511764
132 0.3894859864197571
133 0.41181432098765286
134 0.3795737827160494
135 0.4049788940637226
136 0.35809773950617146
137 0.38298737037037045
138 0.3958005488338852
139 0.34647840246913486
140 0.39477632984299654
141 0.4296010592592572
142 0.3701001507680483
143 0.3630701765432117
144 0.3370897448230798
145 0.42200802345679117
146 0.41288077283950375
147 0.30030112839506296
148 0.5415184592592623
149 0.4377049938827668
150 0.44806320123456933
151 0.35749251086593165
152 0.3869613629629635
153 0.3332440740740753
154 0.3198024222222233
155 0.39930517283950273
156 0.35750634955943644
157 0.36374282391944307
158 0.3773536721907082
159 0.3730088580246923
160 0.3593315024691347
161 0.32463340246913586
162 0.47023376790123467
163 0.392982507407409
164 0.4183162259259289
165 0.4196226012345674
166 0.38168629876543414
167 0.36042542913283687
168 0.35360852839506174
169 0.3574207318429532
170 0.3077874333333344
171 0.35404693703703516
172 0.47675914085913773
173 0.3564987604938301
174 0.4474957728395065
175 0.3406117623796632
176 0.44087400246913355
177 0.40836818518519113
178 0.3802617678223817
179 0.49656189489522595
180 0.43496292226292216
181 0.41956937407407247
182 0.38813421728394876
183 0.43121247173099314
184 0.4735008547008579
185 0.4145884827160517
186 0.3529193580246875
187 0.4190826604938288
188 0.509771014814818
189 0.3297908790123434
190 0.42003655802469164
191 0.5569256851851845
192 0.3639406505270732
193 0.3706512246913534
194 0.3278529680196352
195 0.36310805308642014
196 0.384030537363871
197 0.4973571246913598
198 0.3782324481481473
199 0.400467004938273
200 0.37618542098765284
201 0.4113283827160471
202 0.37120660123456584
203 0.36774427884675104
204 0.3316166592592579
205 0.45952467283950416
206 0.3041326685660048
207 0.368078022712087
208 0.44206722592592373
