# block  <|P|>
1 0.0
2 0.8310333333333303
3 0.7997002997003017
4 0.7585919252585939
5 0.7831999999999968
6 0.8358666666666648
7 0.7750999999999924
8 0.7472806139472928
9 0.7938999999999964
10 0.8063000000000065
11 0.8075333333333264
12 0.7816149482816168
13 0.727666666666666
14 0.7957666666666644
15 0.7846333333333377
16 0.7952333333333284
17 0.738100000000002
18 0.7930874044533032
19 0.7661671661671703
20 0.8080333333333327
21 0.8042666666666567
22 0.7910999999999929
23 0.740966666666671
24 0.8194805194805207
25 0.7456000000000041
26 0.7912000000000015
27 0.7418333333333356
28 0.7953333333333286
29 0.821966666666661
30 0.7963630296963641
31 0.7689333333333355
32 0.794766666666671
33 0.7592333333333342
34 0.7831333333333307
35 0.784799999999996
36 0.7471195471195449
37 0.7586666666666677
38 0.7498999999999983
39 0.7540000000000109
40 0.8065666666666553
41 0.7694333333333327
42 0.7781666666666612
43 0.7525807525807494
44 0.7823509823509803
45 0.8337666666666576
46 0.7958083832335369
47 0.7353000000000048
48 0.7769000000000055
49 0.7626000000000083
50 0.8019999999999967
51 0.8090333333333347
52 0.8146520146520158
53 0.8106666666666619
54 0.783466666666662
55 0.7628962295629027
56 0.7985347985347893
57 0.8253080253080218
58 0.8019666666666645
59 0.748166666666667
60 0.7427333333333319
61 0.7750582750582735
62 0.8080747414080751
63 0.7645000000000031
64 0.7993660326993678
65 0.7751666666666669
66 0.7639333333333362
67 0.7657333333333258
68 0.7535131535131632
69 0.8048000000000062
70 0.7664000000000009
71 0.8309666666666585
72 0.728933333333327
73 0.7190476190476193
74 0.8105666666666711
75 0.7444333333333271
76 0.7544999999999975
77 0.7807666666666638
78 0.7424999999999986
79 0.7324333333333307
80 0.8503829503829401
81 0.7504162504162528
82 0.8074259074258994
83 0.779033333333334
84 0.7866000000000097
85 0.7369999999999935
86 0.8273666666666645
87 0.7582666666666703
88 0.7938666666666541
89 0.7682349015682323
90 0.7729270729270707
91 0.8017333333333334
92 0.7651666666666702
93 0.7528333333333308
94 0.7940333333333249
95 0.7764235764235741
96 0.7733333333333349
97 0.7818151484818182
98 0.8048666666666632
99 0.770470470470472
100 0.7265932599265994
101 0.8084333333333334
102 0.7830497163830513
103 0.7756999999999986
104 0.7502333333333251
105 0.7924333333333381
106 0.7790999999999922
107 0.7634666666666704
108 0.8122789456122671
109 0.7830333333333347
110 0.7601065601065663
111 0.7414333333333311
112 0.799733333333335
113 0.7654666666666635
114 0.7826999999999905
115 0.782566666666671
116 0.7672005338672001
117 0.7342999999999982
118 0.800766666666669
119 0.7536666666666771
120 0.7797130463797156
121 0.736536536536535
122 0.8064999999999991
123 0.7784666666666635
124 0.7818333333333394
125 0.7870333333333294
126 0.7939939939939933
127 0.7521999999999932
128 0.7346666666666594
129 0.7784666666666615
130 0.7807333333333274
131 0.7850517183850584
132 0.7768999999999929
133 0.7921333333333263
134 0.7642666666666597
135 0.7854291417165641
136 0.7612333333333312
137 0.7748000000000013
138 0.7799866799866746
139 0.7540666666666591
140 0.77582417582418
141 0.8017333333333349
142 0.7686019352686068
143 0.7583666666666661
144 0.7459873459873423
145 0.7981666666666593
146 0.7941999999999964
147 0.7302666666666701
148 0.8398666666666493
149 0.798198198198201
150 0.8018999999999922
151 0.7571715145436332
152 0.7805999999999982
153 0.7511333333333339
154 0.7413999999999988
155 0.7829333333333349
156 0.7608608608608592
157 0.7624582498330029
158 0.7718385051718415
159 0.7705666666666708
160 0.7571666666666664
161 0.7431333333333261
162 0.8092666666666656
163 0.7733666666666644
164 0.79416666666666
165 0.7940333333333346
166 0.759799999999991
167 0.7626626626626672
168 0.7592666666666708
169 0.7630296963630357
170 0.7357000000000037
171 0.7550333333333371
172 0.817016317016317
173 0.7605333333333314
174 0.8120666666666679
175 0.7523523523523598
176 0.7923999999999951
177 0.7829333333333257
178 0.7709913506320619
179 0.8253746253746314
180 0.7989010989010956
181 0.7972333333333321
182 0.7804000000000061
183 0.7973973973973859
184 0.8109890109890203
185 0.7876333333333353
186 0.7534666666666717
187 0.7850333333333229
188 0.8273999999999999
189 0.7437333333333336
190 0.7837333333333332
191 0.8477000000000029
192 0.7697364030697282
193 0.7619333333333334
194 0.7430902430902457
195 0.7682333333333278
196 0.779686979686977
197 0.8283666666666528
198 0.7699000000000047
199 0.7830666666666708
200 0.7695666666666675
201 0.7880000000000077
202 0.7684999999999985
203 0.7676676676676683
204 0.741866666666668
205 0.8086333333333285
206 0.7319680319680362
207 0.7684702738810982
208 0.8000333333333415
