# block  <P>
1 0.0
2 0.11499999999999935
3 0.2997999999999984
4 0.2900666666666673
5 0.26519853186519826
6 0.16566666666666763
7 0.39545758183032836
8 0.213200000000001
9 0.314485514485517
10 -0.3356666666666662
11 -0.6033966033966074
12 -0.6626666666666718
13 -0.7441999999999978
14 -0.6776666666666715
15 -0.6530000000000024
16 -0.7391999999999942
17 -0.6170000000000062
18 -0.810199999999999
19 -0.7608666666666618
20 -0.6714714714714678
21 -0.6692666666666757
22 -0.6214666666666712
23 -0.7696666666666678
24 -0.6799999999999996
25 -0.7901999999999975
26 -0.6416000000000025
27 -0.5955955955955988
28 -0.6177333333333365
29 -0.6478666666666716
30 -0.7127333333333288
31 -0.7137333333333286
32 -0.7078666666666668
33 -0.7149999999999964
34 -0.6767333333333313
35 -0.7175999999999944
36 -0.6785333333333295
37 -0.6807858807858841
38 -0.5945278611945356
39 -0.8466666666666582
40 -0.6854000000000046
41 -0.6398934398934426
42 -0.7878121878121955
43 -0.7151333333333357
44 -0.7134666666666664
45 -0.6894666666666659
46 -0.7215999999999989
47 -0.70646666666666
48 -0.7633333333333351
49 -0.8296296296296284
50 -0.7120666666666676
51 -0.7264000000000032
52 -0.7408000000000046
53 -0.6343333333333421
54 -0.7695333333333273
55 -0.6428238428238481
56 -0.7204000000000017
57 -0.7246666666666715
58 -0.6740592740592727
59 -0.6306973640306961
60 -0.6956666666666751
61 -0.6760666666666741
62 -0.6865532198865534
63 -0.6003333333333405
64 -0.7050666666666686
65 -0.6663329996663321
66 -0.7482000000000059
67 -0.8109999999999936
68 -0.7180666666666725
69 -0.6998000000000056
70 -0.6833333333333335
71 -0.682215548882213
72 -0.5915333333333385
73 -0.8953333333333139
74 -0.8487333333333291
75 -0.7440666666666672
76 -0.6228895562228939
77 -0.7886000000000004
78 -0.6764000000000063
79 -0.6684000000000027
80 -0.7334666666666694
81 -0.7285999999999941
82 -0.7166167166167104
83 -0.7703333333333324
84 -0.7650666666666657
85 -0.6495333333333367
86 -0.7565333333333308
87 -0.6735402068735401
88 -0.7190666666666633
89 -0.6108666666666694
90 -0.7216000000000068
91 -0.665734265734268
92 -0.7298035298035352
93 -0.6424666666666691
94 -0.6854187520854178
95 -0.7495333333333303
96 -0.675200000000006
97 -0.6114000000000005
98 -0.7304666666666583
99 -0.6831999999999956
100 -0.6080000000000025
101 -0.6785333333333352
102 -0.6255333333333389
103 -0.7309309309309263
104 -0.7239999999999931
105 -0.6682666666666679
106 -0.6345333333333366
107 -0.7535070140280465
108 -0.7788000000000018
109 -0.6909999999999976
110 -0.676257076257082
111 -0.753799999999995
112 -0.7742000000000038
113 -0.7385333333333285
114 -0.9003999999999993
115 -0.754000000000002
116 -0.6499833166499829
117 -0.6557891224557885
118 -0.6393333333333383
119 -0.6523333333333324
120 -0.7712666666666704
121 -0.7136863136863152
122 -0.6327333333333405
123 -0.8135333333333332
124 -0.7346666666666591
125 -0.6904666666666618
126 -0.7755333333333326
127 -0.6523999999999996
128 -0.7500666666666598
129 -0.6963333333333348
130 -0.6950666666666726
131 -0.7542666666666631
132 -0.6557333333333311
133 -0.7808666666666633
134 -0.6614000000000058
135 -0.5600666666666739
136 -0.8055112881806114
137 -0.7287287287287341
138 -0.7212666666666604
139 -0.6374666666666637
140 -0.7586000000000053
141 -0.7787333333333364
142 -0.876199999999997
143 -0.6887778887778885
144 -0.8379333333333338
145 -0.64826666666667
146 -0.7897897897897916
147 -0.7448000000000051
148 -0.6369333333333399
149 -0.7125792459125746
150 -0.7779333333333348
151 -0.7571333333333374
152 -0.6564000000000041
153 -0.6369333333333406
154 -0.7047999999999999
155 -0.7799333333333344
156 -0.7592407592407442
157 -0.7383333333333372
158 -0.635533333333336
159 -0.5952666666666724
160 -0.7046000000000007
161 -0.7550000000000062
162 -0.687999999999994
163 -0.7675999999999927
164 -0.6155999999999987
165 -0.631600000000003
166 -0.5774666666666727
167 -0.5848515181848574
168 -0.6282666666666704
169 -0.7120000000000004
170 -0.8418496340652019
171 -0.675599999999996
172 -0.686199999999995
173 -0.7495333333333402
174 -0.7467333333333392
175 -0.7198666666666662
176 -0.7090000000000091
177 -0.8575333333333264
178 -0.7306000000000032
179 -0.6779446112779443
180 -0.7089333333333371
181 -0.7749749749749718
182 -0.7016000000000083
183 -0.6383333333333362
184 -0.7681333333333387
185 -0.7294000000000058
186 -0.6267333333333398
187 -0.7667333333333244
188 -0.7188666666666723
189 -0.8030666666666594
190 -0.6722666666666681
191 -0.7796000000000098
192 -0.7598666666666654
193 -0.709133333333339
194 -0.6552666666666729
195 -0.7147333333333272
196 -0.7113333333333295
197 -0.874066666666668
198 -0.7511999999999975
199 -0.6632666666666714
200 -0.5024309024309058
201 -0.6306613226452966
202 -0.7562000000000046
203 -0.6797333333333359
204 -0.4897333333333369
205 -0.7130666666666658
206 -0.7223333333333317
207 -0.7232101232101203
208 -0.7238666666666744
