block_size         error    difference      rel_diff
-------------------------------------------------------
       2  5.236776e-07  2.169067e-07  4.141989e-01
       4  7.405842e-07  3.067419e-07  4.141891e-01
       8  1.047326e-06  4.337680e-07  4.141670e-01
      16  1.481094e-06  6.133590e-07  4.141256e-01
      32  2.094453e-06  8.672160e-07  4.140537e-01
      64  2.961669e-06  1.225852e-06  4.139058e-01
     128  4.187521e-06  1.732253e-06  4.136704e-01
     256  5.919774e-06  2.446180e-06  4.132218e-01
     512  8.365954e-06  3.449630e-06  4.123415e-01
    1024  1.181558e-05  4.852392e-06  4.106773e-01
    2048  1.666798e-05  6.772169e-06  4.062982e-01
    4096  2.344015e-05  9.235631e-06  3.940091e-01
    8192  3.267578e-05  1.174360e-05  3.593977e-01
   16384  4.441938e-05  1.248405e-05  2.810497e-01
   32768  5.690343e-05  9.749935e-06  1.713418e-01
   65536  6.665336e-05  6.737292e-06  1.010795e-01
  131072  7.339066e-05           ---           ---
