# k values and corresponding S(k) [pure estimator]
0.0 15.410512213520043
0.20943951023931953 0.8745183852368886
0.41887902047863906 0.9697622600401921
0.6283185307179586 0.9747558111157928
0.8377580409572781 0.959363268982121
1.0471975511965976 0.9841245806113375
1.2566370614359172 1.0022282680791301
1.4660765716752366 0.9871511377489034
1.6755160819145563 0.9591539877014653
1.8849555921538759 1.009625213354824
2.0943951023931953 0.9715574853027072
2.3038346126325147 0.9676989913634136
2.5132741228718345 0.962386042802547
2.722713633111154 0.9696835517785428
2.9321531433504733 0.9668780304742344
3.141592653589793 1.025594447183632
3.3510321638291125 0.9895654148568005
3.560471674068432 0.9719454230446712
3.7699111843077517 1.0546482762162024
3.979350694547071 0.9850170389265566
4.1887902047863905 0.9472176903577202
4.39822971502571 0.9922724956745783
4.607669225265029 0.9909262549078779
4.817108735504349 0.975835962520388
5.026548245743669 0.9901370290357371
5.235987755982988 0.9836115565115947
5.445427266222308 0.9992630057630421
5.654866776461628 0.9789183383708984
5.864306286700947 1.00250857778779
6.073745796940266 0.9643380429758146
6.283185307179586 0.9883217821402085
6.492624817418905 0.9600410404293366
6.702064327658225 0.9930206194404175
6.911503837897545 1.0076108419355638
7.120943348136864 0.9983702446787271
7.330382858376184 0.9966640357624905
7.5398223686155035 0.9400442141451746
7.749261878854822 0.980102372350169
7.958701389094142 0.9953190396902551
8.168140899333462 0.9818985577672829
8.377580409572781 0.97188786867303
8.5870199198121 0.977892604291416
8.79645943005142 0.9898057882302802
9.00589894029074 0.9491937585484265
9.215338450530059 0.9901278691512613
9.42477796076938 0.9857882945722088
9.634217471008698 0.9492669076432213
9.843656981248017 0.9808594538102943
10.053096491487338 1.0098019862546161
10.262536001726657 0.959424221621111
10.471975511965976 0.9737188235358416
10.681415022205297 0.9917748673435365
10.890854532444616 0.957232800990123
11.100294042683934 0.9671231275553234
11.309733552923255 1.0054657728346634
11.519173063162574 0.9953284009937013
11.728612573401893 0.9928599297493965
11.938052083641214 0.9613839363836227
12.147491593880533 0.971626952692688
12.356931104119852 0.9510412945167865
12.566370614359172 0.9863542569486359
12.775810124598491 1.0126148286761814
12.98524963483781 0.9736677929182289
13.194689145077131 1.0128837817995502
13.40412865531645 0.9571996324075158
13.613568165555769 0.9952563084788324
13.82300767579509 1.011040860335383
14.032447186034409 0.9863876623705056
14.241886696273728 0.9865502477885297
14.451326206513048 0.9756911629019629
14.660765716752367 0.987075263885499
14.870205226991686 0.954916076158207
15.079644737231007 0.9737368861645869
15.289084247470326 0.9796974874292738
15.498523757709645 0.999028490531719
