# r  Cs(r) [pure estimator]
0.075 1.330284384531822e-5
0.22499999999999998 1.6549700642700603e-5
0.375 1.7224257291560056e-5
0.525 1.702459318341185e-5
0.6749999999999999 1.3883076823480853e-5
0.825 1.3010221053918953e-5
0.975 1.373201632471259e-5
1.125 1.5927676997931556e-5
1.275 1.4774988490041652e-5
1.425 1.6007471543985575e-5
1.575 1.5024603003007883e-5
1.7249999999999999 1.762347039807628e-5
1.875 1.3067950729007272e-5
2.025 1.6460041128083213e-5
2.175 1.6785350626358137e-5
2.3249999999999997 1.497603575086123e-5
2.475 1.4329906186695241e-5
2.625 1.5147382276216073e-5
2.775 1.714474821183607e-5
2.925 1.4198573446641023e-5
3.0749999999999997 1.3552151925145815e-5
3.225 1.5031288109830134e-5
3.375 1.5741233320964803e-5
3.525 1.4860371864265812e-5
3.675 1.2973969308628106e-5
3.8249999999999997 1.1409554409015953e-5
3.9749999999999996 1.3706949366890481e-5
4.125 1.7031434048421096e-5
4.2749999999999995 1.554044393058001e-5
4.425 1.7244332921151313e-5
4.575 1.4654803986572244e-5
4.725 1.682733986938809e-5
4.875 1.6459536718912833e-5
5.0249999999999995 1.515286769537109e-5
5.175 1.5250981566736536e-5
5.325 1.6140524501362133e-5
5.475 1.5394512349045038e-5
5.625 1.4213123629741723e-5
5.7749999999999995 1.681148785914571e-5
5.925 1.317077491792987e-5
6.075 1.2049243925720035e-5
6.225 1.4537938609867994e-5
6.375 1.4646072137826447e-5
6.5249999999999995 1.4996933731491935e-5
6.675 1.4157870684825264e-5
6.825 1.5822911732354116e-5
6.975 1.4284227514227655e-5
7.125 1.783869864709535e-5
7.2749999999999995 1.4890358199216624e-5
7.425 1.545307540976591e-5
7.574999999999999 1.5425796215391313e-5
7.725 1.3826181629961083e-5
7.875 1.6877530965678364e-5
8.025 1.2153375300030689e-5
8.174999999999999 1.11869414286284e-5
8.325 1.1707001287038464e-5
8.475 1.6342483562464726e-5
8.625 1.3003485988818493e-5
8.775 1.3547534832811062e-5
8.924999999999999 1.1596671815399876e-5
9.075 1.4806088860694018e-5
9.225 1.304958312250299e-5
9.375 1.329923081251621e-5
9.525 1.7128448017249187e-5
9.674999999999999 1.4523405147552046e-5
9.825 1.574425399196262e-5
9.975 1.1844384931074295e-5
10.125 1.2996580496488488e-5
10.275 1.3973898862172582e-5
10.424999999999999 1.613098459372056e-5
10.575 1.086317035321831e-5
10.725 1.5088945958203117e-5
10.875 1.4264177048708449e-5
11.025 1.4564641748038785e-5
11.174999999999999 1.2418900855114579e-5
11.325 1.2278115659827932e-5
11.475 1.3474105071778377e-5
11.625 1.3955022786192715e-5
11.775 1.3337172620900627e-5
11.924999999999999 1.4031445949533445e-5
12.075 1.1871809983610036e-5
12.225 1.1701775927403952e-5
12.375 1.5587425134977073e-5
12.525 1.4345173807493062e-5
12.674999999999999 1.3096960681290904e-5
12.825 1.2830906538838079e-5
12.975 1.512774953062646e-5
13.125 1.4915236024595466e-5
13.275 1.2319768956157514e-5
13.424999999999999 1.200779858551514e-5
13.575 1.4836030417326508e-5
13.725 1.1885320305112763e-5
13.875 1.1642737005333052e-5
14.025 1.2836861989847672e-5
14.174999999999999 1.4590642996781807e-5
14.325 1.2759892501554686e-5
14.475 1.4658222078778436e-5
14.625 1.5376616789870036e-5
14.774999999999999 1.315897251500072e-5
14.924999999999999 1.3705945146729993e-5
