block_size         error    difference      rel_diff
-------------------------------------------------------
       2  1.116187e-08  4.615920e-09  4.135438e-01
       4  1.577779e-08  6.516491e-09  4.130168e-01
       8  2.229428e-08  9.184215e-09  4.119539e-01
      16  3.147849e-08  1.290246e-08  4.098818e-01
      32  4.438095e-08  1.801792e-08  4.059832e-01
      64  6.239887e-08  2.490532e-08  3.991309e-01
     128  8.730419e-08  3.374780e-08  3.865542e-01
     256  1.210520e-07  4.443902e-08  3.671069e-01
     512  1.654910e-07  5.558394e-08  3.358728e-01
    1024  2.210749e-07  6.744399e-08  3.050730e-01
    2048  2.885189e-07  8.108684e-08  2.810451e-01
    4096  3.696058e-07  1.055009e-07  2.854417e-01
    8192  4.751067e-07  1.510253e-07  3.178766e-01
   16384  6.261320e-07  1.984167e-07  3.168928e-01
   32768  8.245487e-07  2.425838e-07  2.942019e-01
   65536  1.067132e-06  2.509348e-07  2.351487e-01
  131072  1.318067e-06           ---           ---
