# k  S_s(k)
0.0 0.0
0.15707963267948966 0.6042804512950904
0.3141592653589793 0.7110197603945202
0.47123889803846897 0.3960707709464805
0.6283185307179586 1.6388070208733094
0.7853981633974483 0.41502792083994894
0.9424777960769379 1.0378931641658034
1.0995574287564276 0.6004378697905091
1.2566370614359172 0.7820493099764758
1.413716694115407 0.8745029504541741
1.5707963267948966 1.6503886996913566
1.7278759594743862 1.1409540994977632
1.8849555921538759 0.905090800907251
2.0420352248333655 0.9594483872296908
2.199114857512855 0.6559910529375971
2.356194490192345 0.9080929123242564
2.5132741228718345 1.2166064900480005
2.670353755551324 1.2181341160678028
2.827433388230814 1.0382975339933442
2.9845130209103035 1.0337955513516046
3.141592653589793 1.0662880740965828
3.2986722862692828 1.0059802200578372
3.4557519189487724 1.0234444532032971
3.612831551628262 1.2788322547819764
3.7699111843077517 0.94008212867247
3.9269908169872414 0.8765461476759748
4.084070449666731 1.0267382923677153
4.241150082346221 1.0972689603668995
4.39822971502571 1.0915180727921974
4.5553093477052 0.9549367560515242
4.71238898038469 1.3552525781590035
4.869468613064179 1.027463873675874
5.026548245743669 0.9743270720743077
5.183627878423159 1.1665251099828085
5.340707511102648 0.911204827538359
5.497787143782138 0.9279045755184278
5.654866776461628 1.0866946013587226
5.811946409141117 0.964262264462841
5.969026041820607 1.0162780640414193
6.126105674500097 0.9940480195104103
6.283185307179586 1.0269396217616265
6.440264939859076 0.9743395659928351
6.5973445725385655 1.0245962666264818
6.754424205218055 1.0552336510993108
6.911503837897545 1.002350897153841
7.0685834705770345 1.003258761560475
7.225663103256524 1.0146990555260478
7.382742735936014 1.017809271019921
7.5398223686155035 1.0180351400243957
7.696902001294993 1.002135633779804
7.853981633974483 0.9509111388930962
8.011061266653972 0.9520977346670484
8.168140899333462 1.0117884925287428
8.325220532012953 0.9744703052709938
8.482300164692441 0.959055722261277
8.63937979737193 1.0333814283576541
8.79645943005142 0.9826030359378182
8.953539062730911 1.0053164630599736
9.1106186954104 1.0099730214882756
9.267698328089889 1.0185783406841469
9.42477796076938 1.0752785353369942
9.58185759344887 0.9677087863202851
9.738937226128359 1.055162306959743
9.896016858807847 0.9912035412739609
10.053096491487338 1.0073945682319079
10.210176124166829 1.0463453270143743
10.367255756846317 0.9527450148311577
10.524335389525806 1.002086937097034
10.681415022205297 1.0183607111891657
10.838494654884787 0.9838893804360842
10.995574287564276 0.9649752680384448
11.152653920243765 0.9857256472581846
11.309733552923255 0.9308730104699741
11.466813185602746 1.0125520269293697
11.623892818282235 1.0043410965543769
11.780972450961723 0.9986681014819548
11.938052083641214 0.9901773598650709
12.095131716320704 0.9461397330161926
12.252211349000193 1.0305251675882086
12.409290981679682 0.958558989054683
12.566370614359172 0.9650197786033479
12.723450247038663 0.9952118617237381
12.880529879718152 1.0642663968771529
13.03760951239764 1.0079853292811594
13.194689145077131 0.8996354107135339
13.351768777756622 0.9971666843235435
13.50884841043611 1.0326925234794528
13.6659280431156 0.9770962738077631
13.82300767579509 0.9424382751082577
13.98008730847458 0.949912691976742
14.137166941154069 0.9578419565897561
14.294246573833558 1.005639956694424
14.451326206513048 0.9920604677969812
14.608405839192539 0.9392712630970285
14.765485471872028 1.0189868650184442
14.922565104551516 1.0191979837213716
15.079644737231007 1.0003037259876288
15.236724369910498 1.0259008826457259
15.393804002589986 0.9391046750385711
15.550883635269475 0.9559274445833958
