# P_value  count
-1.0 8322.0
-0.9333333333333333 30780.0
-0.8666666666666667 48840.0
-0.8 45524.0
-0.7333333333333333 30994.0
-0.6666666666666666 23123.0
-0.6 11764.0
-0.5333333333333333 5052.0
-0.4666666666666667 2395.0
-0.4 1071.0
-0.3333333333333333 256.0
-0.26666666666666666 298.0
-0.2 134.0
-0.13333333333333333 1.0
-0.06666666666666667 1.0
0.0 968.0
0.06666666666666667 1.0
0.13333333333333333 0.0
0.2 6.0
0.26666666666666666 7.0
0.3333333333333333 15.0
0.4 0.0
0.4666666666666667 0.0
0.5333333333333333 0.0
0.6 0.0
0.6666666666666666 0.0
0.7333333333333333 0.0
0.8 1.0
0.8666666666666667 0.0
0.9333333333333333 0.0
1.0 0.0
