block_size         error    difference      rel_diff
-------------------------------------------------------
       2  7.173508e-07  2.971231e-07  4.141950e-01
       4  1.014474e-06  4.201771e-07  4.141823e-01
       8  1.434651e-06  5.941698e-07  4.141564e-01
      16  2.028821e-06  8.401505e-07  4.141078e-01
      32  2.868971e-06  1.187777e-06  4.140081e-01
      64  4.056749e-06  1.678795e-06  4.138277e-01
     128  5.735544e-06  2.371634e-06  4.134977e-01
     256  8.107178e-06  3.347570e-06  4.129144e-01
     512  1.145475e-05  4.718965e-06  4.119658e-01
    1024  1.617371e-05  6.638085e-06  4.104243e-01
    2048  2.281180e-05  9.283177e-06  4.069463e-01
    4096  3.209497e-05  1.287513e-05  4.011573e-01
    8192  4.497011e-05  1.729461e-05  3.845801e-01
   16384  6.226472e-05  2.164330e-05  3.476014e-01
   32768  8.390802e-05  2.038974e-05  2.430011e-01
   65536  1.042978e-04  9.887775e-06  9.480333e-02
  131072  1.141855e-04           ---           ---
