# k  S_n(k)
0.0 40.0
0.15707963267948966 0.07865157196613597
0.3141592653589793 0.21339376590160522
0.47123889803846897 0.42068436136282905
0.6283185307179586 1.3675422339701069
0.7853981633974483 1.0106048747148804
0.9424777960769379 1.4154053915035683
1.0995574287564276 0.9094472951042937
1.2566370614359172 1.1792148053496196
1.413716694115407 0.8280172977217649
1.5707963267948966 1.0299447864191569
1.7278759594743862 1.2267035081554774
1.8849555921538759 0.7428141649569435
2.0420352248333655 1.1372942901566223
2.199114857512855 0.9312800100753568
2.356194490192345 1.2019759739395834
2.5132741228718345 0.738552842440664
2.670353755551324 0.9816408302352371
2.827433388230814 1.294159972991608
2.9845130209103035 0.8430646265232915
3.141592653589793 1.137313250959074
3.2986722862692828 1.2919730824773814
3.4557519189487724 1.0508056109813482
3.612831551628262 1.1054478612322727
3.7699111843077517 0.8413208801704174
3.9269908169872414 0.8496076707604953
4.084070449666731 1.0314438817268325
4.241150082346221 0.9334974436789467
4.39822971502571 0.8999199891076691
4.5553093477052 0.9637319775796481
4.71238898038469 1.0703481505443921
4.869468613064179 0.8773777183205604
5.026548245743669 1.0446738857858588
5.183627878423159 0.8243625039564183
5.340707511102648 1.1744948421537982
5.497787143782138 0.9612891313708989
5.654866776461628 1.045143327502136
5.811946409141117 0.8700557109243897
5.969026041820607 1.1172736291681422
6.126105674500097 1.0016028034330966
6.283185307179586 0.9143635442935504
6.440264939859076 0.9059811391482103
6.5973445725385655 1.1688920375851806
6.754424205218055 0.9477501912852141
6.911503837897545 1.0998334667909313
7.0685834705770345 0.8691494622868007
7.225663103256524 0.9641551281670078
7.382742735936014 0.9258643769059626
7.5398223686155035 1.0534728967162947
7.696902001294993 1.0405727570501266
7.853981633974483 1.0718947033340132
8.011061266653972 1.0911207164988983
8.168140899333462 0.9263092917111647
8.325220532012953 1.038384708035004
8.482300164692441 0.9162250483793507
8.63937979737193 1.00739599698419
8.79645943005142 1.0379570725496954
8.953539062730911 0.946128453206949
9.1106186954104 0.9757125889415892
9.267698328089889 1.0256579929582736
9.42477796076938 0.97273444959846
9.58185759344887 1.018098273857547
9.738937226128359 0.8816018198945307
9.896016858807847 0.9588610532118492
10.053096491487338 0.9790026942916592
10.210176124166829 0.9923017857688918
10.367255756846317 1.085549110314042
10.524335389525806 0.9209214079122923
10.681415022205297 1.0551307762711013
10.838494654884787 0.9605824463245869
10.995574287564276 0.9862058685280998
11.152653920243765 0.9867728374365355
11.309733552923255 0.9625424622537015
11.466813185602746 1.0000348235407426
11.623892818282235 1.0482131362213296
11.780972450961723 1.020461886530859
11.938052083641214 0.9239157851473614
12.095131716320704 0.9853839628049287
12.252211349000193 1.0095788729133195
12.409290981679682 1.0834095341565333
12.566370614359172 1.011936951631968
12.723450247038663 1.037572485253353
12.880529879718152 0.9705910486405925
13.03760951239764 1.0183092472270137
13.194689145077131 1.026119724001252
13.351768777756622 1.0637966010627076
13.50884841043611 0.9564485385941757
13.6659280431156 0.9954181427839468
13.82300767579509 1.0100854623426907
13.98008730847458 0.9701000122243086
14.137166941154069 0.9410637594535318
14.294246573833558 1.031695596408461
14.451326206513048 0.9711396407108746
14.608405839192539 1.0580492591183381
14.765485471872028 1.0643769702341965
14.922565104551516 1.0154459908448572
15.079644737231007 1.0313475772419003
15.236724369910498 1.0408503824078392
15.393804002589986 0.9928166315694884
15.550883635269475 0.9829481441207936
