# r  Cs(r) [pure estimator]
0.125 4.859639228656557e-5
0.375 5.1021390667860195e-5
0.625 4.447621835067935e-5
0.875 4.0628761869172084e-5
1.125 3.800569091242892e-5
1.375 3.497798013761866e-5
1.625 3.686831514445339e-5
1.875 4.2780486165266296e-5
2.125 4.018595697096843e-5
2.375 3.809478281125848e-5
2.625 4.8548316542447504e-5
2.875 3.0259114513645707e-5
3.125 3.380341300167045e-5
3.375 4.062732535626069e-5
3.625 2.967657800435839e-5
3.875 4.6058470723488656e-5
4.125 4.481471476536763e-5
4.375 2.947465693881166e-5
4.625 3.492690801736618e-5
4.875 2.9594358366565916e-5
5.125 2.949624835141594e-5
5.375 4.207651767004347e-5
5.625 3.0626142826082675e-5
5.875 3.2176804126421034e-5
6.125 2.9788696210812698e-5
6.375 2.179320174643511e-5
6.625 2.706718698250513e-5
6.875 2.7344581064542813e-5
7.125 3.4071223202468274e-5
7.375 3.146165024754248e-5
7.625 2.303263743733177e-5
7.875 2.2829424692425884e-5
8.125 2.650462391240391e-5
8.375 1.8656053226389146e-5
8.625 3.3304685925399824e-5
8.875 1.9913937496967112e-5
9.125 3.07893944889706e-5
9.375 2.7805976888818535e-5
9.625 2.905546873936084e-5
9.875 2.971290027955085e-5
10.125 2.2985822767315e-5
10.375 2.303482999945174e-5
10.625 2.2167762819735275e-5
10.875 2.5334596046944377e-5
11.125 2.242993875802626e-5
11.375 2.4682277881885252e-5
11.625 2.585722626357786e-5
11.875 1.8199120966060702e-5
12.125 1.2766955480121875e-5
12.375 2.3393843719804384e-5
12.625 1.8521546971980778e-5
12.875 2.114285307953005e-5
13.125 2.473676756368464e-5
13.375 2.5169593386829537e-5
13.625 1.3293416278113974e-5
13.875 1.4025205061858855e-5
14.125 1.685994568737715e-5
14.375 2.4771675743400818e-5
14.625 2.3868229979461333e-5
14.875 2.5277667724326574e-5
15.125 2.2209526854343447e-5
15.375 1.397687119513068e-5
15.625 1.3648416184608715e-5
15.875 3.0172202506226027e-5
16.125 1.285540348818341e-5
16.375 1.395850911598062e-5
16.625 1.1164831860202422e-5
16.875 1.8750831842582025e-5
17.125 1.2054096851971362e-5
17.375 1.2275654727093445e-5
17.625 8.07271995155513e-6
17.875 1.6220256414937247e-5
18.125 1.174343185745244e-5
18.375 1.1696505750405769e-5
18.625 1.7249669312966155e-5
18.875 2.324904076913404e-5
19.125 2.43325486232699e-5
19.375 1.910825220764789e-5
19.625 8.221173481790148e-6
19.875 1.557034349776664e-5
20.125 1.702075716466412e-5
20.375 1.9252534745313224e-5
20.625 1.538234870516318e-5
20.875 1.1689731694197545e-5
21.125 2.0180912573118228e-5
21.375 3.2309534924721492e-6
21.625 1.338872086349141e-5
21.875 1.603449765982963e-5
22.125 1.172688783025061e-5
22.375 1.865354957126237e-5
22.625 2.214783670547068e-5
22.875 1.4042502367721534e-5
23.125 1.3986890789371199e-5
23.375 8.081591407261342e-6
23.625 1.0976804739235576e-5
23.875 2.041079858124601e-5
24.125 1.639836119035475e-5
24.375 7.826564540336072e-6
24.625 7.158124370703104e-6
24.875 2.493386980901408e-5
