block_size         error    difference      rel_diff
-------------------------------------------------------
       2  6.587685e-07  2.720439e-07  4.129583e-01
       4  9.308124e-07  3.835277e-07  4.120355e-01
       8  1.314340e-06  5.390955e-07  4.101644e-01
      16  1.853436e-06  7.536248e-07  4.066096e-01
      32  2.607060e-06  1.042847e-06  4.000087e-01
      64  3.649907e-06  1.416755e-06  3.881620e-01
     128  5.066663e-06  1.862269e-06  3.675534e-01
     256  6.928932e-06  2.303266e-06  3.324128e-01
     512  9.232197e-06  2.579746e-06  2.794292e-01
    1024  1.181194e-05  2.232673e-06  1.890182e-01
    2048  1.404462e-05  1.477634e-06  1.052100e-01
    4096  1.552225e-05  5.656004e-07  3.643804e-02
    8192  1.608785e-05  3.179151e-07  1.976119e-02
   16384  1.640576e-05  3.491758e-07  2.128373e-02
   32768  1.675494e-05  3.622446e-07  2.162017e-02
   65536  1.711719e-05  1.896014e-06  1.107667e-01
  131072  1.901320e-05           ---           ---
