# k  S_s(k)
0.0 0.0
0.20943951023931953 0.4910181989550635
0.41887902047863906 1.5964017184380885
0.6283185307179586 0.4405172418392877
0.8377580409572781 1.1568475672435312
1.0471975511965976 1.4202335222043374
1.2566370614359172 0.9788836332530361
1.4660765716752366 0.7425635694638606
1.6755160819145563 0.9157312375518278
1.8849555921538759 1.0273713606014554
2.0943951023931953 0.9078507465573021
2.3038346126325147 0.9816329685463889
2.5132741228718345 1.1801418069817946
2.722713633111154 1.0389274690413068
2.9321531433504733 0.9496247536430049
3.141592653589793 1.0680867474849147
3.3510321638291125 1.0625070348346508
3.560471674068432 1.1481814426024575
3.7699111843077517 0.9229234649396325
3.979350694547071 1.135881721497298
4.1887902047863905 0.9490502075043059
4.39822971502571 0.9442393836779406
4.607669225265029 0.9877012980772699
4.817108735504349 0.9163337239213405
5.026548245743669 1.03984825075261
5.235987755982988 1.0020444599391685
5.445427266222308 1.0667278773707154
5.654866776461628 1.0088872993813844
5.864306286700947 0.9312104357996275
6.073745796940266 0.9296131324290743
6.283185307179586 1.1388795342690272
6.492624817418905 0.9526967834556636
6.702064327658225 1.0468739625665282
6.911503837897545 1.1287634453817814
7.120943348136864 0.9487655708946449
7.330382858376184 1.0215393023672954
7.5398223686155035 0.8980005682707178
7.749261878854822 1.0220817640120947
7.958701389094142 1.0234051093394052
8.168140899333462 1.011270392909343
8.377580409572781 1.0035244269505637
8.5870199198121 0.9977097770281125
8.79645943005142 1.0240836934589383
9.00589894029074 0.9755499975981323
9.215338450530059 0.9849216716253831
9.42477796076938 1.071249557986871
9.634217471008698 0.9441096808147752
9.843656981248017 0.9669117144383657
10.053096491487338 1.0054412544951976
10.262536001726657 1.026459413715835
10.471975511965976 1.0119774921908524
10.681415022205297 0.9912359544007139
10.890854532444616 1.0160480227340858
11.100294042683934 1.0022324483228982
11.309733552923255 0.9715717397334904
11.519173063162574 0.9994281424309459
11.728612573401893 0.9879183008001831
11.938052083641214 1.0216999291863824
12.147491593880533 0.9490220326776898
12.356931104119852 1.004981436091989
12.566370614359172 0.987958587400471
12.775810124598491 0.9751446412617639
12.98524963483781 0.9896330891465432
13.194689145077131 1.0065544648383835
13.40412865531645 1.060443584985886
13.613568165555769 0.9629719187368503
13.82300767579509 0.996040651170287
14.032447186034409 1.0103354976886751
14.241886696273728 0.997621261534731
14.451326206513048 0.9821121809441876
14.660765716752367 1.0520646629780441
14.870205226991686 1.0310784475359682
15.079644737231007 0.9515513062399795
15.289084247470326 1.0442925804328271
15.498523757709645 0.9845687497909125
15.707963267948966 1.0496889075354943
15.917402778188285 1.0272795964022863
16.126842288427603 0.9867498204769031
16.336281798666924 1.0133702666036135
16.54572130890624 0.9785875435425954
16.755160819145562 0.994023583301273
16.964600329384883 1.0369688743464212
17.1740398396242 1.0075884592746855
17.38347934986352 0.9981575317073936
17.59291886010284 1.0149800407189715
17.80235837034216 0.9813542092399179
18.01179788058148 0.9955843009429113
18.2212373908208 0.9610454856073337
18.430676901060117 0.9849626357909184
18.640116411299438 0.9498439703763992
18.84955592153876 0.9890366226627911
19.058995431778076 1.0528973567933226
19.268434942017397 1.0312120799510571
19.477874452256717 0.9705763267347323
19.687313962496034 0.946478668100761
19.896753472735355 1.0113406360963404
20.106192982974676 1.000664393339474
20.315632493213993 0.9833936864818075
20.525072003453314 1.0109021860118979
20.734511513692635 1.047496767663012
