# block  <P^2>
1 0.0
2 0.04127777777777764
3 0.03876666666666662
4 0.04646555555555571
5 0.03722555555555566
6 0.0352111111111114
7 0.04633033633033655
8 0.036172222222222196
9 0.03795222222222234
10 0.030242222222222337
11 0.047197247197247216
12 0.05042402042402045
13 0.03766777777777782
14 0.05410888888888856
15 0.05127444444444455
16 0.03656444444444463
17 0.02971888888888923
18 0.03550005550005567
19 0.042367777777777706
20 0.04454746870499598
21 0.04299521743966209
22 0.04825666666666682
23 0.05136333333333326
24 0.03765222222222229
25 0.043887777777777796
26 0.0429566666666666
27 0.0379844444444445
28 0.034573333333333206
29 0.05484666666666682
30 0.048185555555555565
31 0.03679666666666689
32 0.04295000000000008
33 0.04526777777777761
34 0.048712222222222
35 0.034927777777777926
36 0.048357777777777756
37 0.04335555555555585
38 0.042376666666666424
39 0.057855555555555244
40 0.04986666666666676
41 0.04314555555555567
42 0.0651811111111111
43 0.05919272565979134
44 0.05716888888888889
45 0.06277444444444444
46 0.04262213359920226
47 0.0490133333333333
48 0.05640195751306847
49 0.03947888888888879
50 0.025493333333333514
51 0.03600666666666684
52 0.04834888888888877
53 0.04358111111111123
54 0.04955555555555539
55 0.048333333333333325
56 0.060281111111110945
57 0.060989010989011
58 0.04395506617728829
59 0.04691308691308714
60 0.04200867534200865
61 0.042466422466422314
62 0.059163608052496666
63 0.05315222222222246
64 0.03406851295740184
65 0.03481111111111104
66 0.03780888888888905
67 0.043953953953953934
68 0.035617777777777776
69 0.029268888888888955
70 0.04085863641419194
71 0.03680444444444459
72 0.04558000000000013
73 0.04228000000000016
74 0.0713688888888892
75 0.059433333333333345
76 0.039490000000000025
77 0.028451111111111215
78 0.03503777777777779
79 0.033582222222222353
80 0.03776666666666655
81 0.036277777777777784
82 0.03589666666666669
83 0.04018555555555574
84 0.05451333333333293
85 0.054276666666666244
86 0.045632222222221984
87 0.050062222222222105
88 0.05520479520479499
89 0.04449888888888925
90 0.04264888888888864
91 0.0495677777777777
92 0.03658881103325559
93 0.04929444444444454
94 0.031008888888889058
95 0.04100011100011102
96 0.03727555555555552
97 0.026490176490176567
98 0.034914444444444484
99 0.03911999999999994
100 0.035144444444444534
101 0.04495111111111077
102 0.03734444444444437
103 0.05343555555555556
104 0.060373333333332925
105 0.05015555555555549
106 0.03923701479257049
107 0.05742888888888871
108 0.03823888888888909
109 0.03460444444444449
110 0.0407888888888889
111 0.052729999999999895
112 0.04716827939050143
113 0.061895555555555745
114 0.05766777777777744
115 0.0668744444444445
116 0.05859444444444428
117 0.04305527749972209
118 0.0509744444444443
119 0.05243666666666685
120 0.04249888888888889
121 0.04074814074814063
122 0.052081111111111106
123 0.051303525747970216
124 0.07363081363081352
125 0.04024111111111103
126 0.04694444444444448
127 0.040753333333333364
128 0.05425777777777777
129 0.043267777777777856
130 0.031008888888889027
131 0.032597777777778045
132 0.03708777777777779
133 0.04165222222222226
134 0.049727777777777725
135 0.04710444444444424
136 0.05267111111111101
137 0.06410777777777785
138 0.029368888888889097
139 0.04044777777777793
140 0.04265333333333305
141 0.041394444444444345
142 0.04913555555555562
143 0.036413333333333374
144 0.03985333333333339
145 0.04158333333333345
146 0.06094222222222188
147 0.040734444444444635
148 0.050135555555555336
149 0.03781777777777801
150 0.03578643578643594
151 0.034047777777777774
152 0.0481233333333332
153 0.036248888888888706
154 0.0437377777777777
155 0.04059666666666651
156 0.03679666666666678
157 0.055373333333332955
158 0.04847999999999987
159 0.038125555555555524
160 0.039614444444444424
161 0.044514444444444315
162 0.03838161838161846
163 0.0465566666666666
164 0.04510666666666651
165 0.04887666666666681
166 0.04728222222222232
167 0.03337888888888906
168 0.05172888888888875
169 0.0479055555555555
170 0.04007444444444436
171 0.04107555555555534
172 0.03375222222222234
173 0.05575777777777815
174 0.053335555555555594
175 0.04695777777777767
176 0.052671772671772574
177 0.05269444444444467
178 0.045035555555555426
179 0.04626444444444439
180 0.04384940496051623
181 0.056971111111111056
182 0.051003333333333185
183 0.03606999999999994
184 0.060191111111111285
185 0.041798888888888774
186 0.041363333333333537
187 0.049992222222222014
188 0.04762444444444428
189 0.05119
190 0.04389555555555575
191 0.038087777777777776
192 0.03818222222222237
193 0.046633333333333284
194 0.03858777777777779
195 0.03021042084168356
196 0.031315555555555874
197 0.05331555555555562
198 0.04598999999999996
199 0.05269111111111091
200 0.03836496836496838
201 0.045250000000000075
202 0.03489333333333328
203 0.038204444444444534
204 0.0366644444444446
205 0.03601111111111128
206 0.05351888888888866
207 0.03784888888888881
208 0.034519999999999974
