block_size         error    difference      rel_diff
-------------------------------------------------------
       2  1.061654e-07  4.391232e-08  4.136219e-01
       4  1.500777e-07  6.201160e-08  4.131967e-01
       8  2.120893e-07  8.744753e-08  4.123147e-01
      16  2.995368e-07  1.229896e-07  4.105993e-01
      32  4.225264e-07  1.721082e-07  4.073312e-01
      64  5.946346e-07  2.386416e-07  4.013247e-01
     128  8.332762e-07  3.251222e-07  3.901734e-01
     256  1.158398e-06  4.292213e-07  3.705299e-01
     512  1.587620e-06  5.389215e-07  3.394525e-01
    1024  2.126541e-06  6.046226e-07  2.843221e-01
    2048  2.731164e-06  6.050767e-07  2.215453e-01
    4096  3.336241e-06  4.491904e-07  1.346397e-01
    8192  3.785431e-06  3.757882e-07  9.927223e-02
   16384  4.161219e-06  3.392666e-07  8.153059e-02
   32768  4.500486e-06  1.309928e-07  2.910636e-02
   65536  4.631479e-06  1.974685e-07  4.263616e-02
  131072  4.828947e-06           ---           ---
