# k values and corresponding S(k) [pure estimator]
0.0 12.842080177197042
0.07853981633974483 1.0558200553315134
0.15707963267948966 0.9696012503228144
0.23561944901923448 0.9730847091718486
0.3141592653589793 0.9746738281230803
0.39269908169872414 0.9641711619241585
0.47123889803846897 0.963659164637438
0.5497787143782138 0.9751850144363147
0.6283185307179586 0.964601781095131
0.7068583470577035 0.9741583758895581
0.7853981633974483 0.9812088148971997
0.8639379797371931 0.9717739550292959
0.9424777960769379 0.9618928145386777
1.0210176124166828 0.9624926650865316
1.0995574287564276 0.9720420013608796
1.1780972450961724 0.9749427031928656
1.2566370614359172 0.9695342339424086
1.335176877775662 0.9677286553770417
1.413716694115407 0.9729989868307792
1.4922565104551517 0.9784278199698013
1.5707963267948966 0.9738029726808693
1.6493361431346414 0.9681129798878482
1.7278759594743862 0.955784066538185
1.806415775814131 0.9771132150308902
1.8849555921538759 0.9783366024062327
1.9634954084936207 0.9694212867742344
2.0420352248333655 0.9614107744440795
2.1205750411731104 0.9690467068774422
2.199114857512855 0.9828601009606395
2.2776546738526 0.9797336201205101
2.356194490192345 0.9710446110034041
2.4347343065320897 0.9775816969599952
2.5132741228718345 0.9720337953816908
2.5918139392115793 0.9654225736498783
2.670353755551324 0.9736308335709486
2.748893571891069 0.9752122056428008
2.827433388230814 0.9717399882571156
2.9059732045705586 0.9759215175475191
2.9845130209103035 0.9718753514578027
3.0630528372500483 0.9737328614843049
3.141592653589793 0.973636918539164
3.220132469929538 0.9693160027162415
3.2986722862692828 0.9803980001694467
3.3772121026090276 0.9699669875996065
3.4557519189487724 0.9681549725501476
3.5342917352885173 0.9837117710713903
3.612831551628262 0.9733527429130192
3.691371367968007 0.9746620251448891
3.7699111843077517 0.979341899849243
3.8484510006474966 0.9678870397620876
3.9269908169872414 0.9779428370393766
4.005530633326986 0.9841635292398897
4.084070449666731 0.9784622616446778
4.162610266006476 0.9703885648251963
4.241150082346221 0.9743705282994883
4.319689898685965 0.982949436675364
4.39822971502571 0.9678139953708824
4.476769531365456 0.9686630800052751
4.5553093477052 0.9722544091498212
4.633849164044944 0.9658713269690985
4.71238898038469 0.9655418459176113
4.790928796724435 0.9635340652020011
4.869468613064179 0.9783876879724337
4.948008429403924 0.9749042752296865
5.026548245743669 0.9743304906174108
5.105088062083414 0.9749354244220022
5.183627878423159 0.9636494530467566
5.262167694762903 0.9628425475678214
5.340707511102648 0.9812546103326768
5.419247327442394 0.9641083428722803
5.497787143782138 0.9663229522031952
5.576326960121882 0.9772499579064751
5.654866776461628 0.9888476829165239
5.733406592801373 0.9676576006317833
5.811946409141117 0.9679227205072869
