# block  <|P|>
1 0.0
2 0.20133333333333356
3 0.18600000000000025
4 0.2706078824315281
5 0.21533333333333352
6 0.22153333333333236
7 0.2666666666666666
8 0.17973333333333327
9 0.20306666666666606
10 0.22522522522522628
11 0.2050666666666664
12 0.21953333333333339
13 0.24666666666666753
14 0.20786666666666623
15 0.23039999999999963
16 0.21621621621621553
17 0.21858141858141864
18 0.20593333333333363
19 0.17993333333333358
20 0.26193333333333185
21 0.2467532467532478
22 0.25300000000000084
23 0.227106227106227
24 0.24046666666666688
25 0.2145333333333338
26 0.20093333333333316
27 0.2225999999999998
28 0.197133333333334
29 0.2091999999999996
30 0.21506666666666727
31 0.2364666666666663
32 0.20779220779220797
33 0.23873333333333316
34 0.21173333333333325
35 0.23879999999999973
36 0.2326000000000003
37 0.22886666666666736
38 0.21939999999999948
39 0.20806666666666687
40 0.24073333333333297
41 0.20766666666666694
42 0.19893333333333338
43 0.2085999999999996
44 0.23966666666666644
45 0.1982666666666672
46 0.2598598598598594
47 0.2210666666666671
48 0.21040000000000078
49 0.20480480480480487
50 0.22653333333333256
51 0.20993333333333397
52 0.19866666666666727
53 0.1888666666666668
54 0.21079999999999938
55 0.18026666666666707
56 0.20706666666666573
57 0.244688644688645
58 0.22680000000000064
59 0.20846666666666627
60 0.19839839839839846
61 0.216866666666667
62 0.22066666666666637
63 0.21000000000000008
64 0.24313333333333423
65 0.22573333333333356
66 0.2250666666666668
67 0.2226666666666665
68 0.23646666666666713
69 0.21313333333333334
70 0.22013333333333263
71 0.2027999999999997
72 0.21333333333333374
73 0.23439999999999916
74 0.2232666666666661
75 0.2048666666666666
76 0.21446666666666575
77 0.2180666666666665
78 0.26086666666666775
79 0.24473333333333258
80 0.2087333333333329
81 0.206666666666666
82 0.21399999999999975
83 0.24053333333333335
84 0.24773333333333358
85 0.2159999999999997
86 0.19140000000000074
87 0.2252000000000005
88 0.23599999999999982
89 0.20500000000000024
90 0.22659999999999972
91 0.21946666666666764
92 0.25426666666666625
93 0.21453333333333258
94 0.2189333333333336
95 0.1987333333333333
96 0.21706666666666682
97 0.21074407741074405
98 0.2106000000000001
99 0.1717333333333332
100 0.21206666666666663
101 0.23766666666666683
102 0.2699333333333322
103 0.22866666666666602
104 0.18039999999999998
105 0.2132000000000007
106 0.20586666666666706
107 0.19746666666666712
108 0.21033333333333298
109 0.2287333333333334
110 0.21606666666666824
111 0.20540000000000044
112 0.20473807140473757
113 0.26773333333333216
114 0.26993333333333286
115 0.20940000000000028
116 0.2597333333333328
117 0.22706666666666636
118 0.22026666666666633
119 0.21346666666666692
120 0.2398666666666664
121 0.19853333333333353
122 0.21260000000000018
123 0.24166666666666703
124 0.23973333333333224
125 0.21339999999999978
126 0.2422666666666659
127 0.24413333333333284
128 0.1976000000000005
129 0.20160000000000036
130 0.20320000000000019
131 0.2344666666666665
132 0.20213333333333253
133 0.20959999999999956
134 0.20973333333333294
135 0.19786666666666589
136 0.23673333333333318
137 0.24453333333333394
138 0.2204000000000005
139 0.2133999999999995
140 0.2113446780113448
141 0.21979999999999958
142 0.2312666666666664
143 0.21406666666666718
144 0.2492666666666676
145 0.22439999999999996
146 0.19506666666666636
147 0.23006666666666725
148 0.24113333333333345
149 0.2313333333333337
150 0.20839999999999986
151 0.21180000000000065
152 0.20726666666666704
153 0.2528666666666674
154 0.2157333333333337
155 0.21341341341341322
156 0.20373333333333402
157 0.21740000000000012
158 0.228799999999999
159 0.21359999999999998
160 0.20139999999999988
161 0.23073333333333276
162 0.1785333333333339
163 0.2116666666666668
164 0.20679999999999968
165 0.25753333333333384
166 0.18513333333333318
167 0.24613333333333293
168 0.21441441441441436
169 0.22524142524142562
170 0.24886666666666615
171 0.23010323010323053
172 0.28386666666666616
173 0.20213546880213576
174 0.25500000000000034
175 0.22820000000000065
176 0.21953333333333333
177 0.22080000000000058
178 0.22986666666666702
179 0.24499999999999936
180 0.21520000000000042
181 0.21079999999999993
182 0.20800000000000046
183 0.197933333333333
184 0.19933399933399867
185 0.19559999999999894
186 0.24233333333333448
187 0.25019999999999964
188 0.18973333333333375
189 0.22279999999999983
190 0.2487333333333339
191 0.23226666666666648
192 0.23636363636363597
193 0.2377333333333326
194 0.21819999999999953
195 0.2191333333333341
196 0.22580000000000008
197 0.20713333333333345
198 0.2658666666666651
199 0.26613333333333256
200 0.2324666666666668
201 0.22593333333333365
202 0.19246666666666673
203 0.20899999999999996
204 0.2526666666666666
205 0.19993333333333285
206 0.20246666666666602
207 0.20773333333333358
208 0.2214000000000003
