# k values and corresponding S(k) [pure estimator]
0.0 2.203618039209699
0.20943951023931953 1.0248973126304672
0.41887902047863906 0.9982917846016364
0.6283185307179586 0.9906478630358158
0.8377580409572781 0.987958602146115
1.0471975511965976 0.9876372180831386
1.2566370614359172 0.9877623652408893
1.4660765716752366 0.9863953358288313
1.6755160819145563 0.9831064217393765
1.8849555921538759 0.9800525163701373
2.0943951023931953 0.9841726696478474
2.3038346126325147 0.9844650196346524
2.5132741228718345 0.9859917631891022
2.722713633111154 0.9859416981850827
2.9321531433504733 0.9854442891575648
3.141592653589793 0.9733274898451042
3.3510321638291125 0.9892631352199603
3.560471674068432 0.9976417187391196
3.7699111843077517 0.9749445036629751
3.979350694547071 0.9805765490394615
4.1887902047863905 0.989306159343596
4.39822971502571 0.9949897208203686
4.607669225265029 0.9886261961000488
4.817108735504349 0.9790723682910495
5.026548245743669 0.9865602036863259
5.235987755982988 0.9854347754874113
5.445427266222308 0.9813149132701514
5.654866776461628 0.9778470726460764
5.864306286700947 0.9786930836398214
6.073745796940266 0.9927068404455053
6.283185307179586 0.9892978403589257
6.492624817418905 0.9863955732723112
6.702064327658225 0.9741397399507766
6.911503837897545 0.9949021848962017
7.120943348136864 0.9835807957771744
7.330382858376184 0.9902910182936733
7.5398223686155035 0.9855484020226725
7.749261878854822 0.9928722160218271
7.958701389094142 0.9802358586750677
8.168140899333462 0.9877176605273527
8.377580409572781 0.9894189198915461
8.5870199198121 0.9851360195011658
8.79645943005142 0.9870007420874308
9.00589894029074 0.9844266302938876
9.215338450530059 0.9918383191652178
9.42477796076938 0.9838201391937322
9.634217471008698 0.9784822987583893
9.843656981248017 0.9826742261840773
10.053096491487338 0.9857384348906783
10.262536001726657 0.9853189039913295
10.471975511965976 0.989852640642746
10.681415022205297 0.9829841532398494
10.890854532444616 0.9825526573420981
11.100294042683934 0.9899323458815588
11.309733552923255 0.9831654011918485
11.519173063162574 0.9882654841765386
11.728612573401893 0.9893763835006708
11.938052083641214 0.9799080572282226
12.147491593880533 0.9788483517681273
12.356931104119852 0.9953291880753525
12.566370614359172 0.9872472047650652
12.775810124598491 0.985796293590082
12.98524963483781 0.9782617372603742
13.194689145077131 0.9961389898599016
13.40412865531645 0.9774460063215819
13.613568165555769 0.9904931262129147
13.82300767579509 0.9802697658846934
14.032447186034409 0.9904356085186559
14.241886696273728 0.977365147330975
14.451326206513048 0.9776682335804198
14.660765716752367 0.989577750809662
14.870205226991686 0.9785711931066005
15.079644737231007 0.9767514208620399
15.289084247470326 0.9865559323926717
15.498523757709645 0.9847482464020565
