# k  S_n(k)
0.0 40.0
0.15707963267948966 0.0751375575703472
0.3141592653589793 0.22372424633856713
0.47123889803846897 0.44508283606436266
0.6283185307179586 1.3328020790716826
0.7853981633974483 0.9932315551339511
0.9424777960769379 1.3364161026936914
1.0995574287564276 0.8546560538772644
1.2566370614359172 1.21452426777099
1.413716694115407 0.8205804174871094
1.5707963267948966 0.9611254958231625
1.7278759594743862 1.258276958055224
1.8849555921538759 0.7532429896395684
2.0420352248333655 1.1612452626670038
2.199114857512855 0.9107799632743812
2.356194490192345 1.2200578263038075
2.5132741228718345 0.777480381686893
2.670353755551324 0.9676933478197595
2.827433388230814 1.1908729756675012
2.9845130209103035 0.8128381636396289
3.141592653589793 1.1586304941188956
3.2986722862692828 1.236313712929209
3.4557519189487724 0.9941190651969096
3.612831551628262 1.1342782878411644
3.7699111843077517 0.8923392411877688
3.9269908169872414 0.8488340744421203
4.084070449666731 1.0927929436014985
4.241150082346221 0.9120805841668365
4.39822971502571 0.9109772104678423
4.5553093477052 0.9667477485173647
4.71238898038469 1.0752420341109248
4.869468613064179 0.9095513006552892
5.026548245743669 1.0698384287745295
5.183627878423159 0.7851963752633025
5.340707511102648 1.1514999417460177
5.497787143782138 0.9916765569248175
5.654866776461628 1.0500479862692913
5.811946409141117 0.8385434740515992
5.969026041820607 1.057419408023723
6.126105674500097 0.9758113784340459
6.283185307179586 0.942982362158337
6.440264939859076 0.8307362922456561
6.5973445725385655 1.163915416275831
6.754424205218055 0.9709095426287825
6.911503837897545 1.077078266887493
7.0685834705770345 0.8809880645516206
7.225663103256524 1.0232853462404679
7.382742735936014 0.8735833427123513
7.5398223686155035 1.0254441463500898
7.696902001294993 1.018568183212337
7.853981633974483 1.1220570452196001
8.011061266653972 1.1027905824345883
8.168140899333462 0.9595329620570653
8.325220532012953 1.1001212911832512
8.482300164692441 0.9235070906092953
8.63937979737193 0.9612006245096484
8.79645943005142 1.0682208990111888
8.953539062730911 0.9493654588843001
9.1106186954104 0.9790195750324976
9.267698328089889 0.9738405859083961
9.42477796076938 0.9719231943545859
9.58185759344887 1.0265023727521598
9.738937226128359 0.867288874840234
9.896016858807847 0.9078009348276594
10.053096491487338 1.0323889937091117
10.210176124166829 0.9812321799366965
10.367255756846317 1.0752878036644327
10.524335389525806 0.9874413584049859
10.681415022205297 1.081046649995403
10.838494654884787 0.9799089121763871
10.995574287564276 0.9707537452064874
11.152653920243765 0.9683810521630598
11.309733552923255 1.0438658554195968
11.466813185602746 1.0014991307100813
11.623892818282235 1.0524666762685209
11.780972450961723 1.0350220874745155
11.938052083641214 1.0053919649816179
12.095131716320704 0.9976391565153193
12.252211349000193 1.047162500784847
12.409290981679682 1.0717779594057364
12.566370614359172 1.016511620581027
12.723450247038663 1.0133835565511793
12.880529879718152 0.9229638847858463
13.03760951239764 1.0008370602470664
13.194689145077131 0.9771004767739829
13.351768777756622 1.0655413498796156
13.50884841043611 0.9558402106557223
13.6659280431156 0.9829741912081068
13.82300767579509 1.0453818366863419
13.98008730847458 0.935957701224719
14.137166941154069 0.9450909249286632
14.294246573833558 1.0111207632350714
14.451326206513048 0.9772278451668178
14.608405839192539 1.0529664826409046
14.765485471872028 1.023051681362565
14.922565104551516 0.9794456718996734
15.079644737231007 0.9918416423467065
15.236724369910498 0.9864025782159274
15.393804002589986 0.9721530940771834
15.550883635269475 0.9949195769376559
