# P_value  count
-1.0 0.0
-0.9333333333333333 0.0
-0.8666666666666667 41.0
-0.8 292.0
-0.7333333333333333 424.0
-0.6666666666666666 1447.0
-0.6 2561.0
-0.5333333333333333 3390.0
-0.4666666666666667 5302.0
-0.4 7302.0
-0.3333333333333333 9253.0
-0.26666666666666666 10480.0
-0.2 12669.0
-0.13333333333333333 13258.0
-0.06666666666666667 14399.0
0.0 15339.0
0.06666666666666667 13489.0
0.13333333333333333 13072.0
0.2 12566.0
0.26666666666666666 11000.0
0.3333333333333333 8452.0
0.4 7182.0
0.4666666666666667 5334.0
0.5333333333333333 3886.0
0.6 2180.0
0.6666666666666666 1560.0
0.7333333333333333 741.0
0.8 80.0
0.8666666666666667 41.0
0.9333333333333333 27.0
1.0 0.0
