# k  S_s(k)
0.0 0.0
0.12566370614359174 0.44801782300849774
0.25132741228718347 1.5909061010718573
0.3769911184307752 0.4907284710022094
0.5026548245743669 0.5849825586718844
0.6283185307179586 1.3570996302889726
0.7539822368615504 1.0793857677295515
0.8796459430051422 1.3108398409699122
1.0053096491487339 1.362526245185613
1.1309733552923256 0.8995855127145506
1.2566370614359172 1.973788397016501
1.3823007675795091 1.0257585108864715
1.5079644737231008 1.1405732038762946
1.6336281798666925 1.3085360249891587
1.7592918860102844 0.8727999199948205
1.884955592153876 1.2419140461899632
2.0106192982974678 0.9633065348765588
2.1362830044410597 0.914378525420165
2.261946710584651 0.8090002867056502
2.387610416728243 1.174338518812985
2.5132741228718345 1.0698769414772822
2.6389378290154264 0.9877595341151152
2.7646015351590183 0.99100366112915
2.8902652413026098 0.8974153924840591
3.0159289474462017 1.0823281814833656
3.1415926535897936 0.9848785359138905
3.267256359733385 0.9897074284548676
3.392920065876977 0.9582763256594394
3.518583772020569 0.842680499068534
3.6442474781641603 0.9587843866726607
3.769911184307752 0.8431817968994085
3.8955748904513436 1.0829229066487855
4.0212385965949355 1.00289083990565
4.1469023027385274 1.241759590040255
4.272566008882119 1.0680316379041153
4.39822971502571 1.0524617024173037
4.523893421169302 1.0560462999084823
4.649557127312894 0.9319849559666147
4.775220833456486 1.0107814766159322
4.900884539600078 1.1177782181144367
5.026548245743669 0.8641471671646722
5.152211951887261 0.9735961125704851
5.277875658030853 0.9717579702390339
5.403539364174445 1.162380945753379
5.529203070318037 1.00353437401247
5.6548667764616285 0.9501208793217142
5.7805304826052195 0.9374284857865225
5.906194188748811 1.0538500395676758
6.031857894892403 1.0539900389888173
6.157521601035995 1.097882804232874
6.283185307179587 1.0152870026862608
6.408849013323178 1.1181351521201461
6.53451271946677 0.874614682897454
6.660176425610362 1.0439155974410659
6.785840131753954 0.8853500861726945
6.911503837897546 0.9517313424150831
7.037167544041138 0.972177575729101
7.162831250184729 0.9933630204075243
7.288494956328321 1.030959174150608
7.4141586624719125 0.960071876502593
7.539822368615504 1.0075071903835098
7.665486074759096 1.1768865906389538
7.791149780902687 1.0750003802867798
7.916813487046279 1.0879895838989808
8.042477193189871 1.052920875923688
8.168140899333462 1.0651128986307044
8.293804605477055 0.9228648064210283
8.419468311620646 1.0175499136907382
8.545132017764239 0.9452852830950663
8.67079572390783 0.943991343678012
8.79645943005142 1.0006098140005957
8.922123136195014 0.9727053946724751
9.047786842338605 0.9407763766565994
9.173450548482197 1.0066153150703407
9.299114254625788 0.9876160871252451
9.42477796076938 1.0446122445827273
9.550441666912972 0.9570793300683206
9.676105373056563 1.0252739104956017
9.801769079200156 1.0254707722508871
9.927432785343747 0.9426943693846754
10.053096491487338 0.9909422625528708
10.17876019763093 0.9570548633437932
10.304423903774522 1.036585935962898
10.430087609918115 0.9933087776603935
10.555751316061706 0.9630491628225929
10.681415022205298 1.0274801738597312
10.80707872834889 1.1748989448308795
10.93274243449248 1.0159095652285932
11.058406140636073 0.9295038599594152
11.184069846779664 1.088487998440096
11.309733552923257 0.9300888223050574
11.435397259066848 1.0535281338413747
11.561060965210439 0.9609996157008431
11.686724671354032 1.0339083538840912
11.812388377497623 1.082626505468772
11.938052083641216 1.0468234426710235
12.063715789784807 1.0077782028482687
12.189379495928398 1.0417902870991669
12.31504320207199 1.155274580523934
12.440706908215581 0.9410403249404012
