# P_value  count
-1.0 0.0
-0.975 0.0
-0.95 0.0
-0.925 0.0
-0.9 0.0
-0.875 0.0
-0.85 0.0
-0.825 0.0
-0.8 0.0
-0.775 0.0
-0.75 0.0
-0.725 0.0
-0.7 0.0
-0.675 0.0
-0.65 0.0
-0.625 0.0
-0.6 0.0
-0.575 0.0
-0.55 0.0
-0.525 0.0
-0.5 0.0
-0.475 0.0
-0.45 0.0
-0.425 0.0
-0.4 2.0
-0.375 7.0
-0.35 175.0
-0.325 196.0
-0.3 245.0
-0.275 581.0
-0.25 2432.0
-0.225 1746.0
-0.2 4443.0
-0.175 5776.0
-0.15 7614.0
-0.125 10359.0
-0.1 10672.0
-0.075 14651.0
-0.05 13932.0
-0.025 17351.0
0.0 19811.0
0.025 18551.0
0.05 17802.0
0.075 17572.0
0.1 11998.0
0.125 11341.0
0.15 9474.0
0.175 4774.0
0.2 3517.0
0.225 3076.0
0.25 974.0
0.275 1439.0
0.3 524.0
0.325 201.0
0.35 111.0
0.375 1.0
0.4 62.0
0.425 0.0
0.45 0.0
0.475 0.0
0.5 0.0
0.525 0.0
0.55 0.0
0.575 0.0
0.6 0.0
0.625 0.0
0.65 0.0
0.675 0.0
0.7 0.0
0.725 0.0
0.75 0.0
0.775 0.0
0.8 0.0
0.825 0.0
0.85 0.0
0.875 0.0
0.9 0.0
0.925 0.0
0.95 0.0
0.975 0.0
1.0 0.0
