# P_value  count
-1.0 302.0
-0.9333333333333333 2128.0
-0.8666666666666667 6295.0
-0.8 12442.0
-0.7333333333333333 19619.0
-0.6666666666666666 25035.0
-0.6 25743.0
-0.5333333333333333 24062.0
-0.4666666666666667 20229.0
-0.4 15745.0
-0.3333333333333333 11613.0
-0.26666666666666666 7836.0
-0.2 5572.0
-0.13333333333333333 3880.0
-0.06666666666666667 2579.0
0.0 2664.0
0.06666666666666667 1276.0
0.13333333333333333 1039.0
0.2 772.0
0.26666666666666666 677.0
0.3333333333333333 453.0
0.4 363.0
0.4666666666666667 427.0
0.5333333333333333 348.0
0.6 182.0
0.6666666666666666 223.0
0.7333333333333333 61.0
0.8 1.0
0.8666666666666667 0.0
0.9333333333333333 0.0
1.0 0.0
