block_size         error    difference      rel_diff
-------------------------------------------------------
       2  1.741201e-07  7.212230e-08  4.142102e-01
       4  2.462424e-07  1.019956e-07  4.142080e-01
       8  3.482379e-07  1.442412e-07  4.142031e-01
      16  4.924791e-07  2.039818e-07  4.141937e-01
      32  6.964609e-07  2.884575e-07  4.141762e-01
      64  9.849185e-07  4.078929e-07  4.141387e-01
     128  1.392811e-06  5.767357e-07  4.140803e-01
     256  1.969547e-06  8.154250e-07  4.140165e-01
     512  2.784972e-06  1.152626e-06  4.138734e-01
    1024  3.937598e-06  1.629591e-06  4.138542e-01
    2048  5.567189e-06  2.302278e-06  4.135441e-01
    4096  7.869467e-06  3.255393e-06  4.136739e-01
    8192  1.112486e-05  4.577765e-06  4.114896e-01
   16384  1.570263e-05  6.383561e-06  4.065283e-01
   32768  2.208619e-05  8.655563e-06  3.918994e-01
   65536  3.074175e-05  1.046247e-05  3.403343e-01
  131072  4.120422e-05           ---           ---
