# block  <P^2>
1 0.0
2 0.023045555555555628
3 0.01818666666666668
4 0.02374000000000018
5 0.01779777777777791
6 0.020067777777777792
7 0.02297333333333338
8 0.022378888888888938
9 0.0184433333333334
10 0.022217777777777996
11 0.01593593593593595
12 0.020110000000000103
13 0.017486666666666626
14 0.02676444444444458
15 0.02133666666666689
16 0.022850000000000096
17 0.020545555555555626
18 0.016079999999999973
19 0.0182055555555555
20 0.019781111111111124
21 0.024391111111111235
22 0.025417777777777862
23 0.02065111111111116
24 0.016998888888888963
25 0.02320777777777788
26 0.020621111111111163
27 0.01829170829170833
28 0.02600934267600945
29 0.022361111111111238
30 0.020293333333333375
31 0.020501111111111178
32 0.017755555555555566
33 0.026008230452675044
34 0.017984444444444525
35 0.01879666666666683
36 0.01872555555555557
37 0.025440996552107752
38 0.02433222222222238
39 0.022254444444444556
40 0.021204444444444467
41 0.01974555555555569
42 0.02348222222222229
43 0.023684444444444636
44 0.01734000000000001
45 0.020721111111111145
46 0.018125555555555582
47 0.020563333333333402
48 0.019067777777777812
49 0.020852222222222334
50 0.019670000000000132
51 0.02155000000000013
52 0.01791000000000004
53 0.02148222222222229
54 0.019001223445667896
55 0.021147704590818495
56 0.0190466666666667
57 0.02371222222222223
58 0.019910000000000046
59 0.02697000000000008
60 0.0184544444444445
61 0.020282222222222274
62 0.024425555555555735
63 0.022847777777777904
64 0.024257777777777812
65 0.022160062160062156
66 0.020784444444444435
67 0.023504444444444557
68 0.02701222222222236
69 0.023713333333333482
70 0.020652680652680826
71 0.01983777777777794
72 0.023467777777777764
73 0.02175888888888899
74 0.02130241352463583
75 0.017468579690801928
76 0.022336666666666734
77 0.028333889445000707
78 0.02347458569680793
79 0.01828666666666668
80 0.02209111111111119
81 0.018734444444444477
82 0.030675990675990868
83 0.020194444444444563
84 0.020012234456678945
85 0.023287823287823327
86 0.020604444444444526
87 0.02674444444444454
88 0.021864444444444523
89 0.020997777777777966
90 0.021458888888888982
91 0.019462222222222273
92 0.024732222222222263
93 0.02099111111111118
94 0.01945278611945296
95 0.02219555555555564
96 0.025793333333333345
97 0.020053333333333347
98 0.02565565565565587
99 0.020923333333333346
100 0.024162504162504247
101 0.018492222222222257
102 0.019036814592370086
103 0.020872222222222334
104 0.021647777777777804
105 0.01637526415304195
106 0.01881555555555565
107 0.02096222222222233
108 0.016499999999999935
109 0.015578865578865576
110 0.02196222222222237
111 0.018462222222222237
112 0.018431111111111162
113 0.02019555555555559
114 0.021527777777777837
115 0.024254444444444502
116 0.024464444444444667
117 0.02126222222222237
118 0.020350000000000184
119 0.02427222222222249
120 0.028300000000000245
121 0.0223877777777779
122 0.02305777777777787
123 0.019334444444444463
124 0.02074333333333334
125 0.02111222222222231
126 0.02249444444444451
127 0.02333777777777788
128 0.02805000000000016
129 0.025208888888889072
130 0.022676666666666775
131 0.022245555555555685
132 0.021870759648537567
133 0.01956555555555553
134 0.01931666666666665
135 0.024182222222222296
136 0.022224444444444557
137 0.019616666666666775
138 0.021440000000000216
139 0.02234432234432232
140 0.022490000000000124
141 0.02511733956178419
142 0.024628888888889127
143 0.025608888888888962
144 0.02006777777777789
145 0.021880000000000042
146 0.025598888888889046
147 0.01786333333333348
148 0.01968666666666667
149 0.023198888888888863
150 0.021981111111111225
151 0.018777777777777893
152 0.02571888888888899
153 0.023160000000000076
154 0.02352888888888895
155 0.019270000000000037
156 0.02478000000000003
157 0.022603333333333434
158 0.022771111111111204
159 0.026010000000000075
160 0.020197777777777752
161 0.02374555555555563
162 0.022294516738961333
163 0.02265666666666674
164 0.020376666666666703
165 0.022188888888888952
166 0.024332222222222366
167 0.021046731046731174
168 0.022807777777777878
169 0.02219777777777794
170 0.02646333333333348
171 0.02626333333333345
172 0.019078888888889037
173 0.02113777777777783
174 0.02038444444444458
175 0.021912531912532108
176 0.02737000000000015
177 0.020218888888888953
178 0.01686777777777784
179 0.018798888888889
180 0.026344444444444576
181 0.019071111111111212
182 0.02071222222222224
183 0.021019817412603135
184 0.029341769341769516
185 0.020056723390056767
186 0.018703333333333377
187 0.020846666666666677
188 0.021424444444444486
189 0.017440337440337426
190 0.018890000000000146
191 0.021995555555555726
192 0.018338888888888863
193 0.021482222222222368
194 0.02397666666666682
195 0.020575555555555607
196 0.02372928484039601
197 0.01795888888888889
198 0.026205555555555884
199 0.02285618952285628
200 0.020287777777777804
201 0.02710555555555565
202 0.02268888888888896
203 0.02619777777777785
204 0.01975666666666675
205 0.023252141029918842
206 0.020686666666666746
207 0.021174444444444482
208 0.025933333333333447
