# P_value  count
-1.0 0.0
-0.9777777777777777 0.0
-0.9555555555555556 0.0
-0.9333333333333333 0.0
-0.9111111111111111 0.0
-0.8888888888888888 0.0
-0.8666666666666667 0.0
-0.8444444444444444 0.0
-0.8222222222222222 0.0
-0.8 0.0
-0.7777777777777778 0.0
-0.7555555555555555 0.0
-0.7333333333333333 0.0
-0.7111111111111111 0.0
-0.6888888888888889 0.0
-0.6666666666666666 0.0
-0.6444444444444445 0.0
-0.6222222222222222 29.0
-0.6 19.0
-0.5777777777777777 104.0
-0.5555555555555556 70.0
-0.5333333333333333 104.0
-0.5111111111111111 139.0
-0.4888888888888889 255.0
-0.4666666666666667 522.0
-0.4444444444444444 296.0
-0.4222222222222222 617.0
-0.4 1185.0
-0.37777777777777777 1669.0
-0.35555555555555557 1931.0
-0.3333333333333333 2619.0
-0.3111111111111111 2420.0
-0.28888888888888886 3337.0
-0.26666666666666666 3897.0
-0.24444444444444444 4265.0
-0.2222222222222222 4976.0
-0.2 6211.0
-0.17777777777777778 6133.0
-0.15555555555555556 7571.0
-0.13333333333333333 8024.0
-0.1111111111111111 8592.0
-0.08888888888888889 8551.0
-0.06666666666666667 9547.0
-0.044444444444444446 8806.0
-0.022222222222222223 9244.0
0.0 9521.0
0.022222222222222223 9482.0
0.044444444444444446 8723.0
0.06666666666666667 9334.0
0.08888888888888889 8233.0
0.1111111111111111 8837.0
0.13333333333333333 6489.0
0.15555555555555556 6093.0
0.17777777777777778 5820.0
0.2 5557.0
0.2222222222222222 5498.0
0.24444444444444444 4579.0
0.26666666666666666 3365.0
0.28888888888888886 3036.0
0.3111111111111111 2506.0
0.3333333333333333 1877.0
0.35555555555555557 1735.0
0.37777777777777777 1299.0
0.4 878.0
0.4222222222222222 759.0
0.4444444444444444 596.0
0.4666666666666667 491.0
0.4888888888888889 171.0
0.5111111111111111 117.0
0.5333333333333333 134.0
0.5555555555555556 28.0
0.5777777777777777 46.0
0.6 0.0
0.6222222222222222 4.0
0.6444444444444445 1.0
0.6666666666666666 0.0
0.6888888888888889 0.0
0.7111111111111111 0.0
0.7333333333333333 0.0
0.7555555555555555 0.0
0.7777777777777778 0.0
0.8 0.0
0.8222222222222222 0.0
0.8444444444444444 0.0
0.8666666666666667 0.0
0.8888888888888888 0.0
0.9111111111111111 0.0
0.9333333333333333 0.0
0.9555555555555556 0.0
0.9777777777777777 0.0
1.0 0.0
