# block  <P^2>
1 0.0
2 0.022992098765431946
3 0.032184691358024466
4 0.017679012345678834
5 0.029688395061728164
6 0.04422419753086437
7 0.04794716049382752
8 0.03116291116291099
9 0.03650962962962966
10 0.026880773547440173
11 0.02726133540948338
12 0.037004970338303585
13 0.02900691358024688
14 0.03862419753086421
15 0.039513086419752964
16 0.03184740740740733
17 0.028612839506172653
18 0.03438895685809272
19 0.04043111111111123
20 0.04034074074074078
21 0.03657827160493826
22 0.046326326326326224
23 0.03400049382716054
24 0.0349097815764481
25 0.03897827160493822
26 0.03596452929786271
27 0.03412148148148132
28 0.056872016872017
29 0.05329481481481457
30 0.027860246913580217
31 0.048090749400034945
32 0.029405925925925634
33 0.03616790123456775
34 0.028714495381161727
35 0.03139950617283924
36 0.030390617283950334
37 0.03248049382716045
38 0.04290172839506179
39 0.03142419753086404
40 0.0230617283950615
41 0.026550123456789972
42 0.03611703703703733
43 0.03431259259259249
44 0.03530123456790099
45 0.03526716049382698
46 0.04282088282088266
47 0.03892000000000009
48 0.028452345679012125
49 0.0386271604938269
50 0.03442913580246906
51 0.04156246913580224
52 0.026577777777777662
53 0.040335308641974904
54 0.03320049382716029
55 0.025002651669318098
56 0.036073086419753174
57 0.03886222222222237
58 0.02965777777777771
59 0.028673580246913175
60 0.03803851851851878
61 0.034578765432098466
62 0.024989135802468976
63 0.04259851851851843
64 0.04075654320987678
65 0.02721426721426704
66 0.03743950617284016
67 0.025344197530863942
68 0.042693109359775765
69 0.04487845870561952
70 0.04158320987654318
71 0.039670946831935366
72 0.02678765432098761
73 0.03959604938271597
74 0.04244345679012342
75 0.028911604938271423
76 0.025380740740740624
77 0.02983407407407383
78 0.02703555555555538
79 0.03407703703703698
80 0.04466814814814805
81 0.03868592592592588
82 0.035666172839505926
83 0.03088987654320961
84 0.03277382716049364
85 0.025342379416453148
86 0.03614410281076952
87 0.02390419753086414
88 0.030280493827160374
89 0.03482791433408731
90 0.05393876543209912
91 0.03689185185185178
92 0.043455802469135836
93 0.038708337967597053
94 0.03749679012345673
95 0.03267069538674462
96 0.03308592592592589
97 0.04382864197530846
98 0.04216395061728403
99 0.0513254646587984
100 0.0334603667936999
101 0.04158924356455214
102 0.036430617283950785
103 0.027085925925925767
104 0.028633580246913513
105 0.03921580246913593
106 0.027758024691357963
107 0.05130661525723264
108 0.03381554393900067
109 0.04369975308641982
110 0.03085753752420397
111 0.02277432098765424
112 0.02304608971275646
113 0.031004938271604637
114 0.03625925925925917
115 0.0339822222222222
116 0.037446010779343904
117 0.03210172839506181
118 0.04064444444444471
119 0.04699111111111128
120 0.0538162962962965
121 0.04412888888888901
122 0.029045925925925926
123 0.028822896971044638
124 0.0367244444444443
125 0.03957827160493838
126 0.03348839506172824
127 0.030242469135802433
128 0.04112592592592583
129 0.04584452584452584
130 0.031139753086419638
131 0.02846765432098747
132 0.02580543209876519
133 0.03114864197530848
134 0.023879330545997068
135 0.02531061728395055
136 0.030897497564164007
137 0.02555999999999985
138 0.03704345679012362
139 0.03285876543209873
140 0.03228277894944535
141 0.040133333333333326
142 0.04307654320987684
143 0.046867654320987634
144 0.03522172839506162
145 0.03854567901234584
146 0.029884444444444318
147 0.034750617283950506
148 0.04396098765432153
149 0.046897283950617465
150 0.028424691358024633
151 0.02752704086037409
152 0.032436049382715874
153 0.03622222222222256
154 0.04267654320987662
155 0.037350123456790105
156 0.032838024691357985
157 0.039981253314586546
158 0.03012444444444428
159 0.04363735030401713
160 0.03125135802469105
161 0.029364673315290506
162 0.03938518518518518
163 0.031067160493827174
164 0.03157679012345647
165 0.02622622622622621
166 0.041109507776174274
167 0.03710814814814803
168 0.032884444444444536
169 0.030648888888888767
170 0.02881234567901231
171 0.031051851851851803
172 0.029158518518518292
173 0.03104444444444427
174 0.038647278647278786
175 0.055887407407407635
176 0.034075555555555366
177 0.04179308641975313
178 0.04373163286743577
179 0.03125876543209873
180 0.037723950617284153
181 0.031959999999999836
182 0.03223618680408789
183 0.02122024691358021
184 0.03308592592592588
185 0.035425679012345675
186 0.028947654320987642
187 0.025200493827160334
188 0.030591111111110958
189 0.0285530864197528
190 0.03062865334470259
191 0.04495308641975336
192 0.05134518518518554
193 0.033865679012345495
194 0.03147111111111079
195 0.046816790123456915
196 0.0368306172839507
197 0.03009777777777763
198 0.03656540989874304
199 0.023595555555555422
200 0.03125516458849759
201 0.030930370370370074
202 0.020408395061728313
203 0.027520987654320758
204 0.03935259259259282
205 0.034234567901234206
206 0.03036345679012327
207 0.03996345679012342
208 0.03500296296296296
