# block  <|P|>
1 0.0
2 0.12286666666666794
3 0.14413333333333522
4 0.10137777777777841
5 0.1347333333333344
6 0.17115555555555634
7 0.178022222222223
8 0.1433677433677442
9 0.16502222222222174
10 0.12813852813852905
11 0.12677121566010538
12 0.15468975468975507
13 0.13717777777777884
14 0.16173333333333523
15 0.16328888888889
16 0.1458888888888897
17 0.13700000000000065
18 0.15366477588699812
19 0.16504444444444466
20 0.1641333333333349
21 0.15020000000000008
22 0.17868980091202386
23 0.15757777777777818
24 0.16385836385836272
25 0.16851111111111147
26 0.1489399489399491
27 0.15288888888889016
28 0.188855588855589
29 0.19195555555555557
30 0.12957777777777907
31 0.18559340904030255
32 0.1440222222222233
33 0.15795555555555563
34 0.14028194028194169
35 0.14231111111111244
36 0.1423777777777791
37 0.1484666666666672
38 0.1656888888888901
39 0.149333333333334
40 0.119066666666668
41 0.13440000000000124
42 0.14779999999999954
43 0.15322222222222223
44 0.1461555555555567
45 0.15986666666666735
46 0.18041958041958173
47 0.15908888888889036
48 0.1364888888888903
49 0.15942222222222321
50 0.14677777777777673
51 0.1675111111111131
52 0.13542222222222317
53 0.17024444444444586
54 0.15384444444444498
55 0.12305472305472404
56 0.15053333333333382
57 0.1630666666666669
58 0.12753333333333422
59 0.13986666666666797
60 0.16062222222222283
61 0.15026666666666713
62 0.1275777777777782
63 0.15884444444444568
64 0.15297777777777855
65 0.12569652569652656
66 0.1540666666666665
67 0.1344000000000016
68 0.17360417360417488
69 0.1659882104326553
70 0.16524444444444553
71 0.16154531284791837
72 0.12940000000000118
73 0.15791111111111197
74 0.17644444444444557
75 0.1309777777777789
76 0.12208888888888987
77 0.13942222222222364
78 0.13486666666666802
79 0.1475111111111126
80 0.15771111111111147
81 0.1602000000000007
82 0.16142222222222227
83 0.14084444444444552
84 0.13962222222222415
85 0.1230786341897465
86 0.15546675546675595
87 0.12124444444444579
88 0.14617777777777904
89 0.14592370147925735
90 0.19493333333333243
91 0.16146666666666795
92 0.1752888888888901
93 0.16216216216216311
94 0.1526888888888909
95 0.15664553442331355
96 0.15024444444444374
97 0.1806000000000016
98 0.17311111111111213
99 0.19984459984460043
100 0.1575091575091597
101 0.1630964297630972
102 0.14240000000000025
103 0.12686666666666743
104 0.14273333333333466
105 0.16853333333333417
106 0.13746666666666735
107 0.18324991658325027
108 0.159270381492604
109 0.17591111111111116
110 0.1425907425907435
111 0.12404444444444566
112 0.1287823287823296
113 0.1410444444444455
114 0.15184444444444659
115 0.13915555555555642
116 0.15850815850816086
117 0.150755555555556
118 0.17380000000000076
119 0.18117777777777921
120 0.19444444444444622
121 0.16868888888889033
122 0.1365777777777792
123 0.13471249026804782
124 0.15891111111111197
125 0.16768888888888925
126 0.1504444444444468
127 0.1352666666666675
128 0.17164444444444574
129 0.17773337773337816
130 0.14746666666666725
131 0.1314000000000011
132 0.13920000000000063
133 0.14320000000000116
134 0.11992451992452012
135 0.13337777777777926
136 0.13639693639693734
137 0.13193333333333404
138 0.15722222222222393
139 0.14628888888889033
140 0.14168054168054298
141 0.16462222222222309
142 0.15675555555555698
143 0.18206666666666818
144 0.1427111111111118
145 0.16322222222222316
146 0.1390222222222241
147 0.1612888888888901
148 0.16931111111111227
149 0.17237777777777885
150 0.1241333333333343
151 0.12676212676212753
152 0.1410888888888899
153 0.15413333333333315
154 0.1689333333333344
155 0.1572444444444457
156 0.1486000000000012
157 0.17189477189477254
158 0.13115555555555594
159 0.17657897657897687
160 0.14128888888888996
161 0.136136136136137
162 0.15900000000000047
163 0.1445111111111121
164 0.1378888888888899
165 0.11747302858413984
166 0.1648573648573656
167 0.1469333333333339
168 0.1509555555555565
169 0.13875555555555627
170 0.14144444444444515
171 0.13808888888889048
172 0.14115555555555645
173 0.1465555555555577
174 0.1633255633255643
175 0.19653333333333434
176 0.14708888888889005
177 0.17157777777777902
178 0.17577577577577552
179 0.15068888888888943
180 0.16228888888889006
181 0.14317777777777851
182 0.14879323768212757
183 0.11477777777777853
184 0.1504666666666674
185 0.15606666666666744
186 0.14740000000000114
187 0.12224444444444527
188 0.1408666666666682
189 0.13551111111111144
190 0.13740407073740468
191 0.16733333333333308
192 0.19248888888888904
193 0.1560888888888888
194 0.1426444444444456
195 0.16942222222222253
196 0.15431111111111234
197 0.1417777777777788
198 0.15520035520035633
199 0.11895555555555662
200 0.15169275169275268
201 0.14475555555555644
202 0.10424444444444522
203 0.13146666666666754
204 0.15415555555555657
205 0.15380000000000144
206 0.14524444444444484
207 0.15991111111111242
208 0.14704444444444534
