# k values and corresponding S(k) [pure estimator]
0.0 3.08831219679274
0.06981317007977318 1.3615893669458936
0.13962634015954636 1.0741577419348105
0.20943951023931956 1.0221296929598545
0.2792526803190927 0.9985569358922327
0.3490658503988659 1.0111957349839313
0.4188790204786391 0.9936939490931533
0.4886921905584123 0.9694501360040954
0.5585053606381855 1.0035573943291058
0.6283185307179586 0.9762200363595274
0.6981317007977318 0.9926439645526808
0.767944870877505 0.9973780830646705
0.8377580409572782 0.9871981184588706
0.9075712110370514 0.9808928852898214
0.9773843811168246 1.0018548492273383
1.0471975511965976 0.9727713991345499
1.117010721276371 0.9897162357398919
1.1868238913561442 0.9936227734616323
1.2566370614359172 1.0021071102043502
1.3264502315156905 0.9970332727427833
1.3962634015954636 0.9881600215727464
1.4660765716752369 0.9802803673201649
1.53588974175501 0.9965886840569154
1.6057029118347832 0.9898109385001502
1.6755160819145565 0.9954802199725022
1.7453292519943295 0.9894922963118151
1.8151424220741028 0.9870696602861211
1.8849555921538759 0.9808437906661099
1.9547687622336491 0.982310108887234
2.0245819323134224 0.9899984611935426
2.0943951023931953 0.9825208676552589
2.1642082724729685 0.999055575766926
2.234021442552742 0.972011187169455
2.303834612632515 0.975545628385703
2.3736477827122884 1.0060787753519376
2.443460952792061 0.9781616130381668
2.5132741228718345 0.9765513394886665
2.5830872929516078 0.984929074975905
2.652900463031381 0.9707719974520607
2.722713633111154 0.9938574493575268
2.792526803190927 0.995102808853866
2.8623399732707004 0.9836186777973144
2.9321531433504737 0.9745190837399851
3.001966313430247 0.9868264001686319
3.07177948351002 0.9872101022098456
3.141592653589793 0.9773062834496191
3.2114058236695664 0.9879818227568441
3.2812189937493397 0.9847703134654668
3.351032163829113 1.0085976345436398
3.420845333908886 0.9808027004932961
3.490658503988659 0.9908513482779869
3.5604716740684323 0.9925028377392363
3.6302848441482056 1.0037301809343235
3.7000980142279785 0.9926448382698071
3.7699111843077517 0.9983732143372278
3.839724354387525 0.9778055907818886
3.9095375244672983 0.9849210617654095
3.9793506945470716 0.9911442478739224
4.049163864626845 0.9974893732431601
4.118977034706618 0.988247227276684
4.1887902047863905 0.993027878839832
4.258603374866164 0.9848002670521206
4.328416544945937 1.010630444240971
4.39822971502571 0.9900214032738769
4.468042885105484 0.9854765547052422
4.537856055185257 0.9736461791972176
4.60766922526503 0.9707772893426839
4.6774823953448035 0.9808885291549134
4.747295565424577 0.9875639414072741
4.817108735504349 0.9894783298319502
4.886921905584122 0.9876014695121541
4.956735075663896 0.9881907200587938
5.026548245743669 0.9856301382436128
5.096361415823442 0.9900912914369701
5.1661745859032155 0.9946485427697087
