# k values and corresponding S(k) [pure estimator]
0.0 36.863019491702026
0.07853981633974483 0.8110583056952416
0.15707963267948966 0.8889913541343439
0.23561944901923448 0.9115135118074262
0.3141592653589793 0.931466389574638
0.39269908169872414 0.9408178192138572
0.47123889803846897 0.9650333227384245
0.5497787143782138 0.9620765237034224
0.6283185307179586 0.9677876547908446
0.7068583470577035 0.9833829099450379
0.7853981633974483 0.9782235994380777
0.8639379797371931 0.9658979033674041
0.9424777960769379 0.955508844928041
1.0210176124166828 0.9686595533740099
1.0995574287564276 0.9552636452952566
1.1780972450961724 0.9536425745146079
1.2566370614359172 0.9717889847353485
1.335176877775662 0.9872709415534519
1.413716694115407 0.9729827111455892
1.4922565104551517 0.9699266589828403
1.5707963267948966 0.9637931484265141
1.6493361431346414 0.9817974836046823
1.7278759594743862 0.976497291739396
1.806415775814131 0.9749960417676775
1.8849555921538759 0.9678141502360547
1.9634954084936207 0.9628553016357356
2.0420352248333655 0.9829258242448181
2.1205750411731104 0.9627959232656321
2.199114857512855 0.9789708880603789
2.2776546738526 0.9744942587323335
2.356194490192345 0.9707079610576222
2.4347343065320897 0.9719623665595146
2.5132741228718345 0.9707995664789367
2.5918139392115793 0.9744127993739743
2.670353755551324 0.9737069852153512
2.748893571891069 0.978928874329747
2.827433388230814 0.9614014537972341
2.9059732045705586 0.9782179751719307
2.9845130209103035 0.9767156525420859
3.0630528372500483 0.9673649000213281
3.141592653589793 0.9661492220134762
3.220132469929538 0.9564635040448287
3.2986722862692828 0.9808869388276302
3.3772121026090276 0.9959541498360105
3.4557519189487724 0.969884957895546
3.5342917352885173 0.9591967343899322
3.612831551628262 0.9672485922079014
3.691371367968007 0.9756225296383314
3.7699111843077517 0.967359168058302
3.8484510006474966 0.9917163028708773
3.9269908169872414 0.9746094966702762
4.005530633326986 0.9772862594858928
4.084070449666731 0.9775098466862553
4.162610266006476 0.9802905979261274
4.241150082346221 0.9762138574515055
4.319689898685965 0.978895932701011
4.39822971502571 0.968838459694314
4.476769531365456 0.9701342368371505
4.5553093477052 0.9693359096769973
4.633849164044944 0.965914068933443
4.71238898038469 0.9759120301508664
4.790928796724435 0.9641646448237405
4.869468613064179 0.974068207245128
4.948008429403924 0.965356558002739
5.026548245743669 0.9769596345546725
5.105088062083414 0.9789128906608169
5.183627878423159 0.9591228067197668
5.262167694762903 0.9599089239736041
5.340707511102648 0.9674028733350004
5.419247327442394 1.0069662277206104
5.497787143782138 0.9776315187714957
5.576326960121882 0.9791873251679779
5.654866776461628 0.9740227987718447
5.733406592801373 0.9702890095079968
5.811946409141117 0.9829133760032533
