# P_value  count
-1.0 0.0
-0.9666666666666667 0.0
-0.9333333333333333 0.0
-0.9 0.0
-0.8666666666666667 0.0
-0.8333333333333334 0.0
-0.8 0.0
-0.7666666666666667 0.0
-0.7333333333333333 11.0
-0.7 4.0
-0.6666666666666666 57.0
-0.6333333333333333 34.0
-0.6 55.0
-0.5666666666666667 79.0
-0.5333333333333333 336.0
-0.5 430.0
-0.4666666666666667 491.0
-0.43333333333333335 1162.0
-0.4 1460.0
-0.36666666666666664 2310.0
-0.3333333333333333 3283.0
-0.3 4151.0
-0.26666666666666666 5955.0
-0.23333333333333334 6887.0
-0.2 8786.0
-0.16666666666666666 9911.0
-0.13333333333333333 11168.0
-0.1 12248.0
-0.06666666666666667 12560.0
-0.03333333333333333 12871.0
0.0 14478.0
0.03333333333333333 13725.0
0.06666666666666667 12596.0
0.1 12091.0
0.13333333333333333 11882.0
0.16666666666666666 9666.0
0.2 8081.0
0.23333333333333334 6954.0
0.26666666666666666 6112.0
0.3 4046.0
0.3333333333333333 3148.0
0.36666666666666664 2541.0
0.4 1996.0
0.43333333333333335 1100.0
0.4666666666666667 837.0
0.5 479.0
0.5333333333333333 279.0
0.5666666666666667 116.0
0.6 56.0
0.6333333333333333 157.0
0.6666666666666666 9.0
0.7 0.0
0.7333333333333333 0.0
0.7666666666666667 0.0
0.8 0.0
0.8333333333333334 0.0
0.8666666666666667 0.0
0.9 0.0
0.9333333333333333 0.0
0.9666666666666667 0.0
1.0 0.0
