# block  <P^2>
1 0.0
2 0.029762222222222228
3 0.03238333333333349
4 0.03298666666666679
5 0.029141111111111263
6 0.054942222222222205
7 0.04806555555555556
8 0.032406666666666806
9 0.04759111111111098
10 0.030295555555555676
11 0.033409923409923624
12 0.031814444444444576
13 0.03914333333333332
14 0.025804444444444567
15 0.02843111111111128
16 0.03230222222222236
17 0.040323333333333544
18 0.038604444444444545
19 0.03227888888888906
20 0.04391666666666659
21 0.034765555555555674
22 0.03326562326562349
23 0.0417511111111111
24 0.036111111111111434
25 0.03219447219447236
26 0.040295555555555626
27 0.028136666666666647
28 0.04789222222222217
29 0.03306555555555575
30 0.02696414696414701
31 0.03920111111111099
32 0.037333333333333316
33 0.03743555555555544
34 0.040288888888888943
35 0.03611444444444444
36 0.04511777777777772
37 0.029086666666666754
38 0.03725829725829724
39 0.03318666666666669
40 0.04418888888888896
41 0.03670000000000026
42 0.040539999999999986
43 0.04268333333333354
44 0.044602222222222175
45 0.04330444444444482
46 0.047475555555555646
47 0.03763111111111096
48 0.02579666666666686
49 0.0379601824046271
50 0.03458999999999996
51 0.03157333333333344
52 0.03562444444444461
53 0.026771215660104562
54 0.04932333333333338
55 0.04084666666666697
56 0.03421777777777783
57 0.030768888888889127
58 0.026380000000000094
59 0.033769999999999946
60 0.04253968253968258
61 0.03222888888888901
62 0.030377777777778055
63 0.026566466265865233
64 0.0339144444444445
65 0.03215444444444477
66 0.02947888888888901
67 0.040810810810810824
68 0.043136666666666906
69 0.04531222222222214
70 0.036461316461316465
71 0.03358752358752379
72 0.03303444444444442
73 0.02710111111111111
74 0.02987888888888895
75 0.0402688888888891
76 0.027577777777777993
77 0.03784555555555573
78 0.035181111111111225
79 0.03393333333333333
80 0.029352222222222262
81 0.026782222222222322
82 0.04558447336225102
83 0.04064444444444457
84 0.03467888888888904
85 0.042770000000000155
86 0.02919666666666678
87 0.03613666666666668
88 0.023336663336663413
89 0.04473111111111123
90 0.03777000777000794
91 0.030204240204240385
92 0.030078967856745836
93 0.04008111111111122
94 0.037820042264486764
95 0.03749888888888895
96 0.03255444444444448
97 0.03563111111111122
98 0.04322555555555561
99 0.03297369297369314
100 0.050089820359281445
101 0.0346211111111112
102 0.03202666666666669
103 0.027745555555555773
104 0.036415555555555805
105 0.0366999999999998
106 0.028262222222222324
107 0.03408111111111126
108 0.041465555555555395
109 0.04007437007436992
110 0.028715555555555654
111 0.035825285825286
112 0.03897316478154801
113 0.03434666666666684
114 0.03689333333333335
115 0.03659673659673666
116 0.02786333333333338
117 0.0834888888888897
118 0.04182888888888911
119 0.030404444444444567
120 0.03159111111111131
121 0.03682206682206705
122 0.029065555555555633
123 0.0353553553553554
124 0.03990111111111112
125 0.049277777777777775
126 0.04362391449565815
127 0.04137862137862131
128 0.03172728283839408
129 0.0415922222222221
130 0.038642222222222196
131 0.04953111111111087
132 0.03686909131353566
133 0.037538888888889003
134 0.04796222222222215
135 0.04189555555555547
136 0.033020000000000195
137 0.03974444444444425
138 0.042329999999999944
139 0.03702333333333338
140 0.03630777777777782
141 0.032483333333333454
142 0.03112334556779009
143 0.03507333333333339
144 0.05987777777777788
145 0.03833111111111122
146 0.03817777777777799
147 0.025282222222222414
148 0.048098888888888774
149 0.037568888888888645
150 0.0406239572906238
151 0.03576555555555564
152 0.028568888888889057
153 0.02975777777777782
154 0.03026000000000008
155 0.0350616050616051
156 0.029104444444444603
157 0.027104444444444663
158 0.032105555555555776
159 0.04261444444444462
160 0.026420865309754342
161 0.03606606606606596
162 0.04102213324435542
163 0.0473722222222221
164 0.04089289690492083
165 0.03386555555555541
166 0.03763888888888891
167 0.034057777777777846
168 0.034977777777778024
169 0.036378888888888974
170 0.03338222222222235
171 0.036596666666666874
172 0.021945555555555628
173 0.03359529359529367
174 0.049488888888888895
175 0.03731555555555533
176 0.03210777777777803
177 0.03601333333333354
178 0.046534444444444364
179 0.046804444444444454
180 0.03911000000000005
181 0.04227004782560353
182 0.03778777777777778
183 0.03691555555555565
184 0.04001555555555541
185 0.0458555555555555
186 0.04466555555555544
187 0.046867777777777585
188 0.04355666666666681
189 0.0472033333333332
190 0.0446176046176046
191 0.04290444444444425
192 0.030490620490620575
193 0.048178888888888716
194 0.039864444444444445
195 0.039117777777777696
196 0.04313555555555564
197 0.04050555555555561
198 0.04469111111111092
199 0.04015222222222212
200 0.03041222222222229
201 0.04427333333333319
202 0.05698888888888874
203 0.042587777777777815
204 0.048298888888888496
205 0.04011122233344464
206 0.03766111111111133
207 0.03527777777777796
208 0.039941111111111344
