# block  <|P|>
1 0.0
2 0.1435333333333334
3 0.1498999999999997
4 0.15113333333333326
5 0.1460999999999995
6 0.1891999999999991
7 0.17269999999999888
8 0.14399999999999988
9 0.173399999999998
10 0.13773333333333343
11 0.14668664668664652
12 0.1454999999999993
13 0.15629999999999977
14 0.12433333333333278
15 0.14019999999999938
16 0.14479999999999957
17 0.15296666666666583
18 0.1582000000000004
19 0.13929999999999917
20 0.15396666666666584
21 0.15749999999999995
22 0.14635364635364584
23 0.16086666666666583
24 0.1514666666666656
25 0.14771894771894736
26 0.16573333333333284
27 0.13476666666666676
28 0.17663333333333275
29 0.14556666666666643
30 0.12967032967032963
31 0.1637666666666654
32 0.15860000000000013
33 0.157333333333333
34 0.1678666666666653
35 0.14909999999999865
36 0.1694666666666658
37 0.13426666666666676
38 0.16310356310356305
39 0.14786666666666595
40 0.16039999999999938
41 0.16026666666666647
42 0.1653999999999992
43 0.159833333333332
44 0.16926666666666618
45 0.16719999999999963
46 0.17733333333333323
47 0.15559999999999877
48 0.12643333333333256
49 0.16289622956289546
50 0.15823333333333278
51 0.14706666666666593
52 0.1534666666666669
53 0.13186519853186576
54 0.18856666666666638
55 0.15893333333333237
56 0.15406666666666627
57 0.14039999999999925
58 0.12993333333333354
59 0.15009999999999976
60 0.1661005661005652
61 0.14473333333333335
62 0.14239999999999894
63 0.1325317301269201
64 0.14569999999999927
65 0.14763333333333237
66 0.13956666666666714
67 0.16913580246913493
68 0.16643333333333288
69 0.1675000000000002
70 0.15897435897435833
71 0.1467532467532464
72 0.146433333333333
73 0.1306333333333333
74 0.1384999999999997
75 0.16979999999999945
76 0.13566666666666644
77 0.15256666666666605
78 0.15336666666666582
79 0.14626666666666666
80 0.1383666666666665
81 0.13733333333333314
82 0.1795462128795451
83 0.17333333333333129
84 0.1486999999999995
85 0.16349999999999948
86 0.14016666666666674
87 0.15529999999999936
88 0.11701631701631705
89 0.1636000000000003
90 0.16333666333666172
91 0.13909423909423882
92 0.1446780113446776
93 0.16896666666666635
94 0.15602268935602198
95 0.14856666666666615
96 0.14496666666666702
97 0.1492
98 0.16623333333333293
99 0.14172494172494088
100 0.17767797737857594
101 0.14896666666666608
102 0.15073333333333258
103 0.13416666666666638
104 0.14673333333333288
105 0.15713333333333343
106 0.13026666666666664
107 0.15543333333333292
108 0.16176666666666614
109 0.16073926073926026
110 0.1436000000000004
111 0.1597402597402598
112 0.1541583499667331
113 0.15499999999999872
114 0.1525999999999994
115 0.16356976356976294
116 0.13676666666666726
117 0.2198666666666651
118 0.16499999999999898
119 0.134733333333333
120 0.1389999999999994
121 0.16087246087245988
122 0.1350999999999994
123 0.15682349015682354
124 0.16809999999999878
125 0.17960000000000004
126 0.16957247828991195
127 0.1701631701631693
128 0.1408074741408063
129 0.16963333333333203
130 0.15006666666666651
131 0.17226666666666632
132 0.15565565565565506
133 0.15449999999999908
134 0.17219999999999935
135 0.1661333333333323
136 0.14619999999999994
137 0.14946666666666616
138 0.1742333333333322
139 0.15643333333333242
140 0.15656666666666713
141 0.14323333333333343
142 0.13850517183850536
143 0.1478666666666671
144 0.19693333333333304
145 0.16399999999999956
146 0.15713333333333285
147 0.12913333333333304
148 0.1809666666666665
149 0.15479999999999877
150 0.1702035368702026
151 0.15183333333333285
152 0.13813333333333344
153 0.13306666666666642
154 0.1402666666666674
155 0.15581085581085533
156 0.1357999999999997
157 0.13393333333333302
158 0.1433666666666668
159 0.15823333333333398
160 0.12916249582916228
161 0.15418752085418638
162 0.16446446446446344
163 0.17376666666666626
164 0.1641282565130254
165 0.1523666666666676
166 0.15583333333333316
167 0.14706666666666604
168 0.15399999999999892
169 0.14736666666666584
170 0.14986666666666587
171 0.15116666666666634
172 0.11590000000000036
173 0.1421245421245423
174 0.19073333333333295
175 0.14753333333333268
176 0.1433666666666658
177 0.15493333333333315
178 0.17596666666666674
179 0.17893333333333272
180 0.15763333333333224
181 0.17240573907240533
182 0.14670000000000005
183 0.15833333333333205
184 0.17059999999999947
185 0.17879999999999932
186 0.16456666666666658
187 0.17169999999999905
188 0.16083333333333208
189 0.17989999999999895
190 0.1746253746253744
191 0.16046666666666548
192 0.13816183816183786
193 0.17509999999999898
194 0.1687333333333322
195 0.15859999999999946
196 0.1735999999999993
197 0.1714333333333325
198 0.18059999999999823
199 0.15969999999999954
200 0.1414999999999999
201 0.16933333333333198
202 0.1917333333333323
203 0.17069999999999938
204 0.17343333333333158
205 0.16089422756089233
206 0.1551666666666658
207 0.14479999999999932
208 0.15496666666666653
