# r  Cs(r) [pure estimator]
0.05 0.0008010114363117711
0.15000000000000002 0.0007987140666156451
0.25 0.0007856865957126047
0.35000000000000003 0.0008159552260269925
0.45 0.0007856912733821998
0.55 0.0007968018118733553
0.65 0.0008032170100370232
0.75 0.0007962834807904124
0.8500000000000001 0.0008084709424297445
0.9500000000000001 0.0008113739581649448
1.05 0.0008033766432125102
1.1500000000000001 0.000785633857396575
1.25 0.0008006600422583043
1.35 0.0007986096927486727
1.4500000000000002 0.0007910953718628975
1.55 0.0007878270125810385
1.6500000000000001 0.000816587791190578
1.75 0.0008114495258026916
1.85 0.000800571066280148
1.9500000000000002 0.0008040984324565254
2.0500000000000003 0.000815683709156776
2.15 0.0008001394266307089
2.25 0.0007875726094973181
2.35 0.0007841177929775519
2.45 0.0007881805629359509
2.5500000000000003 0.0007894362809168077
2.6500000000000004 0.0007970231160255998
2.75 0.000795687891382602
2.85 0.0008088923812214574
2.95 0.0007951322568771101
3.0500000000000003 0.0007867898748361146
3.1500000000000004 0.0007897482296368456
3.25 0.000796339231198163
3.35 0.0007990696195165447
3.45 0.0008030380218411042
3.5500000000000003 0.0008039109107994443
3.6500000000000004 0.000786278610194509
3.75 0.0007844657647955293
3.85 0.000805120966687113
3.95 0.0007907119445660648
4.05 0.0008019852301467235
4.15 0.0007900556222517365
4.25 0.0008160756165812604
4.3500000000000005 0.0008012239278526314
4.45 0.0007901218869918109
4.55 0.0008075195816689158
4.65 0.0007951917865598148
4.75 0.0008010254746928813
4.8500000000000005 0.0008049555339508574
4.95 0.0007803181082520634
5.050000000000001 0.0007846707296471371
5.15 0.0007953238259553029
5.25 0.0007983560792460897
5.3500000000000005 0.0007881412311290976
5.45 0.0008024346033196034
5.550000000000001 0.0008024562999801555
5.65 0.0007984878257959346
5.75 0.0007987802711570838
5.8500000000000005 0.0007973993985353619
5.95 0.0007859003158650508
6.050000000000001 0.000820966766194147
6.15 0.0007894562147158654
6.25 0.0007954465011820155
6.3500000000000005 0.0007916159165261653
6.45 0.0007890869080529786
6.550000000000001 0.0007891673121699217
6.65 0.0007992489480126006
6.75 0.0008002024332716728
6.8500000000000005 0.0007749725107087418
6.95 0.0007921019679916568
7.050000000000001 0.000800339979441462
7.15 0.0007762379038604679
7.25 0.000779334858986459
7.3500000000000005 0.0008003100655283245
7.45 0.0008089182779189057
7.550000000000001 0.0007775042743973046
7.65 0.0007894492821658689
7.75 0.0007952756156031796
7.8500000000000005 0.0007861528940832777
7.95 0.0007946656602618576
8.05 0.0008061264468504385
8.15 0.0007851231152714672
8.25 0.0008025956218019768
8.35 0.0008181660435403408
8.450000000000001 0.0007871206776701346
8.55 0.0007931402511162178
8.65 0.0007902917489185273
8.75 0.0007928929655392235
8.85 0.0007939300216907162
8.950000000000001 0.0007947188226676384
9.05 0.0007860421231436013
9.15 0.0007931433159866799
9.25 0.0007903564761488557
9.35 0.0008057575125578888
9.450000000000001 0.0008008016747825775
9.55 0.0008055945264486495
9.65 0.0007917712085601978
9.75 0.0007820714798689227
9.850000000000001 0.000785528105983692
9.950000000000001 0.0007871211868690612
