# r  Cs(r) [pure estimator]
0.2 1.5999056669851412e-5
0.6000000000000001 1.5975278348690687e-5
1.0 1.7479003702446945e-5
1.4000000000000001 2.02931766008222e-5
1.8 1.5868204806604887e-5
2.2 1.71496010282341e-5
2.6 1.908780447648487e-5
3.0 1.559692893687995e-5
3.4000000000000004 1.3552213922651113e-5
3.8000000000000003 1.5543405220708446e-5
4.2 1.6885382756956885e-5
4.6000000000000005 1.3791680548670346e-5
5.0 1.415910895107007e-5
5.4 1.69111514187758e-5
5.800000000000001 1.404068775073006e-5
6.2 1.2356193462397955e-5
6.6000000000000005 1.2961864085159654e-5
7.0 1.3698051464077904e-5
7.4 1.5241486896455464e-5
7.800000000000001 1.4854319610811592e-5
8.200000000000001 1.0232921157135548e-5
8.6 1.3616657224416758e-5
9.0 1.2079405613712875e-5
9.4 1.3971505379420588e-5
9.8 9.172177459372456e-6
10.200000000000001 1.0379655420433252e-5
10.600000000000001 1.3863395814845028e-5
11.0 1.300777556239936e-5
11.4 1.2813988603116986e-5
11.8 1.1397767209506904e-5
12.200000000000001 9.005411568844109e-6
12.600000000000001 1.0063488462789404e-5
13.0 1.0336536493788235e-5
13.4 9.960700898882354e-6
13.8 1.0658103650481551e-5
14.200000000000001 1.190775232731518e-5
14.600000000000001 9.254500566329557e-6
15.0 1.171672373584017e-5
15.4 9.959383534749972e-6
15.8 1.2183800771794509e-5
16.2 1.2278569041929903e-5
16.6 6.592724692374707e-6
17.0 9.75605800337093e-6
17.400000000000002 9.19216678288863e-6
17.8 6.991440833093404e-6
18.2 9.832201429840003e-6
18.6 9.976107047775238e-6
19.0 9.041527114632183e-6
19.400000000000002 8.891102670653804e-6
19.8 5.154567064644779e-6
20.200000000000003 4.549150554064458e-6
20.6 5.826844526470517e-6
21.0 9.397619173854065e-6
21.400000000000002 8.373535884538956e-6
21.8 7.80903665801653e-6
22.200000000000003 4.890249031117259e-6
22.6 9.412274254895435e-6
23.0 5.922734174112042e-6
23.400000000000002 7.848566401207747e-6
23.8 8.421995880621097e-6
24.200000000000003 9.009121464046349e-6
24.6 6.163163939959245e-6
25.0 8.250522867447807e-6
25.400000000000002 8.098261076717765e-6
25.8 1.1261303745794389e-5
26.200000000000003 7.535585033606894e-6
26.6 3.420632176273269e-6
27.0 7.235979434785145e-6
27.400000000000002 6.1791497618510185e-6
27.8 7.517523949624671e-6
28.200000000000003 6.321234808437055e-6
28.6 2.7689555816669955e-6
29.0 6.858535471008899e-6
29.400000000000002 5.423929008067253e-6
29.8 7.624691665189348e-6
30.200000000000003 4.249932409500594e-6
30.6 8.775647500606744e-6
31.0 2.821997104034963e-6
31.400000000000002 7.4842888921790395e-6
31.8 4.33069236040038e-6
32.2 1.6977501535609056e-6
32.6 8.286951277338797e-6
33.0 4.505421334596741e-6
33.4 5.34627050423613e-6
33.800000000000004 5.159500777804311e-6
34.2 4.421597672402919e-6
34.6 4.892882325818374e-6
35.0 5.344548207901471e-6
35.4 4.30444975904821e-6
35.800000000000004 6.0746983787197725e-6
36.2 3.1212739574345223e-6
36.6 2.2698518144018654e-6
37.0 1.7017811928517798e-6
37.4 3.639554734203377e-6
37.800000000000004 2.964996715980291e-6
38.2 5.735938885591748e-6
38.6 2.706812884527702e-6
39.0 4.284728671217787e-6
39.400000000000006 6.245978843751915e-6
39.800000000000004 5.546589625617982e-6
