block_size         error    difference      rel_diff
-------------------------------------------------------
       2  1.373540e-07  5.683564e-08  4.137894e-01
       4  1.941896e-07  8.029090e-08  4.134664e-01
       8  2.744805e-07  1.133019e-07  4.127865e-01
      16  3.877824e-07  1.595574e-07  4.114612e-01
      32  5.473398e-07  2.238181e-07  4.089198e-01
      64  7.711579e-07  3.116690e-07  4.041571e-01
     128  1.082827e-06  4.283795e-07  3.956122e-01
     256  1.511206e-06  5.745448e-07  3.801895e-01
     512  2.085751e-06  7.321893e-07  3.510434e-01
    1024  2.817940e-06  8.657050e-07  3.072119e-01
    2048  3.683645e-06  8.355003e-07  2.268134e-01
    4096  4.519146e-06  7.713748e-07  1.706904e-01
    8192  5.290520e-06  5.067807e-07  9.579033e-02
   16384  5.797301e-06  -5.164120e-08  8.907801e-03
   32768  5.745660e-06  4.801976e-07  8.357571e-02
   65536  6.225858e-06  -2.764558e-07  4.440445e-02
  131072  5.949402e-06           ---           ---
