# block  <P>
1 0.0
2 0.4962666666666733
3 0.7472666666666727
4 0.7823999999999965
5 0.7953333333333357
6 0.8442890442890328
7 0.7680319680319593
8 0.6677344010677412
9 0.7653013653013745
10 0.8204871538204841
11 0.774825174825176
12 0.786119452786111
13 0.8388944388944417
14 0.7655333333333324
15 0.8534132534132408
16 0.7995999999999956
17 0.8028028028027977
18 0.7536463536463496
19 0.7377289377289334
20 0.7183999999999985
21 0.791533333333327
22 0.75455455455455
23 0.768133333333325
24 0.7220666666666592
25 0.7015015015015029
26 0.68786666666667
27 0.7872666666666646
28 0.8177333333333285
29 0.7761333333333303
30 0.9162666666666649
31 0.8371999999999936
32 0.8399999999999854
33 0.7307333333333306
34 0.9211333333333348
35 0.7981333333333371
36 0.8249750249750224
37 0.806866666666662
38 0.7479333333333357
39 0.7302666666666675
40 0.7965333333333353
41 0.7358000000000021
42 0.8943333333333179
43 0.7273333333333352
44 0.7036000000000013
45 0.7703333333333369
46 0.7983349983349911
47 0.7375333333333364
48 0.6210666666666782
49 0.7498336660013303
50 0.8048666666666545
51 0.7928000000000011
52 0.7447333333333329
53 0.6388000000000081
54 0.7495333333333305
55 0.7866666666666755
56 0.8233333333333228
57 0.8341007674341007
58 0.8037962037961967
59 0.791133333333329
60 0.7242666666666697
61 0.7713333333333348
62 0.7878000000000048
63 0.7326666666666689
64 0.85826666666666
65 0.7674000000000031
66 0.8501999999999917
67 0.8083999999999946
68 0.7348000000000037
69 0.8153999999999856
70 0.9741333333333311
71 0.7755999999999926
72 0.7944666666666651
73 0.7544878211544896
74 0.7279333333333409
75 0.8183999999999875
76 0.8587333333333232
77 0.7682666666666715
78 0.7857333333333407
79 0.6906666666666645
80 0.7093333333333341
81 0.7663999999999881
82 0.7699333333333291
83 0.7835999999999963
84 0.7829999999999973
85 0.797530864197526
86 0.7456666666666653
87 0.8791999999999953
88 0.7945278611945151
89 0.8145333333333228
90 0.7560666666666563
91 0.8501498501498345
92 0.719014319014319
93 0.7899232565899259
94 0.7836829836829837
95 0.8100767434100765
96 0.7815999999999975
97 0.8414918414918428
98 0.7295333333333429
99 0.7871999999999961
100 0.8712666666666677
101 0.7079746413079764
102 0.8692025358691944
103 0.7431333333333255
104 0.7695999999999933
105 0.8176666666666723
106 0.7290666666666619
107 0.7255333333333367
108 0.8230666666666593
109 0.7397870924817006
110 0.7755999999999912
111 0.7691333333333316
112 0.8888666666666545
113 0.7892000000000019
114 0.7699333333333234
115 0.8025333333333418
116 0.9001333333333137
117 0.6809713905522295
118 0.812666666666665
119 0.7623999999999945
120 0.8256410256410276
121 0.8635333333333329
122 0.8482666666666517
123 0.8167999999999876
124 0.7380666666666681
125 0.8637999999999878
126 0.8318666666666601
127 0.772094572094569
128 0.6774000000000053
129 0.7686353019686369
130 0.7331333333333303
131 0.7559333333333335
132 0.7630369630369522
133 0.7390666666666595
134 0.7398666666666612
135 0.8569333333333212
136 0.8513847180513846
137 0.7908091908091927
138 0.7802863802863849
139 0.8041333333333296
140 0.7201333333333356
141 0.7567567567567609
142 0.7376042709376059
143 0.8687999999999839
144 0.7436770103436677
145 0.9031999999999953
146 0.8296666666666571
147 0.8813999999999913
148 0.7570904237570811
149 0.7575999999999918
150 0.7755999999999973
151 0.6927594260927628
152 0.7600399600399667
153 0.7408000000000061
154 0.7227333333333303
155 0.7097333333333369
156 0.8676028084252628
157 0.8114000000000012
158 0.8285333333333209
159 0.8208666666666571
160 0.8581333333333202
161 0.9075075075074999
162 0.7933933933933948
163 0.6917333333333325
164 0.7080666666666665
165 0.8061938061938114
166 0.8094666666666543
167 0.6780552780552885
168 0.8630036630036577
169 0.7813333333333274
170 0.8484000000000029
171 0.8008658008657972
172 0.7344000000000116
173 0.8341333333333234
174 0.8540792540792431
175 0.7712666666666688
176 0.7249916583249899
177 0.7981999999999894
178 0.8230000000000062
179 0.7317999999999983
180 0.6878666666666686
181 0.8415333333333314
182 0.8019999999999919
183 0.8115333333333205
184 0.8446666666666702
185 0.7465999999999953
186 0.7219999999999984
187 0.8869130869130805
188 0.7809142475809109
189 0.7748917748917793
190 0.8044666666666553
191 0.6585088599130741
192 0.7558441558441509
193 0.7798666666666638
194 0.7892107892107932
195 0.774066666666663
196 0.8108558108558057
197 0.8173333333333278
198 0.7448666666666659
199 0.7863590772316994
200 0.7889333333333336
201 0.6320000000000037
202 0.8129204129204178
203 0.8542790542790527
204 0.8183999999999939
205 0.7885333333333286
206 0.7657999999999929
207 0.759933333333328
208 0.764066666666663
