block_size         error    difference      rel_diff
-------------------------------------------------------
       2  2.812087e-07  1.164798e-07  4.142112e-01
       4  3.976885e-07  1.647266e-07  4.142102e-01
       8  5.624152e-07  2.329565e-07  4.142074e-01
      16  7.953717e-07  3.294445e-07  4.142019e-01
      32  1.124816e-06  4.658894e-07  4.141916e-01
      64  1.590706e-06  6.588080e-07  4.141609e-01
     128  2.249514e-06  9.315634e-07  4.141177e-01
     256  3.181077e-06  1.317245e-06  4.140878e-01
     512  4.498322e-06  1.861902e-06  4.139104e-01
    1024  6.360224e-06  2.632252e-06  4.138615e-01
    2048  8.992477e-06  3.715361e-06  4.131632e-01
    4096  1.270784e-05  5.238861e-06  4.122544e-01
    8192  1.794670e-05  7.297061e-06  4.065963e-01
   16384  2.524376e-05  9.839170e-06  3.897664e-01
   32768  3.508293e-05  1.223196e-05  3.486584e-01
   65536  4.731489e-05  1.295873e-05  2.738827e-01
  131072  6.027361e-05           ---           ---
