# P_value  count
-1.0 0.0
-0.96 0.0
-0.92 0.0
-0.88 0.0
-0.84 0.0
-0.8 0.0
-0.76 0.0
-0.72 0.0
-0.68 0.0
-0.64 0.0
-0.6 6.0
-0.56 37.0
-0.52 64.0
-0.48 136.0
-0.44 344.0
-0.4 784.0
-0.36 1183.0
-0.32 2243.0
-0.28 3735.0
-0.24 5127.0
-0.2 8577.0
-0.16 11290.0
-0.12 13338.0
-0.08 16553.0
-0.04 17706.0
0.0 20119.0
0.04 17472.0
0.08 15726.0
0.12 13244.0
0.16 11418.0
0.2 8526.0
0.24 5820.0
0.28 3940.0
0.32 2230.0
0.36 1368.0
0.4 734.0
0.44 306.0
0.48 122.0
0.52 121.0
0.56 48.0
0.6 23.0
0.64 7.0
0.68 0.0
0.72 0.0
0.76 0.0
0.8 0.0
0.84 0.0
0.88 0.0
0.92 0.0
0.96 0.0
1.0 0.0
