# r  Cs(r) [pure estimator]
0.1 -1.1439806681192825e-6
0.30000000000000004 1.6034314506514515e-6
0.5 2.982349562756194e-6
0.7000000000000001 -3.3998425778304644e-6
0.9 9.482351771968141e-7
1.1 -9.097120617385029e-8
1.3 -5.713343081506448e-6
1.5 4.442969506885288e-7
1.7000000000000002 -4.0073501546319545e-6
1.9000000000000001 2.2232429205763886e-6
2.1 -3.8713901856409195e-6
2.3000000000000003 -3.2867687637603263e-6
2.5 -1.8909673232224903e-6
2.7 -2.696622249617174e-6
2.9000000000000004 4.105259422354338e-7
3.1 3.771385978521645e-7
3.3000000000000003 -2.9028105608580594e-6
3.5 -3.8628861721321966e-6
3.7 3.074929259986148e-7
3.9000000000000004 -7.71979318551464e-7
4.1000000000000005 -4.065154056521338e-6
4.3 -4.802107383273683e-6
4.5 -7.514251690414973e-7
4.7 -3.50584213071832e-6
4.9 -2.4813281270234708e-6
5.1000000000000005 -6.850570553165792e-7
5.300000000000001 -1.1567412221326525e-6
5.5 1.7461124978821368e-6
5.7 -5.845080805056876e-7
5.9 -5.143972723043832e-6
6.1000000000000005 -1.1819291744903605e-6
6.300000000000001 -2.702957038019114e-6
6.5 -4.138123109815052e-6
6.7 -1.4945604813970234e-7
6.9 -1.954996544575059e-6
7.1000000000000005 6.397683998155821e-7
7.300000000000001 -2.594785754669093e-7
7.5 -1.6153440641034678e-6
7.7 -6.484285934845028e-8
7.9 1.2408827402713207e-6
8.1 -3.0733924157404014e-6
8.3 -2.172406994906965e-6
8.5 -3.0444141084872324e-6
8.700000000000001 -4.1210819665148117e-7
8.9 -7.038511035804559e-7
9.1 1.3756535354234056e-6
9.3 -1.9094159876504065e-6
9.5 -5.250401867622004e-6
9.700000000000001 -2.0971874698625343e-6
9.9 9.71999682970134e-7
10.100000000000001 -2.448601899730469e-6
10.3 2.892120750334587e-6
10.5 -7.905999413508355e-7
10.700000000000001 -2.306565024571076e-6
10.9 -1.0867524202233483e-6
11.100000000000001 -2.9440283363666204e-6
11.3 2.556916394876799e-7
11.5 -2.644214378932855e-6
11.700000000000001 1.923560071996648e-6
11.9 -4.6904486908071944e-7
12.100000000000001 -1.6627590120719361e-7
12.3 3.080827371860125e-7
12.5 6.958634093568205e-7
12.700000000000001 -2.6813427713701126e-6
12.9 9.146652836990236e-8
13.100000000000001 4.12201105708651e-7
13.3 -1.7652704933340832e-6
13.5 -1.310650305665736e-6
13.700000000000001 -1.6080378377855268e-7
13.9 -1.7585747932714465e-6
14.100000000000001 -3.8806775479075794e-7
14.3 -2.0411929754464762e-6
14.5 -5.025465662222169e-6
14.700000000000001 1.5553477425112965e-6
14.9 3.984441925730755e-7
15.100000000000001 8.1547229783784e-7
15.3 -1.8104114081220305e-6
15.5 -4.024108209168281e-6
15.700000000000001 -1.1369184364738032e-6
15.9 -2.384492347759154e-6
16.1 -2.8130388577086867e-7
16.3 2.615885040755635e-6
16.5 2.657278497614973e-8
16.7 -2.6207037749251723e-6
16.900000000000002 8.184077495858181e-7
17.1 -1.0093864479248533e-6
17.3 -1.9060032855122078e-6
17.5 -1.952553333109889e-6
17.7 2.5725199554919882e-8
17.900000000000002 -3.416717924791402e-8
18.1 -1.9020208109209614e-6
18.3 -1.294680957679209e-7
18.5 1.2309465145117732e-7
18.7 1.2937639887684664e-6
18.900000000000002 8.970067173149026e-8
19.1 -1.1718511799131523e-7
19.3 1.6872615131706117e-6
19.5 5.77841306124386e-7
19.700000000000003 -2.5782897686291626e-6
19.900000000000002 -9.051201268840016e-7
