block_size         error    difference      rel_diff
-------------------------------------------------------
       2  6.971915e-07  2.887797e-07  4.142043e-01
       4  9.859712e-07  4.083873e-07  4.141980e-01
       8  1.394359e-06  5.775191e-07  4.141826e-01
      16  1.971878e-06  8.166613e-07  4.141541e-01
      32  2.788539e-06  1.154754e-06  4.141071e-01
      64  3.943293e-06  1.632586e-06  4.140159e-01
     128  5.575879e-06  2.307586e-06  4.138516e-01
     256  7.883465e-06  3.260050e-06  4.135301e-01
     512  1.114352e-05  4.604458e-06  4.131962e-01
    1024  1.574797e-05  6.499576e-06  4.127246e-01
    2048  2.224755e-05  9.158944e-06  4.116833e-01
    4096  3.140649e-05  1.288598e-05  4.102967e-01
    8192  4.429247e-05  1.790052e-05  4.041437e-01
   16384  6.219300e-05  2.440548e-05  3.924153e-01
   32768  8.659848e-05  3.194658e-05  3.689046e-01
   65536  1.185451e-04  3.743913e-05  3.158219e-01
  131072  1.559842e-04           ---           ---
