block_size         error    difference      rel_diff
-------------------------------------------------------
       2  6.697735e-08  2.768285e-08  4.133166e-01
       4  9.466019e-08  3.906408e-08  4.126770e-01
       8  1.337243e-07  5.500960e-08  4.113659e-01
      16  1.887339e-07  7.716344e-08  4.088479e-01
      32  2.658973e-07  1.074560e-07  4.041258e-01
      64  3.733533e-07  1.476298e-07  3.954158e-01
     128  5.209831e-07  1.978481e-07  3.797592e-01
     256  7.188312e-07  2.544021e-07  3.539108e-01
     512  9.732334e-07  3.023596e-07  3.106753e-01
    1024  1.275593e-06  3.234478e-07  2.535667e-01
    2048  1.599041e-06  2.884926e-07  1.804161e-01
    4096  1.887533e-06  3.141609e-07  1.664399e-01
    8192  2.201694e-06  2.388487e-07  1.084840e-01
   16384  2.440543e-06  9.232228e-08  3.782858e-02
   32768  2.532865e-06  2.053949e-07  8.109193e-02
   65536  2.738260e-06  1.932826e-07  7.058590e-02
  131072  2.931543e-06           ---           ---
