0.2 0.8919251054852321
0.6000000000000001 0.927506329113924
1.0 0.9507426160337553
1.4000000000000001 0.9349272151898734
1.8 0.9081128691983122
2.2 0.8397995780590717
2.6 0.8384883966244726
3.0 0.8785580168776371
3.4000000000000004 0.9033649789029536
3.8000000000000003 0.9839989451476793
4.2 1.060857594936709
4.6000000000000005 1.0629862869198312
5.0 1.0940031645569621
5.4 1.0778586497890295
5.800000000000001 1.1069767932489452
6.2 1.125318565400844
6.6000000000000005 1.064464135021097
7.0 1.0310253164556962
7.4 1.0157489451476793
7.800000000000001 0.9958322784810126
8.200000000000001 0.9943881856540084
8.6 0.9789852320675105
9.0 0.9991571729957806
9.4 1.0041381856540084
9.8 1.0074704641350212
10.200000000000001 0.977204641350211
10.600000000000001 1.0096666666666667
11.0 0.980873417721519
11.4 1.0296919831223628
11.8 1.0073544303797468
12.200000000000001 0.992292194092827
12.600000000000001 1.007610759493671
13.0 1.0425917721518987
13.4 1.026792194092827
13.8 0.9845316455696203
14.200000000000001 1.0420854430379747
14.600000000000001 1.0270949367088607
15.0 1.0652974683544303
15.4 1.0364135021097047
15.8 0.9926413502109704
16.2 1.036668776371308
16.6 1.0110770042194093
17.0 0.9857637130801687
17.400000000000002 0.9534905063291139
17.8 0.9316065400843881
18.2 0.9260042194092827
18.6 0.9331666666666667
19.0 0.9782584388185654
19.400000000000002 0.9915284810126582
19.8 0.9843143459915612
20.200000000000003 1.0461308016877637
20.6 1.0814240506329114
21.0 1.1000632911392405
21.400000000000002 1.0843080168776371
21.8 1.0235137130801688
22.200000000000003 1.0207383966244725
22.6 1.0053850210970463
23.0 0.9573649789029536
23.400000000000002 0.91732805907173
23.8 0.9126255274261603
24.200000000000003 0.9247721518987342
24.6 0.9630738396624473
25.0 1.0485232067510548
25.400000000000002 1.06125
25.8 1.068623417721519
26.200000000000003 1.0562510548523207
26.6 1.0294947257383966
27.0 0.9667489451476793
27.400000000000002 0.9516508438818565
27.8 0.9593417721518988
28.200000000000003 1.060824894514768
28.6 1.0473048523206752
29.0 1.0550221518987342
29.400000000000002 1.0242848101265822
29.8 0.9884303797468355
30.200000000000003 1.019175105485232
30.6 1.0013027426160337
31.0 0.9418902953586498
31.400000000000002 0.9066613924050633
31.8 0.9648069620253165
32.2 0.9586350210970465
32.6 0.9903871308016877
33.0 0.9710084388185654
33.4 0.9855601265822784
33.800000000000004 1.0223670886075948
34.2 1.0446128691983123
34.6 1.0962246835443037
35.0 1.0553154008438819
35.4 1.0181729957805907
35.800000000000004 1.0201012658227848
36.2 0.9942616033755274
36.6 0.9941381856540085
37.0 0.9711962025316456
37.4 0.9964926160337553
37.800000000000004 1.0511645569620254
38.2 1.0379662447257385
38.6 1.000246835443038
39.0 0.965
39.400000000000006 0.9789472573839663
39.800000000000004 1.0292299578059072
