# k  S_n(k)
0.0 80.0
0.07853981633974483 0.4811264487538741
0.15707963267948966 0.49338966744264495
0.23561944901923448 0.19301661340777346
0.3141592653589793 0.3016414505399546
0.39269908169872414 0.09787583774107238
0.47123889803846897 0.4259303369698566
0.5497787143782138 0.4528382294127394
0.6283185307179586 0.16656232401607204
0.7068583470577035 0.49023335517525957
0.7853981633974483 0.23791222170157006
0.8639379797371931 1.9211911516787552
0.9424777960769379 1.5986132742394334
1.0210176124166828 0.5832294379206279
1.0995574287564276 2.2565250619750237
1.1780972450961724 1.3451687364617955
1.2566370614359172 1.7261559360537861
1.335176877775662 0.5696597145424362
1.413716694115407 0.7628824102919275
1.4922565104551517 1.4696325309412304
1.5707963267948966 0.4798120996154656
1.6493361431346414 0.8665131032028411
1.7278759594743862 1.1369743086964672
1.806415775814131 0.9279427905218919
1.8849555921538759 0.8614669380312067
1.9634954084936207 1.4618921578615938
2.0420352248333655 0.667126520876693
2.1205750411731104 1.0044189782085196
2.199114857512855 0.9039225637083556
2.2776546738526 1.1040180665839716
2.356194490192345 0.7319719050230514
2.4347343065320897 0.6201380841398297
2.5132741228718345 0.8806657114697094
2.5918139392115793 1.0715716741918009
2.670353755551324 1.1981667323301628
2.748893571891069 0.7800567931845447
2.827433388230814 1.0209094909663674
2.9059732045705586 0.7688862932978612
2.9845130209103035 1.2586282921308594
3.0630528372500483 1.1091267823108637
3.141592653589793 1.0054462395523205
3.220132469929538 0.9614887325552017
3.2986722862692828 1.10508475001707
3.3772121026090276 0.8882845727392178
3.4557519189487724 0.8589762649060989
3.5342917352885173 0.8876858343030606
3.612831551628262 1.0284225716579807
3.691371367968007 0.7754430079196769
3.7699111843077517 0.8510666095171192
3.8484510006474966 0.8671359068961619
3.9269908169872414 1.1944058377203979
4.005530633326986 0.9168473993617743
4.084070449666731 0.8553996186509942
4.162610266006476 0.7488884269564211
4.241150082346221 0.9227040016679474
4.319689898685965 1.0370436100650948
4.39822971502571 0.9804851142841983
4.476769531365456 1.0503055813928766
4.5553093477052 0.8310607560849155
4.633849164044944 1.221097717120078
4.71238898038469 0.8138695048593714
4.790928796724435 1.218399548098615
4.869468613064179 1.198100542275478
4.948008429403924 1.4032629852861032
5.026548245743669 0.867009528276203
5.105088062083414 0.8608894316106761
5.183627878423159 1.0457604305167265
5.262167694762903 1.195768090589666
5.340707511102648 1.2943756927558867
5.419247327442394 1.0392555004348303
5.497787143782138 1.0470966268035258
5.576326960121882 0.8291469253845841
5.654866776461628 0.9413409053527653
5.733406592801373 0.8658086769713462
5.811946409141117 0.8746919711375477
5.890486225480862 1.0836507252797343
5.969026041820607 0.8533488514930275
6.047565858160352 0.9936464683668627
6.126105674500097 0.8807516208434619
6.204645490839841 1.165063024438265
6.283185307179586 0.7870365895068497
6.3617251235193315 1.1021440390157353
6.440264939859076 1.2366535423063452
6.51880475619882 0.9546319938593151
6.5973445725385655 1.0423373096753437
6.675884388878311 1.0505367896000366
6.754424205218055 0.9378542631784832
6.8329640215578 1.0100170468803682
6.911503837897545 1.0009132768393458
6.99004365423729 0.9083795713386097
7.0685834705770345 0.9792522504912214
7.147123286916779 0.8865706356979338
7.225663103256524 1.013035339669428
7.304202919596269 1.0009084206790553
7.382742735936014 1.0580565502168424
7.461282552275758 1.0093597920277135
7.5398223686155035 0.8610498884895378
7.618362184955249 0.8600221985323196
7.696902001294993 0.9166071182703501
7.7754418176347375 0.8603522521155054
