# k  S_n(k)
0.0 80.0
0.07853981633974483 0.6415351712227525
0.15707963267948966 0.6079716564481337
0.23561944901923448 0.32732109889831995
0.3141592653589793 0.3508239731936584
0.39269908169872414 0.2006019859337963
0.47123889803846897 0.4236970681688014
0.5497787143782138 0.4442289352169477
0.6283185307179586 0.2292473391043305
0.7068583470577035 0.6033694855257171
0.7853981633974483 0.30511647973339606
0.8639379797371931 1.9249802132257032
0.9424777960769379 1.911679811412197
1.0210176124166828 0.8654429499035051
1.0995574287564276 1.4741907334464421
1.1780972450961724 1.871539343742445
1.2566370614359172 2.0396847436391314
1.335176877775662 0.631357373181081
1.413716694115407 0.8397015670390047
1.4922565104551517 2.050247146701952
1.5707963267948966 0.5277658353028299
1.6493361431346414 0.7633886372934631
1.7278759594743862 1.0836860535863455
1.806415775814131 0.90115991502151
1.8849555921538759 0.6727779375041432
1.9634954084936207 1.3388826267366054
2.0420352248333655 0.6666369869419592
2.1205750411731104 0.8551240700639401
2.199114857512855 1.0700423518520243
2.2776546738526 0.6536685747488776
2.356194490192345 0.7634975654198288
2.4347343065320897 0.7714137737470379
2.5132741228718345 0.929046228386288
2.5918139392115793 0.6620329499473515
2.670353755551324 1.1628778090819822
2.748893571891069 0.9076603423833685
2.827433388230814 0.8179972687780784
2.9059732045705586 1.0685573314989345
2.9845130209103035 1.1546017758759084
3.0630528372500483 1.0873198606138115
3.141592653589793 1.0333664123683364
3.220132469929538 0.5818317119747675
3.2986722862692828 1.4420379272870572
3.3772121026090276 0.8295003587241858
3.4557519189487724 1.0543645148404974
3.5342917352885173 0.8628754744826359
3.612831551628262 0.8652551055925105
3.691371367968007 0.7948442397159732
3.7699111843077517 1.104978637193686
3.8484510006474966 1.0393924422707361
3.9269908169872414 1.2691417270169394
4.005530633326986 0.8627699036564036
4.084070449666731 0.9078225522925599
4.162610266006476 1.1928798069974433
4.241150082346221 1.041108312846628
4.319689898685965 1.0621462720470325
4.39822971502571 0.8812784895468699
4.476769531365456 1.0802523382176645
4.5553093477052 0.9028314693556935
4.633849164044944 0.9368621887592937
4.71238898038469 1.075684644782716
4.790928796724435 0.897103591172584
4.869468613064179 1.0420790062009684
4.948008429403924 1.204981048032319
5.026548245743669 0.987661421004981
5.105088062083414 0.9597635753481867
5.183627878423159 0.9184263315495923
5.262167694762903 1.014250252089326
5.340707511102648 1.0937468990370323
5.419247327442394 0.8136689624148895
5.497787143782138 0.9172425384947106
5.576326960121882 1.0303432991572554
5.654866776461628 0.8381988034123544
5.733406592801373 0.9384255905025184
5.811946409141117 1.0119174484000442
5.890486225480862 0.8708675645333616
5.969026041820607 1.0586537603628403
6.047565858160352 1.0217392086565669
6.126105674500097 0.9821158565227642
6.204645490839841 1.163307255082531
6.283185307179586 1.0980639276787272
6.3617251235193315 0.9611219054535152
6.440264939859076 1.0970410705645222
6.51880475619882 1.1711997555499682
6.5973445725385655 0.9983720560070675
6.675884388878311 0.9981908383669316
6.754424205218055 0.9407920595949739
6.8329640215578 0.9637786677400054
6.911503837897545 0.969458150567912
6.99004365423729 0.9048434530747665
7.0685834705770345 1.1452441266056708
7.147123286916779 1.1191396846824828
7.225663103256524 0.9469617428143486
7.304202919596269 1.0118321934953096
7.382742735936014 0.9080565716017356
7.461282552275758 1.0261760382553156
7.5398223686155035 1.1263621545270546
7.618362184955249 1.0532779348947348
7.696902001294993 1.0224362545012098
7.7754418176347375 1.0381864795936375
