# k values and corresponding S(k) [pure estimator]
0.0 3.398669350285686
0.20943951023931953 0.9808363293009695
0.41887902047863906 0.9842369248208255
0.6283185307179586 0.9808676386100447
0.8377580409572781 0.9780417646192082
1.0471975511965976 0.9723524859891833
1.2566370614359172 0.9749635490635642
1.4660765716752366 0.982852206460201
1.6755160819145563 0.9827974558982162
1.8849555921538759 0.9779615291132855
2.0943951023931953 0.9822312143342536
2.3038346126325147 0.9761019749902125
2.5132741228718345 0.9792774100009084
2.722713633111154 0.9726131571393899
2.9321531433504733 0.9741711971509797
3.141592653589793 0.9755377365988204
3.3510321638291125 0.9775394234132763
3.560471674068432 0.9860998300699111
3.7699111843077517 0.9748337319472257
3.979350694547071 0.9846014644157883
4.1887902047863905 0.9747008107867648
4.39822971502571 0.9707318813730504
4.607669225265029 0.9752797864004685
4.817108735504349 0.9859654143222302
5.026548245743669 0.9771191428206542
5.235987755982988 0.9805869785482936
5.445427266222308 0.9754709715094186
5.654866776461628 0.9820009577529006
5.864306286700947 0.9772864491370905
6.073745796940266 0.9783367039814943
6.283185307179586 0.9821261639905055
6.492624817418905 0.987651810852784
6.702064327658225 0.9816833208677124
6.911503837897545 0.9766763453942693
7.120943348136864 0.9797006776196255
7.330382858376184 0.981180573215717
7.5398223686155035 0.9850316999359211
7.749261878854822 0.9740499067010076
7.958701389094142 0.9828643979433251
8.168140899333462 0.981275405844683
8.377580409572781 0.975351690369788
8.5870199198121 0.9789130141168237
8.79645943005142 0.9756259592986168
9.00589894029074 0.9795200552392891
9.215338450530059 0.978634962992763
9.42477796076938 0.9809331329722049
9.634217471008698 0.9804961055132245
9.843656981248017 0.981236263663486
10.053096491487338 0.9791565530780555
10.262536001726657 0.9801762576300157
10.471975511965976 0.9804842208988236
10.681415022205297 0.9756190704763952
10.890854532444616 0.9838092605144543
11.100294042683934 0.9763440581246201
11.309733552923255 0.9785896595172131
11.519173063162574 0.9839794890944288
11.728612573401893 0.9760096775815219
11.938052083641214 0.9757508113412107
12.147491593880533 0.980135479592757
12.356931104119852 0.9818533062640626
12.566370614359172 0.9777422880996257
12.775810124598491 0.9804180787307618
12.98524963483781 0.9782170027988466
13.194689145077131 0.9781363106471118
13.40412865531645 0.9790730096136007
13.613568165555769 0.9825037138891071
13.82300767579509 0.9757009166853614
14.032447186034409 0.9830340972465448
14.241886696273728 0.9810584286600564
14.451326206513048 0.9751217395568018
14.660765716752367 0.9803235434383352
14.870205226991686 0.9783009549383755
15.079644737231007 0.9750363964728778
15.289084247470326 0.9783149345405069
15.498523757709645 0.9821995360827013
