# r  Cs(r) [pure estimator]
0.2 3.859358553916348e-5
0.6000000000000001 3.5911932413654386e-5
1.0 3.636930092460155e-5
1.4000000000000001 3.4454268802577025e-5
1.8 3.766512882184782e-5
2.2 3.743278350414825e-5
2.6 3.68891553384796e-5
3.0 3.6580818329400776e-5
3.4000000000000004 3.699956087258977e-5
3.8000000000000003 3.5136713700050634e-5
4.2 3.4924659757883e-5
4.6000000000000005 3.535499010602417e-5
5.0 3.516599469656446e-5
5.4 3.5510188126370693e-5
5.800000000000001 3.6752729658659844e-5
6.2 3.561801033284018e-5
6.6000000000000005 3.3379179180974454e-5
7.0 3.452476977335924e-5
7.4 3.686433989946715e-5
7.800000000000001 3.506776006596482e-5
8.200000000000001 3.454629299834771e-5
8.6 3.482256296596607e-5
9.0 3.376496558692912e-5
9.4 3.4831522118614307e-5
9.8 3.406829058599378e-5
10.200000000000001 3.4624440670420035e-5
10.600000000000001 3.560366628956247e-5
11.0 3.392169281653322e-5
11.4 3.5714523059311884e-5
11.8 3.2987401055866375e-5
12.200000000000001 3.3681006977661326e-5
12.600000000000001 3.4510458935725936e-5
13.0 3.606026731399016e-5
13.4 3.3650428649882345e-5
13.8 3.263384246505199e-5
14.200000000000001 3.392587973466868e-5
14.600000000000001 3.412173963553204e-5
15.0 3.3812239376481616e-5
15.4 3.332573042300545e-5
15.8 3.287811189140661e-5
16.2 3.414772249455325e-5
16.6 3.353205478908075e-5
17.0 3.2626650502175965e-5
17.400000000000002 3.141749053589202e-5
17.8 3.3162822333184524e-5
18.2 3.1648226700270365e-5
18.6 3.4532269716718016e-5
19.0 3.260798601403729e-5
19.400000000000002 3.4310708020613135e-5
19.8 3.203407158567034e-5
20.200000000000003 3.2621702873709564e-5
20.6 3.33792041324942e-5
21.0 3.207208276446666e-5
21.400000000000002 3.352874792372319e-5
21.8 3.356272955721224e-5
22.200000000000003 3.383731896342827e-5
22.6 3.25412765384604e-5
23.0 3.243986484544836e-5
23.400000000000002 3.018734969399888e-5
23.8 3.0873402150597796e-5
24.200000000000003 2.9793821800110988e-5
24.6 3.149001501162724e-5
25.0 3.163005105180346e-5
25.400000000000002 3.20408316087734e-5
25.8 3.208325648783544e-5
26.200000000000003 3.0725443165712096e-5
26.6 3.077919212701427e-5
27.0 3.170592896827074e-5
27.400000000000002 3.3157426455480204e-5
27.8 3.262419623735004e-5
28.200000000000003 3.128892450869872e-5
28.6 3.151180799432956e-5
29.0 3.0557589512847574e-5
29.400000000000002 3.160761635788374e-5
29.8 3.149789632247779e-5
30.200000000000003 3.064553871495759e-5
30.6 3.05922959083154e-5
31.0 3.28635429997845e-5
31.400000000000002 3.252112268226656e-5
31.8 3.104034356803088e-5
32.2 3.068766771507155e-5
32.6 3.0608642016424184e-5
33.0 3.30394257640539e-5
33.4 2.9435675014120996e-5
33.800000000000004 3.0677695305424535e-5
34.2 3.014063068152323e-5
34.6 3.0836397168512557e-5
35.0 3.187311828511461e-5
35.4 3.233659147930626e-5
35.800000000000004 3.144337002863573e-5
36.2 3.0732889781225096e-5
36.6 3.102754592541571e-5
37.0 3.151264198661612e-5
37.4 3.0467080049611354e-5
37.800000000000004 3.1385198840810054e-5
38.2 3.0844503684141885e-5
38.6 3.048482510221546e-5
39.0 3.211908094234126e-5
39.400000000000006 3.0167076422661864e-5
39.800000000000004 2.9693609798442788e-5
