0.225 0.9417744486059093
0.675 0.9418585101955889
1.125 0.908421140241365
1.575 0.9118218893050354
2.025 0.9239101123595506
2.475 0.8977935913441532
2.9250000000000003 0.9277719517270079
3.375 0.9449887640449438
3.825 0.9921847690387017
4.275 0.979451518934665
4.7250000000000005 0.9765734498543487
5.175 1.0162530170620059
5.625 1.0455147732001664
6.075 1.160347898460258
6.525 1.1010079067831877
6.9750000000000005 0.987250104036621
7.425 1.030114024136496
7.875 0.9654223886808156
8.325000000000001 0.9461223470661673
8.775 1.0099825218476903
9.225 1.0268539325842696
9.675 1.0610353724511028
10.125 0.9975738660008323
10.575000000000001 0.9326167290886392
11.025 0.9608281315022889
11.475 0.9576937161880982
11.925 0.9490520183104453
12.375 0.9806666666666667
12.825000000000001 1.0709088639200999
13.275 1.0566516853932584
13.725 1.0723362463587183
14.175 1.0052892218060758
14.625 1.0128173116937162
15.075000000000001 1.070789013732834
15.525 1.0742979608822305
15.975 1.0511493965875989
16.425 1.0423653766125676
16.875 1.0319508947149396
17.325 0.996782355389097
17.775000000000002 0.952535164377861
18.225 0.9321714523512277
18.675 1.0398818143986683
19.125 1.0560274656679152
19.575 1.0276229712858926
20.025000000000002 1.0549929255097794
20.475 1.037966708281315
20.925 1.0283262588431128
21.375 1.000281315022888
21.825 0.9696812317935913
22.275000000000002 0.9611260923845194
22.725 0.9661057012068248
23.175 0.9542904702455264
23.625 0.9615172700790678
24.075 1.0019683728672493
24.525000000000002 1.0297378277153557
24.975 1.0044652517686226
25.425 1.0987191011235955
25.875 1.0718551810237205
26.325 1.0440823970037454
26.775000000000002 1.0455006242197253
27.225 1.0261381606325426
27.675 1.0008214731585519
28.125 0.9992251352476071
28.575 0.9766067415730337
29.025000000000002 0.8981081980857262
29.475 0.8592426133999168
29.925 0.8894764877236787
30.375 0.9898967956720766
30.825 0.979330836454432
31.275000000000002 1.0224153141905952
31.725 1.0706192259675407
32.175000000000004 1.0672900540990429
32.625 1.0586009155222638
33.075 1.0645651269246774
33.525 1.034040782355389
33.975 1.020259675405743
34.425000000000004 0.9843537245110279
34.875 0.9934490220557636
35.325 1.011525593008739
35.775 1.014180607573866
36.225 1.0123054515189347
36.675000000000004 1.0061181856013317
37.125 0.9633158551810237
37.575 0.9850170620058261
38.025 1.007632958801498
38.475 0.9539250936329589
38.925000000000004 0.9867498959633791
39.375 1.0318218893050353
39.825 0.9866966292134831
40.275 0.9801090303786933
40.725 1.032808988764045
41.175000000000004 1.0698094049105284
41.625 1.0698834789846026
42.075 1.0571402413649604
42.525 1.013063670411985
42.975 0.9684486059092801
43.425000000000004 0.9403728672492717
43.875 0.9081032043279235
44.325 0.942962962962963
44.775 0.924488555971702
