# r  Cs(r) [pure estimator]
0.05 0.0006651946413943226
0.15000000000000002 0.0006537732179789102
0.25 0.0006723045034633129
0.35000000000000003 0.0006645990043629731
0.45 0.0006727556571384779
0.55 0.0006586092873455274
0.65 0.000653964146319896
0.75 0.0006765715467835003
0.8500000000000001 0.0006655851402867284
0.9500000000000001 0.0006752051210900664
1.05 0.0006673435943761221
1.1500000000000001 0.0006649833399677292
1.25 0.0006583135614459776
1.35 0.0006751078186247594
1.4500000000000002 0.0006749854773935274
1.55 0.0006654579025935695
1.6500000000000001 0.0006434552164181244
1.75 0.0006446058926872603
1.85 0.0006559360646830519
1.9500000000000002 0.000662625342361442
2.0500000000000003 0.000678896617115113
2.15 0.0006898890522317034
2.25 0.0006697520145100152
2.35 0.0006661926722332291
2.45 0.0006674242593493258
2.5500000000000003 0.000652269489996982
2.6500000000000004 0.0006618071783087001
2.75 0.0006603436626983525
2.85 0.0006749254710784692
2.95 0.0006638178746837882
3.0500000000000003 0.0006562862807757786
3.1500000000000004 0.0006740323422810276
3.25 0.0006648134415719478
3.35 0.0006889090688058195
3.45 0.0006548859797051731
3.5500000000000003 0.0006647974951784173
3.6500000000000004 0.0006509482757079143
3.75 0.0006586895209514431
3.85 0.000653129688383749
3.95 0.0006635027279922914
4.05 0.0006623320838958055
4.15 0.0006588466833101375
4.25 0.0006669155201692086
4.3500000000000005 0.0006700479452434648
4.45 0.0006631723380078798
4.55 0.0006735125514579418
4.65 0.0006641989109749063
4.75 0.0006592359871653989
4.8500000000000005 0.0006797896723557526
4.95 0.0006543172642907341
5.050000000000001 0.0006617409739634971
5.15 0.0006637234344765016
5.25 0.0006657892646174783
5.3500000000000005 0.0006784449146754474
5.45 0.0006441980965752055
5.550000000000001 0.0006713711539842045
5.65 0.0006775065730371744
5.75 0.0006507971435088521
5.8500000000000005 0.0006551518745313067
5.95 0.0006576078121550996
6.050000000000001 0.000665564901322311
6.15 0.0006646871525848396
6.25 0.0006699179193453792
6.3500000000000005 0.0006650606263224194
6.45 0.0006589285164694311
6.550000000000001 0.0006801209065351336
6.65 0.0006587058003184167
6.75 0.0006567871326912305
6.8500000000000005 0.0006592098478803704
6.95 0.0006690732262528746
7.050000000000001 0.0006583952362482577
7.15 0.0006752777497039389
7.25 0.0006660492865002193
7.3500000000000005 0.0006691003554468023
7.45 0.000667575897812276
7.550000000000001 0.000652719288970645
7.65 0.000661996806671989
7.75 0.0006645660413008994
7.8500000000000005 0.0006550223847093356
7.95 0.0006786220084289284
8.05 0.0006531078023588647
8.15 0.0006717658961944321
8.25 0.0006532624647455409
8.35 0.0006455610390393799
8.450000000000001 0.0006678146521171384
8.55 0.0006692014724522777
8.65 0.0006729716989352033
8.75 0.0006721595777784775
8.85 0.0006646829784028682
8.950000000000001 0.0006602012073804272
9.05 0.0006535671136544156
9.15 0.0006581457131230174
9.25 0.0006595041790826145
9.35 0.0006475612972435376
9.450000000000001 0.0006586401219897313
9.55 0.0006694522164688128
9.65 0.0006589974475285714
9.75 0.0006489307246040605
9.850000000000001 0.0006617559252349926
9.950000000000001 0.0006729061285390068
