block_size         error    difference      rel_diff
-------------------------------------------------------
       2  4.117845e-07  1.705613e-07  4.142005e-01
       4  5.823458e-07  2.412028e-07  4.141917e-01
       8  8.235486e-07  3.410914e-07  4.141728e-01
      16  1.164640e-06  4.823196e-07  4.141362e-01
      32  1.646960e-06  6.819498e-07  4.140659e-01
      64  2.328909e-06  9.639914e-07  4.139240e-01
     128  3.292901e-06  1.362184e-06  4.136731e-01
     256  4.655085e-06  1.923561e-06  4.132172e-01
     512  6.578647e-06  2.712244e-06  4.122799e-01
    1024  9.290890e-06  3.812452e-06  4.103430e-01
    2048  1.310334e-05  5.312007e-06  4.053933e-01
    4096  1.841535e-05  7.242657e-06  3.932946e-01
    8192  2.565801e-05  9.242988e-06  3.602380e-01
   16384  3.490099e-05  9.777452e-06  2.801483e-01
   32768  4.467845e-05  1.049635e-05  2.349311e-01
   65536  5.517480e-05  6.773061e-06  1.227564e-01
  131072  6.194786e-05           ---           ---
