# r  Cs(r) [pure estimator]
0.075 0.00022292693357673727
0.22499999999999998 0.00023090989727108093
0.375 0.0002477706985370513
0.525 0.0002317240451562097
0.6749999999999999 0.00021343806677037174
0.825 0.000226236893812292
0.975 0.0002162491756058726
1.125 0.00021427785071843826
1.275 0.00022480940902106083
1.425 0.00020405868436563704
1.575 0.00022661632282000428
1.7249999999999999 0.00020530563383870505
1.875 0.00022650952222930777
2.025 0.00021887326647548885
2.175 0.0002001515227911995
2.3249999999999997 0.0002297158380703438
2.475 0.0002188328421166331
2.625 0.00022334365393361793
2.775 0.0002068088627549973
2.925 0.0002193822550757215
3.0749999999999997 0.00020839303975227766
3.225 0.00021879537274917314
3.375 0.00022345881524194524
3.525 0.00021964893221867283
3.675 0.0002249464336499871
3.8249999999999997 0.0002204508536761985
3.9749999999999996 0.00022418526194852644
4.125 0.0002194652636116483
4.2749999999999995 0.00021823416798307714
4.425 0.00022585365509433848
4.575 0.00021481659466822438
4.725 0.00022473937800779502
4.875 0.0002103648154758556
5.0249999999999995 0.00021903820717823785
5.175 0.00020985357569900206
5.325 0.0002245255848001625
5.475 0.00021286263688730727
5.625 0.00022219599933708643
5.7749999999999995 0.00021578869558719303
5.925 0.0002028519690239586
6.075 0.0001988233157271038
6.225 0.00022951675116195412
6.375 0.000214060955704811
6.5249999999999995 0.00021034625109042857
6.675 0.00021527642266104248
6.825 0.00022413542446299978
6.975 0.000205821490273096
7.125 0.00020911091880337166
7.2749999999999995 0.00020567573348163757
7.425 0.00022482791786331428
7.574999999999999 0.00021107310259005152
7.725 0.00020940942229172354
7.875 0.00022153668757121713
8.025 0.00020520099620078322
8.174999999999999 0.0002020106662749432
8.325 0.00020347782607537746
8.475 0.00019593960809770658
8.625 0.00021666986696378322
8.775 0.00021679233197258098
8.924999999999999 0.00021523088742482233
9.075 0.00021026721102931768
9.225 0.00020986720610308024
9.375 0.00019612551452939778
9.525 0.00021179428362978894
9.674999999999999 0.00020274361397622153
9.825 0.00020965586664726103
9.975 0.00021012310815761933
10.125 0.00020193434294637163
10.275 0.00021001645625800676
10.424999999999999 0.00020581252818837597
10.575 0.0001904483169527344
10.725 0.00020153199006718914
10.875 0.00021246565500228256
11.025 0.00020730832250945847
11.174999999999999 0.00021696260368993738
11.325 0.000199623564854713
11.475 0.00020589455335803022
11.625 0.0002089622722123302
11.775 0.00020768359053703264
11.924999999999999 0.0001988125838592217
12.075 0.0002150919496004807
12.225 0.00020746384153795538
12.375 0.00019969839431786913
12.525 0.00019747198531960686
12.674999999999999 0.00020903028105571396
12.825 0.00020100932964285654
12.975 0.0002062993380984968
13.125 0.00020807665885965967
13.275 0.0001953834030896757
13.424999999999999 0.00020601460600846406
13.575 0.0002062275163096213
13.725 0.0002111165725844087
13.875 0.0002174540677037502
14.025 0.00020144802120927507
14.174999999999999 0.00021745543833224758
14.325 0.00020365187613369717
14.475 0.00019994436389221987
14.625 0.00020570994573957223
14.774999999999999 0.00020717308934790172
14.924999999999999 0.00020507709725001375
