block_size         error    difference      rel_diff
-------------------------------------------------------
       2  4.420744e-07  1.825307e-07  4.128960e-01
       4  6.246052e-07  2.572928e-07  4.119287e-01
       8  8.818980e-07  3.615819e-07  4.100042e-01
      16  1.243480e-06  5.053083e-07  4.063663e-01
      32  1.748788e-06  6.993149e-07  3.998854e-01
      64  2.448103e-06  9.521674e-07  3.889409e-01
     128  3.400270e-06  1.262667e-06  3.713431e-01
     256  4.662937e-06  1.623798e-06  3.482349e-01
     512  6.286735e-06  2.010708e-06  3.198334e-01
    1024  8.297443e-06  2.524733e-06  3.042784e-01
    2048  1.082218e-05  3.305662e-06  3.054527e-01
    4096  1.412784e-05  4.587072e-06  3.246832e-01
    8192  1.871491e-05  5.248405e-06  2.804398e-01
   16384  2.396331e-05  4.250660e-06  1.773820e-01
   32768  2.821397e-05  3.721369e-06  1.318981e-01
   65536  3.193534e-05  1.355007e-06  4.242969e-02
  131072  3.329035e-05           ---           ---
