# k values and corresponding S(k) [pure estimator]
0.0 6.968456621260553
0.20943951023931953 0.981258952633667
0.41887902047863906 0.9322593799278721
0.6283185307179586 0.9247680071075658
0.8377580409572781 0.9715006203062374
1.0471975511965976 0.9718755264540206
1.2566370614359172 0.9903612070821394
1.4660765716752366 0.99618488376292
1.6755160819145563 0.9900273125016527
1.8849555921538759 0.9840893465170348
2.0943951023931953 0.9755969455010862
2.3038346126325147 0.9748259122976357
2.5132741228718345 0.9676840123872419
2.722713633111154 1.0020935539968827
2.9321531433504733 0.961258206244173
3.141592653589793 0.9812082361840649
3.3510321638291125 0.9879457775521048
3.560471674068432 0.9749575481348239
3.7699111843077517 0.9716792386111772
3.979350694547071 0.9715929090498272
4.1887902047863905 0.9593254513736686
4.39822971502571 0.9661541770597508
4.607669225265029 0.9683624762318392
4.817108735504349 0.9851080857417563
5.026548245743669 1.0002079239816988
5.235987755982988 0.9408629181349022
5.445427266222308 0.9548245130986551
5.654866776461628 0.9896503662564219
5.864306286700947 0.980394291240962
6.073745796940266 0.9275743510383707
6.283185307179586 0.9780600442691927
6.492624817418905 0.9474269424163038
6.702064327658225 0.9642441122543517
6.911503837897545 0.9770671841139481
7.120943348136864 0.9682375135570214
7.330382858376184 0.9851297509813295
7.5398223686155035 0.9611920529125546
7.749261878854822 0.9715142557760068
7.958701389094142 0.982468963786483
8.168140899333462 0.9685891117444315
8.377580409572781 0.962649311091545
8.5870199198121 0.9625593664580437
8.79645943005142 0.9494565136376015
9.00589894029074 0.9571711168223282
9.215338450530059 0.9839035194493041
9.42477796076938 0.9631491510686898
9.634217471008698 0.9667846273499158
9.843656981248017 0.9525846206936002
10.053096491487338 0.9817350545039963
10.262536001726657 0.9752517175950298
10.471975511965976 0.9437431843631578
10.681415022205297 0.948043461878111
10.890854532444616 0.9935897968641243
11.100294042683934 0.9621592877311705
11.309733552923255 0.9632612027710242
11.519173063162574 0.9487504821191771
11.728612573401893 0.9504692257068181
11.938052083641214 0.9768854684991117
12.147491593880533 0.9728612916675198
12.356931104119852 0.9588354622698515
12.566370614359172 0.9646702094306485
12.775810124598491 0.9789993566896166
12.98524963483781 0.9888775818608394
13.194689145077131 0.9691869439878366
13.40412865531645 0.9700492542314533
13.613568165555769 0.9593572624087849
13.82300767579509 0.9660490876239957
14.032447186034409 0.9833479227533464
14.241886696273728 0.9664304725730889
14.451326206513048 0.9908549328111549
14.660765716752367 0.9586261973003675
14.870205226991686 0.9429499656178911
15.079644737231007 0.9774800003703847
15.289084247470326 0.9668875071459405
15.498523757709645 0.9657820845709911
