# P_value  count
-1.0 0.0
-0.9666666666666667 0.0
-0.9333333333333333 0.0
-0.9 0.0
-0.8666666666666667 0.0
-0.8333333333333334 0.0
-0.8 0.0
-0.7666666666666667 0.0
-0.7333333333333333 0.0
-0.7 0.0
-0.6666666666666666 0.0
-0.6333333333333333 0.0
-0.6 0.0
-0.5666666666666667 6.0
-0.5333333333333333 1.0
-0.5 31.0
-0.4666666666666667 15.0
-0.43333333333333335 178.0
-0.4 291.0
-0.36666666666666664 580.0
-0.3333333333333333 1148.0
-0.3 1640.0
-0.26666666666666666 2927.0
-0.23333333333333334 4216.0
-0.2 6157.0
-0.16666666666666666 8522.0
-0.13333333333333333 11357.0
-0.1 13511.0
-0.06666666666666667 15937.0
-0.03333333333333333 16924.0
0.0 17656.0
0.03333333333333333 16872.0
0.06666666666666667 15933.0
0.1 12688.0
0.13333333333333333 11385.0
0.16666666666666666 8639.0
0.2 6645.0
0.23333333333333334 4791.0
0.26666666666666666 3014.0
0.3 2234.0
0.3333333333333333 1175.0
0.36666666666666664 763.0
0.4 238.0
0.43333333333333335 140.0
0.4666666666666667 67.0
0.5 17.0
0.5333333333333333 10.0
0.5666666666666667 0.0
0.6 0.0
0.6333333333333333 0.0
0.6666666666666666 0.0
0.7 0.0
0.7333333333333333 0.0
0.7666666666666667 0.0
0.8 0.0
0.8333333333333334 0.0
0.8666666666666667 0.0
0.9 0.0
0.9333333333333333 0.0
0.9666666666666667 0.0
1.0 0.0
