# k  S_n(k)
0.0 40.0
0.15707963267948966 0.07787850739375676
0.3141592653589793 0.21934181938270958
0.47123889803846897 0.4258007110337476
0.6283185307179586 1.3614502317785477
0.7853981633974483 1.003424791883061
0.9424777960769379 1.400437790955004
1.0995574287564276 0.8763573370026594
1.2566370614359172 1.1805796685574788
1.413716694115407 0.8189410482160538
1.5707963267948966 0.9912691780008518
1.7278759594743862 1.2146759771448883
1.8849555921538759 0.7260185107823047
2.0420352248333655 1.1429429679015273
2.199114857512855 0.92607555583256
2.356194490192345 1.2103029539709986
2.5132741228718345 0.7558732704894977
2.670353755551324 0.9739774367036128
2.827433388230814 1.2578731782368577
2.9845130209103035 0.8159575896126623
3.141592653589793 1.1632492660055274
3.2986722862692828 1.2356226872120313
3.4557519189487724 0.999307513107708
3.612831551628262 1.1438643923121539
3.7699111843077517 0.8634211577089932
3.9269908169872414 0.8527973795568302
4.084070449666731 1.0607259147475843
4.241150082346221 0.918439336645197
4.39822971502571 0.887070566774672
4.5553093477052 0.9653091245815373
4.71238898038469 1.1003892638387551
4.869468613064179 0.8938119458970535
5.026548245743669 1.0571466784553833
5.183627878423159 0.798931012456226
5.340707511102648 1.1803989452264319
5.497787143782138 1.012159562464742
5.654866776461628 1.0845159020867285
5.811946409141117 0.8393932305972834
5.969026041820607 1.1112541693951044
6.126105674500097 0.9713348744127471
6.283185307179586 0.9343769114088498
6.440264939859076 0.8725424020050506
6.5973445725385655 1.2222905299726499
6.754424205218055 0.9804178704180568
6.911503837897545 1.0770035847076023
7.0685834705770345 0.887537267133476
7.225663103256524 0.9872179733784394
7.382742735936014 0.926051107452977
7.5398223686155035 1.0241983605186709
7.696902001294993 1.0247929051283944
7.853981633974483 1.049721375776608
8.011061266653972 1.1029112786983661
8.168140899333462 0.9442969082001403
8.325220532012953 1.0713345904716873
8.482300164692441 0.9319151939661561
8.63937979737193 0.9931392998302861
8.79645943005142 1.0337164122009912
8.953539062730911 0.9687428235457972
9.1106186954104 0.9547606132473685
9.267698328089889 1.0072344447826531
9.42477796076938 0.9643556828905937
9.58185759344887 0.9969631503868805
9.738937226128359 0.8829593705990105
9.896016858807847 0.9457703598886926
10.053096491487338 1.022084976052914
10.210176124166829 1.0096947555177436
10.367255756846317 1.0637073992148856
10.524335389525806 0.9700920625752
10.681415022205297 1.0943007894096346
10.838494654884787 0.9735334045875845
10.995574287564276 0.9411815480580769
11.152653920243765 0.953986491364732
11.309733552923255 1.0232741139277561
11.466813185602746 0.9920393239413408
11.623892818282235 1.0490253440313722
11.780972450961723 1.0260909758537453
11.938052083641214 0.9843173444916782
12.095131716320704 1.015259241829541
12.252211349000193 1.014113539245277
12.409290981679682 1.062832870121622
12.566370614359172 0.9752889932921079
12.723450247038663 1.0048966473313017
12.880529879718152 0.9398263799366324
13.03760951239764 0.98523768482461
13.194689145077131 0.985861668075595
13.351768777756622 1.044667049277028
13.50884841043611 0.9173528990594156
13.6659280431156 0.9774543166301088
13.82300767579509 1.0239080954243922
13.98008730847458 0.9544156469697547
14.137166941154069 0.9376468203725037
14.294246573833558 1.00630490048086
14.451326206513048 0.9498198196747984
14.608405839192539 1.0903203858399446
14.765485471872028 1.031578496326694
14.922565104551516 0.9876334284539248
15.079644737231007 1.0006927744750296
15.236724369910498 1.0214576153942847
15.393804002589986 0.9616638704556166
15.550883635269475 1.0001245298666388
