# P_value  count
-1.0 0.0
-0.975 0.0
-0.95 0.0
-0.925 0.0
-0.9 0.0
-0.875 0.0
-0.85 0.0
-0.825 0.0
-0.8 0.0
-0.775 0.0
-0.75 0.0
-0.725 0.0
-0.7 0.0
-0.675 0.0
-0.65 0.0
-0.625 0.0
-0.6 0.0
-0.575 0.0
-0.55 0.0
-0.525 5.0
-0.5 56.0
-0.475 7.0
-0.45 14.0
-0.425 16.0
-0.4 174.0
-0.375 104.0
-0.35 350.0
-0.325 793.0
-0.3 1098.0
-0.275 1447.0
-0.25 2135.0
-0.225 3477.0
-0.2 4924.0
-0.175 5899.0
-0.15 7247.0
-0.125 9355.0
-0.1 11604.0
-0.075 12600.0
-0.05 14482.0
-0.025 14776.0
0.0 15657.0
0.025 14148.0
0.05 13893.0
0.075 12408.0
0.1 11187.0
0.125 9690.0
0.15 7991.0
0.175 5700.0
0.2 4413.0
0.225 3045.0
0.25 2343.0
0.275 1539.0
0.3 1191.0
0.325 514.0
0.35 394.0
0.375 231.0
0.4 166.0
0.425 27.0
0.45 7.0
0.475 18.0
0.5 0.0
0.525 12.0
0.55 0.0
0.575 0.0
0.6 0.0
0.625 0.0
0.65 0.0
0.675 0.0
0.7 0.0
0.725 0.0
0.75 0.0
0.775 0.0
0.8 0.0
0.825 0.0
0.85 0.0
0.875 0.0
0.9 0.0
0.925 0.0
0.95 0.0
0.975 0.0
1.0 0.0
