# k values and corresponding S(k) [pure estimator]
0.0 1.2857766947521587
0.07853981633974483 1.0852487821786356
0.15707963267948966 0.9973540415229963
0.23561944901923448 0.9753755346499179
0.3141592653589793 0.9721410244841634
0.39269908169872414 0.9841865517493924
0.47123889803846897 0.9730509010937193
0.5497787143782138 0.9681875225080454
0.6283185307179586 0.9874744699280288
0.7068583470577035 0.962254775684802
0.7853981633974483 0.9537941281741387
0.8639379797371931 0.956727246174233
0.9424777960769379 0.9760612363758655
1.0210176124166828 0.9693380575788809
1.0995574287564276 0.9843421249125174
1.1780972450961724 0.9698583524601923
1.2566370614359172 0.9679186625568525
1.335176877775662 0.9724063894744184
1.413716694115407 0.9775414863838265
1.4922565104551517 0.9690067022539745
1.5707963267948966 0.969145277398466
1.6493361431346414 0.9645176638180661
1.7278759594743862 0.9844233378388398
1.806415775814131 0.9939894538593776
1.8849555921538759 0.9716314134979249
1.9634954084936207 0.9770883887077597
2.0420352248333655 0.9738528460221398
2.1205750411731104 0.9761826892759863
2.199114857512855 0.9854243557884332
2.2776546738526 0.9764739643242139
2.356194490192345 0.9741765090903066
2.4347343065320897 0.9659967941557989
2.5132741228718345 0.9803472022104024
2.5918139392115793 0.9651100613881857
2.670353755551324 0.9696819289114381
2.748893571891069 0.9555532953395258
2.827433388230814 0.964250991055555
2.9059732045705586 0.9634018457532739
2.9845130209103035 0.9656291760265755
3.0630528372500483 0.983216952814145
3.141592653589793 0.9755489977862487
3.220132469929538 0.9679037837753929
3.2986722862692828 0.9522980233445177
3.3772121026090276 0.9791270428164942
3.4557519189487724 0.9843971716481502
3.5342917352885173 0.9713884342382628
3.612831551628262 0.9634419601309847
3.691371367968007 0.9679419001190414
3.7699111843077517 0.97647942949729
3.8484510006474966 0.9545254144953875
3.9269908169872414 0.9800123045921691
4.005530633326986 0.9748848457265569
4.084070449666731 0.9693197064172477
4.162610266006476 0.9639977879450105
4.241150082346221 0.9745023887742893
4.319689898685965 0.9719923075692792
4.39822971502571 0.9724164609891179
4.476769531365456 0.977720930433316
4.5553093477052 0.9752984752470167
4.633849164044944 0.9731881334057372
4.71238898038469 0.9850842699038795
4.790928796724435 0.9772378426236972
4.869468613064179 0.9812514183216732
4.948008429403924 0.9912429523187541
5.026548245743669 0.9688102565188079
5.105088062083414 0.9769602192594006
5.183627878423159 0.9587687233550886
5.262167694762903 0.9767303275066916
5.340707511102648 0.9691736754380172
5.419247327442394 0.9727074421357003
5.497787143782138 0.9686444280481243
5.576326960121882 0.9779316878054802
5.654866776461628 0.9739958923715437
5.733406592801373 0.9540097022276675
5.811946409141117 0.9696288996552798
