# r  Cs(r) [pure estimator]
0.2 8.856249014644555e-5
0.6000000000000001 9.019000058951298e-5
1.0 8.826649188855326e-5
1.4000000000000001 8.887883946253429e-5
1.8 8.823131977278429e-5
2.2 8.927875593169159e-5
2.6 8.993385002152537e-5
3.0 8.82238766963189e-5
3.4000000000000004 8.703202833339858e-5
3.8000000000000003 8.64334128556148e-5
4.2 8.746095870738413e-5
4.6000000000000005 8.733412008169467e-5
5.0 8.793060891728056e-5
5.4 8.850637407085027e-5
5.800000000000001 8.7911857760544e-5
6.2 8.744656442512513e-5
6.6000000000000005 8.61922866586892e-5
7.0 8.807084085328369e-5
7.4 8.76999095534874e-5
7.800000000000001 8.616176607808251e-5
8.200000000000001 8.724190580597759e-5
8.6 8.639064102871811e-5
9.0 8.58354959590963e-5
9.4 8.615679485258643e-5
9.8 8.536397587056374e-5
10.200000000000001 8.676640150325873e-5
10.600000000000001 8.689840277914522e-5
11.0 8.706870003610124e-5
11.4 8.653680548210248e-5
11.8 8.552031573018162e-5
12.200000000000001 8.280457424035235e-5
12.600000000000001 8.655097637274965e-5
13.0 8.602005297193811e-5
13.4 8.697646966294173e-5
13.8 8.698965683507345e-5
14.200000000000001 8.593440285468132e-5
14.600000000000001 8.516926185601388e-5
15.0 8.496806578138089e-5
15.4 8.483226378562178e-5
15.8 8.537590276156463e-5
16.2 8.528162234203735e-5
16.6 8.510239425270555e-5
17.0 8.562205258507237e-5
17.400000000000002 8.467888826240352e-5
17.8 8.403762810725335e-5
18.2 8.589504541643128e-5
18.6 8.454718074483028e-5
19.0 8.435318315028237e-5
19.400000000000002 8.497652502461129e-5
19.8 8.351696637870229e-5
20.200000000000003 8.295137160517171e-5
20.6 8.464623301377776e-5
21.0 8.413655199069908e-5
21.400000000000002 8.38260749732763e-5
21.8 8.456863073974566e-5
22.200000000000003 8.384569342622003e-5
22.6 8.445577455533895e-5
23.0 8.512229775890457e-5
23.400000000000002 8.200275972236518e-5
23.8 8.468676914504141e-5
24.200000000000003 8.226026037418081e-5
24.6 8.524819809767378e-5
25.0 8.377901885776008e-5
25.400000000000002 8.482937329326565e-5
25.8 8.564630159407195e-5
26.200000000000003 8.311675633407498e-5
26.6 8.312827272952014e-5
27.0 8.391190077393555e-5
27.400000000000002 8.456356407868113e-5
27.8 8.40748655408934e-5
28.200000000000003 8.326418980671864e-5
28.6 8.277783810030022e-5
29.0 8.405182177038344e-5
29.400000000000002 8.390312837300945e-5
29.8 8.50943134559202e-5
30.200000000000003 8.147286586943142e-5
30.6 8.448318108274439e-5
31.0 8.41838435994552e-5
31.400000000000002 8.329216080476089e-5
31.8 8.389844920327522e-5
32.2 8.435220425896465e-5
32.6 8.290689596629654e-5
33.0 8.35324047872971e-5
33.4 8.296735933770489e-5
33.800000000000004 8.215841345825159e-5
34.2 8.193716531161394e-5
34.6 8.436300816107057e-5
35.0 8.343066458929826e-5
35.4 8.389934758798025e-5
35.800000000000004 8.372681495842525e-5
36.2 8.316553112218029e-5
36.6 8.246711898983958e-5
37.0 8.343220389907121e-5
37.4 8.259856779761879e-5
37.800000000000004 8.293866295066376e-5
38.2 8.201928074371158e-5
38.6 8.261179533201045e-5
39.0 8.186874291332718e-5
39.400000000000006 8.576321638770361e-5
39.800000000000004 8.205140373993546e-5
