block_size         error    difference      rel_diff
-------------------------------------------------------
       2  1.366825e-07  5.661179e-08  4.141846e-01
       4  1.932943e-07  8.005519e-08  4.141622e-01
       8  2.733495e-07  1.131982e-07  4.141154e-01
      16  3.865477e-07  1.600398e-07  4.140234e-01
      32  5.465875e-07  2.262014e-07  4.138430e-01
      64  7.727890e-07  3.195526e-07  4.135056e-01
     128  1.092342e-06  4.510052e-07  4.128793e-01
     256  1.543347e-06  6.355776e-07  4.118177e-01
     512  2.178924e-06  8.934776e-07  4.100545e-01
    1024  3.072402e-06  1.251438e-06  4.073158e-01
    2048  4.323840e-06  1.745609e-06  4.037174e-01
    4096  6.069449e-06  2.439508e-06  4.019324e-01
    8192  8.508957e-06  3.402078e-06  3.998231e-01
   16384  1.191104e-05  4.730234e-06  3.971304e-01
   32768  1.664127e-05  6.469314e-06  3.887512e-01
   65536  2.311058e-05  8.302816e-06  3.592647e-01
  131072  3.141340e-05           ---           ---
