# r  Cs(r) [pure estimator]
0.075 1.7706161307841917e-5
0.22499999999999998 1.2331777896375437e-5
0.375 2.2760657029750548e-5
0.525 1.7868803446192205e-5
0.6749999999999999 1.833341487494594e-5
0.825 1.702134299674613e-5
0.975 1.8246604765610906e-5
1.125 2.0528319009459603e-5
1.275 2.1976793391617945e-5
1.425 1.4476024394929094e-5
1.575 1.338028039064305e-5
1.7249999999999999 1.8724028831663428e-5
1.875 1.7282036097663475e-5
2.025 1.7545889157422893e-5
2.175 1.2173251406192383e-5
2.3249999999999997 1.7702182040179677e-5
2.475 1.8685750720895626e-5
2.625 1.756144477602892e-5
2.775 1.456883596661365e-5
2.925 1.1438573356798477e-5
3.0749999999999997 2.0201944700973727e-5
3.225 1.5668161452333002e-5
3.375 1.5744564466746436e-5
3.525 2.0497945839172677e-5
3.675 1.3281931499564222e-5
3.8249999999999997 1.7492391289581456e-5
3.9749999999999996 1.828341656242345e-5
4.125 1.612052913083379e-5
4.2749999999999995 1.6088791720563155e-5
4.425 1.586919352672106e-5
4.575 1.4173232256999775e-5
4.725 1.5186888614510476e-5
4.875 1.3981262515673367e-5
5.0249999999999995 1.582671225780649e-5
5.175 1.2849502481405971e-5
5.325 1.6482928487442204e-5
5.475 1.514647348788476e-5
5.625 1.7056682147443292e-5
5.7749999999999995 2.0377514946515782e-5
5.925 1.1489468509195254e-5
6.075 1.3516444757706554e-5
6.225 1.4796396796176195e-5
6.375 1.5310251871061348e-5
6.5249999999999995 1.3167325503969522e-5
6.675 1.4152615076812422e-5
6.825 1.8869350708708793e-5
6.975 1.1450164894804105e-5
7.125 1.4297809109575243e-5
7.2749999999999995 1.646173185420141e-5
7.425 1.6198365450381125e-5
7.574999999999999 1.4815579307471686e-5
7.725 1.654066371886857e-5
7.875 1.7786203374180054e-5
8.025 1.4856639420310945e-5
8.174999999999999 1.3580151470514798e-5
8.325 1.6623087052955315e-5
8.475 1.3912478474836673e-5
8.625 1.4657023587781266e-5
8.775 1.508562309937436e-5
8.924999999999999 1.6413445534585963e-5
9.075 9.999230695358687e-6
9.225 1.2877375828519107e-5
9.375 1.9873881867991752e-5
9.525 1.2953756563806149e-5
9.674999999999999 1.4391204732857839e-5
9.825 8.26299159232278e-6
9.975 1.290146400813522e-5
10.125 1.420901602570664e-5
10.275 1.2957495738712142e-5
10.424999999999999 1.0716847697394586e-5
10.575 1.2918896358580773e-5
10.725 1.2637343320144364e-5
10.875 1.1651321753998444e-5
11.025 1.0795423606010806e-5
11.174999999999999 1.1972335094385908e-5
11.325 1.1443068637932733e-5
11.475 1.4190386228387822e-5
11.625 1.7182748622599017e-5
11.775 1.3634849863071709e-5
11.924999999999999 1.305177765743948e-5
12.075 1.3918412056018971e-5
12.225 1.8447122729775752e-5
12.375 1.469858771824324e-5
12.525 1.2858372458062101e-5
12.674999999999999 1.400778351575775e-5
12.825 1.3323568910855675e-5
12.975 1.7474295708153323e-5
13.125 1.70240080904645e-5
13.275 1.031606361188785e-5
13.424999999999999 9.372356166099768e-6
13.575 1.114528513002609e-5
13.725 1.7669841828916773e-5
13.875 1.2586454792229288e-5
14.025 1.5777634225218044e-5
14.174999999999999 1.277978235173763e-5
14.325 1.2554015502297219e-5
14.475 1.4102665783162384e-5
14.625 1.0135114657745951e-5
14.774999999999999 1.2188472600311347e-5
14.924999999999999 9.846468745795932e-6
