# k values and corresponding S(k) [pure estimator]
0.0 13.869329071616578
0.20943951023931953 0.9296234982884882
0.41887902047863906 0.9679007726692498
0.6283185307179586 0.9680647361749039
0.8377580409572781 0.9631191117813096
1.0471975511965976 0.9715991224035909
1.2566370614359172 0.9740949631466309
1.4660765716752366 0.9923454418591894
1.6755160819145563 0.9804195211979541
1.8849555921538759 0.9674461447935447
2.0943951023931953 0.9789715782696381
2.3038346126325147 0.9865096964457052
2.5132741228718345 0.9787681814067561
2.722713633111154 0.9714993952939452
2.9321531433504733 0.965750647306024
3.141592653589793 0.974415878488386
3.3510321638291125 0.972614846263914
3.560471674068432 0.9849433659291965
3.7699111843077517 0.9788942737057804
3.979350694547071 0.9849156571060066
4.1887902047863905 0.9726089425617859
4.39822971502571 0.98279586341718
4.607669225265029 0.9805896738140293
4.817108735504349 0.979472086577784
5.026548245743669 0.9765369308285166
5.235987755982988 0.9685455772452555
5.445427266222308 0.968030046727255
5.654866776461628 0.9671257852554277
5.864306286700947 0.9624291001465489
6.073745796940266 0.9714809913114744
6.283185307179586 0.9833648670546675
6.492624817418905 0.9783461352694863
6.702064327658225 0.976895623936146
6.911503837897545 0.9845964467487953
7.120943348136864 0.982894842299458
7.330382858376184 0.9737692717047606
7.5398223686155035 0.9674563710284855
7.749261878854822 0.9670241047932484
7.958701389094142 0.9900733795706688
8.168140899333462 0.9819317947040842
8.377580409572781 0.9639433760884457
8.5870199198121 0.9722417108433563
8.79645943005142 0.9794338998396912
9.00589894029074 0.9889688181631091
9.215338450530059 0.9771070665958043
9.42477796076938 0.9908927317930202
9.634217471008698 0.9756557535589598
9.843656981248017 0.9756440603255323
10.053096491487338 0.9804248696055439
10.262536001726657 0.97763365632102
10.471975511965976 0.9805064472487743
10.681415022205297 0.9733566273574188
10.890854532444616 0.9818424197156248
11.100294042683934 0.9685610124548448
11.309733552923255 0.9823409467445695
11.519173063162574 0.9755015847794688
11.728612573401893 0.9744693062253068
11.938052083641214 0.9729840121066724
12.147491593880533 0.9647435907581655
12.356931104119852 0.9714641107623385
12.566370614359172 0.9825069758049357
12.775810124598491 0.9697275269539849
12.98524963483781 0.9910504862454655
13.194689145077131 0.9824887162646654
13.40412865531645 0.975279621465944
13.613568165555769 0.9706462847168146
13.82300767579509 0.984746625999995
14.032447186034409 0.9808773180193872
14.241886696273728 0.9607107346567244
14.451326206513048 0.9706991686104693
14.660765716752367 0.9745412434682343
14.870205226991686 0.9744312166134081
15.079644737231007 0.9780223535500311
15.289084247470326 0.9807393813015796
15.498523757709645 0.9724778801621492
