0.15 0.8522975517890772
0.44999999999999996 0.875165725047081
0.75 0.8253804143126177
1.05 0.8585160075329566
1.3499999999999999 0.8760282485875707
1.65 0.9116177024482109
1.95 0.9378757062146893
2.25 0.9791016949152542
2.55 0.9164199623352166
2.85 0.9311186440677967
3.15 0.937789077212806
3.4499999999999997 0.9588154425612053
3.75 0.998015065913371
4.05 0.9966026365348399
4.35 1.019638418079096
4.6499999999999995 1.0691845574387948
4.95 1.0914161958568738
5.25 1.091261770244821
5.55 1.0484161958568738
5.85 1.0694990583804143
6.1499999999999995 1.0619378531073447
6.45 1.0371092278719398
6.75 0.9875254237288136
7.05 0.9637062146892655
7.35 0.979894538606403
7.6499999999999995 0.9751563088512241
7.949999999999999 0.9684538606403014
8.25 1.0350546139359698
8.549999999999999 1.0305310734463278
8.85 1.049271186440678
9.15 1.1054934086629002
9.45 1.0994105461393597
9.75 1.0494048964218456
10.049999999999999 0.9934500941619586
10.35 1.0226101694915255
10.65 1.0000018832391713
10.95 0.9969698681732581
11.25 1.0126723163841809
11.549999999999999 1.0146949152542373
11.85 0.9720828625235405
12.15 0.9600037664783427
12.45 0.9493107344632769
12.75 0.9927664783427496
13.049999999999999 1.0540470809792843
13.35 1.076879472693032
13.65 1.0529924670433144
13.95 1.037839924670433
14.25 1.0355047080979285
14.549999999999999 0.9920734463276836
14.85 1.0094839924670433
15.149999999999999 1.0086892655367232
15.45 1.0008549905838042
15.75 0.963195856873823
16.05 0.9447796610169491
16.349999999999998 0.9542203389830508
16.65 1.025858757062147
16.95 1.0408851224105462
17.25 1.03215065913371
17.55 1.0170395480225989
17.849999999999998 1.0589868173258004
18.15 1.0075254237288136
18.45 1.0306101694915255
18.75 1.0471751412429378
19.05 1.0130640301318268
19.349999999999998 0.98769868173258
19.65 0.988180790960452
19.95 0.9950828625235405
20.25 1.0041092278719397
20.55 1.0037231638418078
20.849999999999998 1.0282203389830509
21.15 1.0146101694915255
21.45 0.923668549905838
21.75 0.9657984934086629
22.05 0.9874971751412429
22.349999999999998 1.0169529190207156
22.65 0.9968870056497176
22.95 1.0147627118644067
23.25 0.9695442561205273
23.55 1.020080979284369
23.849999999999998 1.0191242937853107
24.15 1.010216572504708
24.45 1.0046666666666666
24.75 1.0614180790960452
25.05 1.0378549905838041
25.349999999999998 1.0345348399246703
25.65 1.0419661016949153
25.95 1.1055894538606403
26.25 1.007186440677966
26.55 1.0073483992467043
26.849999999999998 0.990457627118644
27.15 0.9587758945386065
27.45 0.9517514124293786
27.75 0.9513596986817325
28.05 1.000382297551789
28.349999999999998 0.9889303201506592
28.65 0.9884312617702449
28.95 1.0110979284369115
29.25 0.9945649717514125
29.549999999999997 0.996421845574388
29.849999999999998 1.0155743879472694
