# r  Cs(r) [pure estimator]
0.2 8.823281635954707e-6
0.6000000000000001 8.530450387610795e-6
1.0 7.668562587164693e-6
1.4000000000000001 8.070617649386383e-6
1.8 8.988206285871874e-6
2.2 7.906608180768002e-6
2.6 8.410977912850297e-6
3.0 8.362555350722171e-6
3.4000000000000004 7.092456758087867e-6
3.8000000000000003 8.651539323567973e-6
4.2 8.098015644457715e-6
4.6000000000000005 6.9868133548450896e-6
5.0 7.807995906181948e-6
5.4 8.817214332721212e-6
5.800000000000001 7.118103417196342e-6
6.2 7.725499337987291e-6
6.6000000000000005 9.428487046973226e-6
7.0 8.455813505723808e-6
7.4 7.455125118971837e-6
7.800000000000001 6.1856680863395945e-6
8.200000000000001 6.61675288631343e-6
8.6 7.703129636504972e-6
9.0 9.241194325693065e-6
9.4 8.441221254497289e-6
9.8 6.23217131494956e-6
10.200000000000001 7.198347051443805e-6
10.600000000000001 7.420062527406154e-6
11.0 6.269438608888497e-6
11.4 6.928776012441891e-6
11.8 6.824244864621735e-6
12.200000000000001 8.291454506714319e-6
12.600000000000001 6.803920474704094e-6
13.0 8.259792240305134e-6
13.4 5.725118321494274e-6
13.8 6.147646159369763e-6
14.200000000000001 6.563413214738594e-6
14.600000000000001 5.825646679726988e-6
15.0 7.64602422433564e-6
15.4 5.529781290974592e-6
15.8 6.477265567573291e-6
16.2 6.722931225369134e-6
16.6 5.896675615097013e-6
17.0 5.036363068021294e-6
17.400000000000002 7.773330256181418e-6
17.8 5.633676714465658e-6
18.2 5.038594643599785e-6
18.6 5.501844702491132e-6
19.0 5.342482963134502e-6
19.400000000000002 6.8787069251078945e-6
19.8 5.588510367158444e-6
20.200000000000003 5.024735268473328e-6
20.6 4.784095194204857e-6
21.0 6.414915257648016e-6
21.400000000000002 4.9948658724122544e-6
21.8 6.3275176087199775e-6
22.200000000000003 5.082370330949513e-6
22.6 6.068254452642528e-6
23.0 3.900990781157024e-6
23.400000000000002 4.93446966364657e-6
23.8 6.180616630186369e-6
24.200000000000003 6.1525017476966935e-6
24.6 6.788336214715005e-6
25.0 5.269940730567561e-6
25.400000000000002 5.156582306193887e-6
25.8 4.869225219669998e-6
26.200000000000003 5.490611469020773e-6
26.6 4.990490255739165e-6
27.0 6.076775302469179e-6
27.400000000000002 5.008970328113357e-6
27.8 2.8212090347806892e-6
28.200000000000003 3.9260337921055115e-6
28.6 4.600488086697539e-6
29.0 4.608427838728653e-6
29.400000000000002 6.527067455647421e-6
29.8 5.0264434256010945e-6
30.200000000000003 4.4852331707407435e-6
30.6 5.258406459476097e-6
31.0 5.06038634854949e-6
31.400000000000002 5.528765190607112e-6
31.8 7.790665022053903e-6
32.2 6.402771366674376e-6
32.6 4.875954627230471e-6
33.0 3.776182393703786e-6
33.4 5.901500957658526e-6
33.800000000000004 4.4049851360698375e-6
34.2 4.201407459212256e-6
34.6 5.53626376726489e-6
35.0 3.872059390776573e-6
35.4 4.339446257842463e-6
35.800000000000004 6.668501300509773e-6
36.2 5.155202762534003e-6
36.6 4.99059683213094e-6
37.0 5.3010819460288655e-6
37.4 5.414562915763042e-6
37.800000000000004 4.3630851523824135e-6
38.2 4.129067622563661e-6
38.6 6.816348698037e-6
39.0 4.5515122672018785e-6
39.400000000000006 5.013697857742623e-6
39.800000000000004 4.511345859844951e-6
