# block  <|P|>
1 0.0
2 0.17853333333333282
3 0.19786666666666766
4 0.20993333333333308
5 0.19453333333333295
6 0.19373333333333304
7 0.21806666666666683
8 0.20079999999999978
9 0.21626666666666639
10 0.21026666666666757
11 0.2132666666666671
12 0.21033333333333307
13 0.23046666666666785
14 0.21646666666666678
15 0.2457333333333329
16 0.20286666666666722
17 0.16866666666666627
18 0.23893333333333316
19 0.20220000000000124
20 0.18960000000000124
21 0.22860000000000155
22 0.22460000000000038
23 0.21226666666666708
24 0.21560000000000004
25 0.2112000000000003
26 0.20352980352980304
27 0.20659340659340636
28 0.2147999999999999
29 0.227733333333333
30 0.20906666666666662
31 0.2078666666666669
32 0.2082666666666664
33 0.21053333333333304
34 0.21506666666666652
35 0.18866666666666612
36 0.1865999999999999
37 0.1916000000000008
38 0.19873333333333354
39 0.2131333333333333
40 0.19173333333333356
41 0.20546666666666635
42 0.2023333333333334
43 0.2073333333333326
44 0.17959999999999998
45 0.1946666666666668
46 0.19106666666666652
47 0.20753333333333313
48 0.19926666666666643
49 0.2165333333333328
50 0.21626666666666688
51 0.19220000000000015
52 0.2211333333333329
53 0.2006666666666674
54 0.19779999999999978
55 0.22673333333333318
56 0.2255333333333331
57 0.17570904237570906
58 0.20873333333333358
59 0.20753333333333393
60 0.2373999999999993
61 0.23673333333333274
62 0.22906666666666686
63 0.20200000000000012
64 0.19979999999999995
65 0.2521999999999991
66 0.2270396270396268
67 0.22780000000000047
68 0.21588254921588235
69 0.20992340992340972
70 0.20513333333333286
71 0.1778445111778443
72 0.19859999999999975
73 0.22626666666666662
74 0.215066666666666
75 0.21193333333333367
76 0.24720000000000078
77 0.24106666666666599
78 0.25714285714285806
79 0.24819999999999956
80 0.25699999999999873
81 0.20780000000000046
82 0.2055999999999993
83 0.18646666666666672
84 0.20907574240907614
85 0.21740000000000018
86 0.22102102102102075
87 0.18778778778778787
88 0.1713333333333329
89 0.21398601398601408
90 0.21586666666666707
91 0.23533333333333253
92 0.2166666666666666
93 0.22633333333333353
94 0.2601333333333327
95 0.2569999999999993
96 0.21533333333333282
97 0.22340000000000007
98 0.21573333333333353
99 0.21273333333333277
100 0.23773333333333377
101 0.23166666666666685
102 0.22506666666666708
103 0.22346666666666723
104 0.23840000000000008
105 0.20186666666666667
106 0.21179999999999938
107 0.25653333333333234
108 0.23093333333333352
109 0.22273333333333403
110 0.2319333333333332
111 0.2044666666666662
112 0.22539999999999974
113 0.2013333333333334
114 0.22039999999999993
115 0.20153333333333343
116 0.18939999999999932
117 0.18839999999999987
118 0.21153333333333363
119 0.24573333333333344
120 0.19033333333333347
121 0.20513333333333353
122 0.19286666666666644
123 0.20333333333333292
124 0.19166666666666626
125 0.2071999999999999
126 0.2561999999999982
127 0.189666666666667
128 0.19400000000000098
129 0.17866666666666703
130 0.18306666666666654
131 0.20499500499500553
132 0.25579999999999975
133 0.21220000000000014
134 0.20953333333333327
135 0.21566666666666684
136 0.22860000000000005
137 0.2249333333333333
138 0.2190000000000001
139 0.20346666666666752
140 0.207874541207875
141 0.22566666666666663
142 0.2280666666666669
143 0.23393333333333216
144 0.20099999999999996
145 0.2129204129204124
146 0.24513333333333354
147 0.21940000000000023
148 0.23673333333333313
149 0.21840000000000004
150 0.21486666666666668
151 0.22246666666666715
152 0.2339333333333341
153 0.22759999999999908
154 0.23533333333333334
155 0.20980980980980912
156 0.23406666666666684
157 0.25680000000000075
158 0.26333333333333203
159 0.21346666666666686
160 0.22646666666666576
161 0.2436000000000006
162 0.22059999999999988
163 0.21440000000000103
164 0.24746666666666797
165 0.2318000000000002
166 0.23523143523143425
167 0.223
168 0.21073333333333344
169 0.21986666666666607
170 0.212666666666666
171 0.2239999999999997
172 0.20646666666666552
173 0.19480519480519512
174 0.17813333333333356
175 0.19140000000000004
176 0.21413333333333276
177 0.21700000000000025
178 0.22139999999999896
179 0.19473333333333312
180 0.2017999999999999
181 0.2012000000000005
182 0.24200000000000044
183 0.2519333333333322
184 0.2296666666666668
185 0.2702666666666673
186 0.20379999999999937
187 0.22873333333333407
188 0.25833333333333275
189 0.21406666666666718
190 0.21599999999999953
191 0.20374081496326
192 0.20646666666666633
193 0.19533333333333375
194 0.19493839493839474
195 0.2126000000000001
196 0.2061999999999999
197 0.18339999999999956
198 0.21886666666666602
199 0.18193333333333378
200 0.1804666666666667
201 0.21660000000000057
202 0.2096666666666673
203 0.2185628742514969
204 0.2079999999999999
205 0.20786666666666753
206 0.20186666666666586
207 0.2363999999999995
208 0.2185333333333323
