block_size         error    difference      rel_diff
-------------------------------------------------------
       2  5.082694e-08  2.101683e-08  4.134979e-01
       4  7.184377e-08  2.966978e-08  4.129764e-01
       8  1.015136e-07  4.181396e-08  4.119052e-01
      16  1.433275e-07  5.874644e-08  4.098755e-01
      32  2.020740e-07  8.206628e-08  4.061200e-01
      64  2.841402e-07  1.134218e-07  3.991755e-01
     128  3.975620e-07  1.542443e-07  3.879755e-01
     256  5.518064e-07  2.040278e-07  3.697452e-01
     512  7.558341e-07  2.605897e-07  3.447710e-01
    1024  1.016424e-06  3.241633e-07  3.189254e-01
    2048  1.340587e-06  4.190378e-07  3.125778e-01
    4096  1.759625e-06  5.416844e-07  3.078408e-01
    8192  2.301309e-06  6.717313e-07  2.918909e-01
   16384  2.973041e-06  7.442346e-07  2.503278e-01
   32768  3.717275e-06  8.341834e-07  2.244072e-01
   65536  4.551459e-06  8.711865e-07  1.914082e-01
  131072  5.422645e-06           ---           ---
