# r  Cs(r) [pure estimator]
0.025 2.061099262696494e-5
0.07500000000000001 1.6250670590515292e-5
0.125 1.7698688610549366e-5
0.17500000000000002 1.5256932051494386e-5
0.225 2.893607165437803e-5
0.275 1.5819118736608557e-5
0.325 2.2223991667010736e-5
0.375 2.3535034205509137e-5
0.42500000000000004 2.7278861518416707e-5
0.47500000000000003 2.354434334438496e-5
0.525 2.0305030362901205e-5
0.5750000000000001 1.9266265592816896e-5
0.625 2.1578418707897668e-5
0.675 1.9299715174604758e-5
0.7250000000000001 8.782614413682256e-6
0.775 1.7833266555019133e-5
0.8250000000000001 1.8409280715485558e-5
0.875 2.2986953646323178e-5
0.925 1.520037304051674e-5
0.9750000000000001 1.9881383676298958e-5
1.0250000000000001 1.9928773253323435e-5
1.075 2.0876016390693203e-5
1.125 1.905723993915226e-5
1.175 2.185650906156382e-5
1.225 1.704086591661968e-5
1.2750000000000001 2.418907325853337e-5
1.3250000000000002 1.2828846984022612e-5
1.375 2.78640930993153e-5
1.425 2.0031513930293892e-5
1.475 2.0061003852715242e-5
1.5250000000000001 2.2924309386707296e-5
1.5750000000000002 1.3279287709541144e-5
1.625 2.3517219427693574e-5
1.675 1.7628560087540496e-5
1.725 2.452987889556123e-5
1.7750000000000001 1.9800089846676408e-5
1.8250000000000002 2.574885200694639e-5
1.875 1.8528309898195985e-5
1.925 2.8856087014216385e-5
1.975 2.145235523783885e-5
2.025 2.672203981825968e-5
2.075 1.8733777794885005e-5
2.125 1.9690300235976745e-5
2.1750000000000003 1.3515707701769928e-5
2.225 2.067988824444742e-5
2.275 2.6098832448559496e-5
2.325 1.682363893549578e-5
2.375 2.5838315776578072e-5
2.4250000000000003 1.2775056885877667e-5
2.475 1.8473774253595615e-5
2.5250000000000004 1.3215420731452105e-5
2.575 1.9934140820856033e-5
2.625 2.0902050422584372e-5
2.6750000000000003 1.8533086171077794e-5
2.725 2.1801216880006887e-5
2.7750000000000004 2.1155542292837063e-5
2.825 2.535599351805856e-5
2.875 2.6573257544285057e-5
2.9250000000000003 9.663690192231545e-6
2.975 2.0584642370826946e-5
3.0250000000000004 2.396157913346567e-5
3.075 2.812028558368591e-5
3.125 2.6077609707335886e-5
3.1750000000000003 2.030351815605366e-5
3.225 2.6533094443980585e-5
3.2750000000000004 1.6771925705912548e-5
3.325 2.0224564732646746e-5
3.375 1.4937772994363506e-5
3.4250000000000003 1.9878972375523127e-5
3.475 2.1581618888651592e-5
3.5250000000000004 1.392239735045533e-5
3.575 1.7049033683545576e-5
3.625 2.301026215429482e-5
3.6750000000000003 3.009923288212904e-5
3.725 2.229086568356002e-5
3.7750000000000004 1.9980977889733373e-5
3.825 1.5984807745338885e-5
3.875 1.5068908982508397e-5
3.9250000000000003 1.760996910525911e-5
3.975 1.7459073405034546e-5
4.025 2.310891916338739e-5
4.075 8.706785130460147e-6
4.125 5.745489687927344e-6
4.175 1.7039957908311693e-5
4.2250000000000005 3.017132668663433e-5
4.275 1.9802610495757047e-5
4.325 8.7277491739866e-6
4.375 2.7685972002961372e-5
4.425 1.6462981823032407e-5
4.4750000000000005 1.912559598309045e-5
4.525 1.97596614680641e-5
4.575 1.9353842499495084e-5
4.625 1.7373503776506088e-5
4.675 1.904221258139352e-5
4.7250000000000005 1.909742869858588e-5
4.775 1.356861967569297e-5
4.825 2.0256511438843255e-5
4.875 1.9309003631041337e-5
4.925000000000001 1.8200436535831096e-5
4.9750000000000005 2.8603062731683584e-5
