# k values and corresponding S(k) [pure estimator]
0.0 0.9183207530975956
0.20943951023931953 0.9574408758401545
0.41887902047863906 0.9614370302044416
0.6283185307179586 0.9650792886945218
0.8377580409572781 0.9751277406652551
1.0471975511965976 0.9678802034620759
1.2566370614359172 0.977128313869012
1.4660765716752366 0.9685581063993536
1.6755160819145563 0.9611583123845946
1.8849555921538759 0.980881209101372
2.0943951023931953 0.9638891289560862
2.3038346126325147 0.9619752067358744
2.5132741228718345 0.973073144402342
2.722713633111154 0.9620106824883098
2.9321531433504733 0.9741060027811073
3.141592653589793 0.9676310662690709
3.3510321638291125 0.953157476901164
3.560471674068432 0.9733351267094433
3.7699111843077517 0.9571429004396619
3.979350694547071 0.9949719338663255
4.1887902047863905 0.9653312182336106
4.39822971502571 0.9702927808254594
4.607669225265029 0.9593648578632877
4.817108735504349 0.957057525015584
5.026548245743669 0.9697954448582601
5.235987755982988 0.9741588045193166
5.445427266222308 0.9801086511158915
5.654866776461628 0.9771467373962389
5.864306286700947 0.9592774727143163
6.073745796940266 0.9654235003293791
6.283185307179586 0.9686988711986887
6.492624817418905 0.9856637751741639
6.702064327658225 0.9703691566468072
6.911503837897545 0.9819471616937091
7.120943348136864 0.956600185533449
7.330382858376184 0.9576359204975076
7.5398223686155035 0.9643845738267011
7.749261878854822 0.9789719072196538
7.958701389094142 0.9802368251954553
8.168140899333462 0.9703352307936525
8.377580409572781 0.9786520829511457
8.5870199198121 0.9554824278681369
8.79645943005142 0.977906629702443
9.00589894029074 0.9656514626224985
9.215338450530059 0.9686694532495492
9.42477796076938 0.9824195325362227
9.634217471008698 0.9693854988294969
9.843656981248017 0.9769376593484751
10.053096491487338 0.9683477046287087
10.262536001726657 0.9618001667198348
10.471975511965976 0.9748670586850495
10.681415022205297 0.9825135305974042
10.890854532444616 0.9931323434512834
11.100294042683934 0.9584025784676661
11.309733552923255 0.9731087299358385
11.519173063162574 0.9739822680299288
11.728612573401893 0.9742827098652
11.938052083641214 0.9676320864875616
12.147491593880533 0.9724328198568086
12.356931104119852 0.9818659010924391
12.566370614359172 0.9766597166905463
12.775810124598491 0.960784570757188
12.98524963483781 0.9759693725616442
13.194689145077131 0.9743571449151243
13.40412865531645 0.9772863429336759
13.613568165555769 0.982541376311426
13.82300767579509 0.9764035374906533
14.032447186034409 0.9727748705357697
14.241886696273728 0.9755466009869258
14.451326206513048 0.9621201958843902
14.660765716752367 0.9612154886150743
14.870205226991686 0.9861760467613692
15.079644737231007 0.9746923336039165
15.289084247470326 0.981196366184198
15.498523757709645 0.9696292733240456
