# r  Cs(r) [pure estimator]
0.05 0.000294604020402331
0.15000000000000002 0.00030442207265045173
0.25 0.0002830205200271871
0.35000000000000003 0.00030454410075129995
0.45 0.000305016120522053
0.55 0.00029797403239393823
0.65 0.0003085272887113629
0.75 0.0002902706691247247
0.8500000000000001 0.00029691115360633063
0.9500000000000001 0.00028573492202015337
1.05 0.00029560749340014185
1.1500000000000001 0.0003014718437312492
1.25 0.0002837552312335245
1.35 0.000285292842866536
1.4500000000000002 0.00029638012231585797
1.55 0.0002853440540632018
1.6500000000000001 0.00030142310110406993
1.75 0.00030222053105709713
1.85 0.0002974617028938997
1.9500000000000002 0.0002911659246114824
2.0500000000000003 0.0003048215591181547
2.15 0.0002991732268198213
2.25 0.00029530691650975937
2.35 0.0002943010271080017
2.45 0.00030894854486593245
2.5500000000000003 0.00028683886152653954
2.6500000000000004 0.00030245475618164726
2.75 0.0003124579379587225
2.85 0.0003098021030854157
2.95 0.0002903189193061486
3.0500000000000003 0.0002967474057273287
3.1500000000000004 0.0002878366338815281
3.25 0.00028715670563886716
3.35 0.0002860741276608097
3.45 0.00031380647445431137
3.5500000000000003 0.0003032225654387297
3.6500000000000004 0.00029848738455292927
3.75 0.00029886175937021074
3.85 0.0002962509972344182
3.95 0.00030349450241836035
4.05 0.0002810809293609968
4.15 0.00027342804216695063
4.25 0.0003015557517412496
4.3500000000000005 0.0002840191563126405
4.45 0.0002837509350724708
4.55 0.0003002016115088432
4.65 0.00029991002239502856
4.75 0.0002983119714189813
4.8500000000000005 0.00029558503538969065
4.95 0.0002845514465393847
5.050000000000001 0.00027603352219643894
5.15 0.0002887037992017284
5.25 0.00028961356097135046
5.3500000000000005 0.0002890876519646275
5.45 0.00028255042261451447
5.550000000000001 0.00028885703341534347
5.65 0.00028012870941141116
5.75 0.00028682916680560557
5.8500000000000005 0.0003100759259475489
5.95 0.0002861898628657627
6.050000000000001 0.0002871892212491628
6.15 0.00028527206137524716
6.25 0.0002881788897726235
6.3500000000000005 0.00028471073929046606
6.45 0.0002886512725636577
6.550000000000001 0.00028239974143604273
6.65 0.00028536473338909086
6.75 0.00029465539916043295
6.8500000000000005 0.0002943612446641347
6.95 0.0002875781841894879
7.050000000000001 0.0002855558670474251
7.15 0.00027876058344849353
7.25 0.0002998743252046066
7.3500000000000005 0.00027435497802952416
7.45 0.0002935436486882583
7.550000000000001 0.00031137734289438893
7.65 0.00029026452850367625
7.75 0.00028996694959473093
7.8500000000000005 0.0002936024643731511
7.95 0.0003007939274074008
8.05 0.00029454276884228434
8.15 0.0002962162235192816
8.25 0.0002972406965306988
8.35 0.0003011943531812376
8.450000000000001 0.0003041910814519466
8.55 0.0002946229304941743
8.65 0.0002905770395240335
8.75 0.00028797336176268634
8.85 0.0002764904356721272
8.950000000000001 0.0003031109289728922
9.05 0.0002931481170801216
9.15 0.00028855777825714893
9.25 0.0002980076380289268
9.35 0.00028752579372999694
9.450000000000001 0.0002745487006834117
9.55 0.00028069068132016305
9.65 0.0002904623408920938
9.75 0.00028811008422703323
9.850000000000001 0.0002915339637792965
9.950000000000001 0.00028157351990169637
