# k  S_n(k)
0.0 30.0
0.20943951023931953 0.670925936341812
0.41887902047863906 0.46123873970206486
0.6283185307179586 2.142253564252907
0.8377580409572781 1.03446910498079
1.0471975511965976 0.8488672491513469
1.2566370614359172 1.0489158398456075
1.4660765716752366 1.2957861886101065
1.6755160819145563 1.0739899448763683
1.8849555921538759 1.010797150889681
2.0943951023931953 0.9444393983173288
2.3038346126325147 1.0949353854488943
2.5132741228718345 0.9649144508393074
2.722713633111154 0.7868183433498025
2.9321531433504733 0.8666936904744689
3.141592653589793 1.0311558725089516
3.3510321638291125 0.9919525853843045
3.560471674068432 0.8711809275224288
3.7699111843077517 0.954196132112462
3.979350694547071 0.9831711439420486
4.1887902047863905 0.914366557356168
4.39822971502571 1.1162664506622728
4.607669225265029 1.0135782163497302
4.817108735504349 1.0128134252445442
5.026548245743669 1.0512148609871714
5.235987755982988 0.9654287725135396
5.445427266222308 0.9550718942509488
5.654866776461628 0.9617358192847116
5.864306286700947 1.0609262110835673
6.073745796940266 0.9464401693618957
6.283185307179586 0.9366014067021461
6.492624817418905 1.0196687806792442
6.702064327658225 0.9528736203808335
6.911503837897545 0.9764260017612164
7.120943348136864 0.8525735533859946
7.330382858376184 0.9638240281421744
7.5398223686155035 1.0730056801849377
7.749261878854822 1.0815145988270098
7.958701389094142 0.9071994110845473
8.168140899333462 0.978162778238484
8.377580409572781 1.0053603226091306
8.5870199198121 0.9862518323221959
8.79645943005142 0.9896882580358001
9.00589894029074 0.9443395637885739
9.215338450530059 1.0188780148333492
9.42477796076938 0.9151022069332008
9.634217471008698 1.0732977360076943
9.843656981248017 0.9668282432869717
10.053096491487338 0.9632040069432901
10.262536001726657 1.000344089470927
10.471975511965976 1.0305822894026122
10.681415022205297 0.9765217036582519
10.890854532444616 0.9619502159630173
11.100294042683934 1.005780402116964
11.309733552923255 1.0353099553994687
11.519173063162574 0.971603311581463
11.728612573401893 1.0097311284486532
11.938052083641214 0.9587022986440579
12.147491593880533 1.0061857920038433
12.356931104119852 0.9604606880931292
12.566370614359172 0.9085492559164616
12.775810124598491 1.022599232304404
12.98524963483781 0.9360464328001006
13.194689145077131 0.9628876474340287
13.40412865531645 1.0385584408570074
13.613568165555769 0.961700691790604
13.82300767579509 1.041846840687522
14.032447186034409 1.0554629346493962
14.241886696273728 1.0026089383993333
14.451326206513048 0.9711413163230268
14.660765716752367 0.9940283020731644
14.870205226991686 1.0152665510520795
15.079644737231007 0.9605696050326825
15.289084247470326 1.0272994257502093
15.498523757709645 0.9775147548427902
15.707963267948966 0.9659927665838662
15.917402778188285 1.0157972158205677
16.126842288427603 0.9779858504102018
16.336281798666924 0.9674528471589869
16.54572130890624 0.9726463462371544
16.755160819145562 0.9675216572072766
16.964600329384883 1.0014616222983679
17.1740398396242 1.0246002699757113
17.38347934986352 1.0360236094561053
17.59291886010284 1.0255149921994362
17.80235837034216 0.9715806233592674
18.01179788058148 1.0073205491981332
18.2212373908208 0.9740167655932674
18.430676901060117 1.0139529303808468
18.640116411299438 0.9988757987744648
18.84955592153876 0.9674355072257724
19.058995431778076 1.0416990830790769
19.268434942017397 1.015873651493513
19.477874452256717 1.0079331517831074
19.687313962496034 1.05905773473049
19.896753472735355 1.0377191425271106
20.106192982974676 1.0694832551324223
20.315632493213993 1.0100731998982984
20.525072003453314 1.034245788161436
20.734511513692635 0.928494228069878
