# P_value  count
-1.0 0.0
-0.96 0.0
-0.92 0.0
-0.88 0.0
-0.84 0.0
-0.8 0.0
-0.76 0.0
-0.72 0.0
-0.68 0.0
-0.64 0.0
-0.6 6.0
-0.56 2.0
-0.52 20.0
-0.48 42.0
-0.44 129.0
-0.4 382.0
-0.36 672.0
-0.32 1295.0
-0.28 2328.0
-0.24 4351.0
-0.2 6503.0
-0.16 9426.0
-0.12 12283.0
-0.08 15239.0
-0.04 17032.0
0.0 18639.0
0.04 17119.0
0.08 14884.0
0.12 12470.0
0.16 9448.0
0.2 6396.0
0.24 4084.0
0.28 2522.0
0.32 1359.0
0.36 614.0
0.4 287.0
0.44 160.0
0.48 68.0
0.52 21.0
0.56 12.0
0.6 4.0
0.64 3.0
0.68 5.0
0.72 0.0
0.76 0.0
0.8 0.0
0.84 0.0
0.88 0.0
0.92 0.0
0.96 0.0
1.0 0.0
