block_size         error    difference      rel_diff
-------------------------------------------------------
       2  3.046230e-08  1.258788e-08  4.132281e-01
       4  4.305017e-08  1.775882e-08  4.125144e-01
       8  6.080899e-08  2.499624e-08  4.110616e-01
      16  8.580523e-08  3.503909e-08  4.083561e-01
      32  1.208443e-07  4.876378e-08  4.035256e-01
      64  1.696081e-07  6.702487e-08  3.951750e-01
     128  2.366330e-07  9.026244e-08  3.814449e-01
     256  3.268954e-07  1.191666e-07  3.645406e-01
     512  4.460621e-07  1.533851e-07  3.438649e-01
    1024  5.994471e-07  1.983306e-07  3.308558e-01
    2048  7.977777e-07  2.567475e-07  3.218284e-01
    4096  1.054525e-06  2.916593e-07  2.765787e-01
    8192  1.346184e-06  2.580035e-07  1.916554e-01
   16384  1.604188e-06  2.110381e-07  1.315545e-01
   32768  1.815226e-06  2.518830e-07  1.387612e-01
   65536  2.067109e-06  1.349418e-07  6.528047e-02
  131072  2.202051e-06           ---           ---
