block_size         error    difference      rel_diff
-------------------------------------------------------
       2  6.063093e-07  2.511340e-07  4.142012e-01
       4  8.574434e-07  3.551469e-07  4.141929e-01
       8  1.212590e-06  5.022231e-07  4.141738e-01
      16  1.714813e-06  7.101710e-07  4.141389e-01
      32  2.424984e-06  1.004133e-06  4.140780e-01
      64  3.429117e-06  1.419469e-06  4.139458e-01
     128  4.848586e-06  2.006071e-06  4.137436e-01
     256  6.854657e-06  2.833230e-06  4.133292e-01
     512  9.687887e-06  3.995480e-06  4.124202e-01
    1024  1.368337e-05  5.621450e-06  4.108236e-01
    2048  1.930482e-05  7.834046e-06  4.058079e-01
    4096  2.713886e-05  1.060378e-05  3.907232e-01
    8192  3.774265e-05  1.313473e-05  3.480076e-01
   16384  5.087737e-05  1.476935e-05  2.902932e-01
   32768  6.564673e-05  7.100149e-06  1.081569e-01
   65536  7.274688e-05  1.443481e-05  1.984251e-01
  131072  8.718168e-05           ---           ---
