# r  Cs(r) [pure estimator]
0.15 1.501805916151476e-5
0.44999999999999996 1.3938033816921144e-5
0.75 1.4609273431647555e-5
1.05 1.3217594415486119e-5
1.3499999999999999 1.6727185800338535e-5
1.65 1.4512146197301218e-5
1.95 1.3611834740319968e-5
2.25 1.4612519585258894e-5
2.55 1.527985819693454e-5
2.85 1.1441787193951413e-5
3.15 1.0225444955436165e-5
3.4499999999999997 1.395794571965924e-5
3.75 1.1738947843687903e-5
4.05 1.3869793558088386e-5
4.35 1.3354712677138501e-5
4.6499999999999995 1.3199460573501658e-5
4.95 1.0317069206827218e-5
5.25 9.149979789283816e-6
5.55 1.5213073508890882e-5
5.85 1.1174208977117376e-5
6.1499999999999995 1.5263011434706232e-5
6.45 9.488780681396988e-6
6.75 1.096493566079821e-5
7.05 1.0430077780322962e-5
7.35 9.663675332385866e-6
7.6499999999999995 9.230814709692877e-6
7.949999999999999 7.283913989625175e-6
8.25 1.387122904087838e-5
8.549999999999999 7.356446757307335e-6
8.85 6.68445874486175e-6
9.15 9.98003427651253e-6
9.45 9.135767240933244e-6
9.75 1.0401351710524917e-5
10.049999999999999 6.102309862918537e-6
10.35 1.0439675698562015e-5
10.65 8.541282193246347e-6
10.95 1.1096007587155363e-5
11.25 8.83411415106717e-6
11.549999999999999 8.313110238129467e-6
11.85 7.635356742603193e-6
12.15 7.979746714189277e-6
12.45 4.998617524722604e-6
12.75 5.832295196115582e-6
13.049999999999999 8.70199401588548e-6
13.35 6.878332789371349e-6
13.65 7.736891997550987e-6
13.95 8.131474332283948e-6
14.25 7.118182280006991e-6
14.549999999999999 1.011015519228306e-5
14.85 9.427715601298471e-6
15.149999999999999 8.092986776834946e-6
15.45 8.445166763121187e-6
15.75 6.907977640672339e-6
16.05 7.012376138164042e-6
16.349999999999998 8.455728478042503e-6
16.65 7.802727186326757e-6
16.95 5.53062924423012e-6
17.25 6.548066593076021e-6
17.55 3.5571334084927918e-6
17.849999999999998 5.644341025173824e-6
18.15 8.876475206671642e-6
18.45 7.1707003863308106e-6
18.75 4.9438736621921754e-6
19.05 3.7258728225490587e-6
19.349999999999998 5.260410937289473e-6
19.65 4.654886991953353e-6
19.95 5.852328942247046e-6
20.25 1.9532272300599425e-6
20.55 5.9409586703384885e-6
20.849999999999998 7.268498799264378e-6
21.15 7.204966767143362e-6
21.45 9.348339245968193e-6
21.75 6.336139501416827e-6
22.05 3.2095022560739566e-6
22.349999999999998 6.19641730394892e-6
22.65 6.372748277217016e-6
22.95 8.504959686361328e-6
23.25 5.903238142376951e-6
23.55 4.011001242223072e-6
23.849999999999998 6.281167035249742e-6
24.15 7.342446077020428e-6
24.45 4.578473368197571e-6
24.75 9.157126365364596e-6
25.05 3.972025652601478e-6
25.349999999999998 6.676379205891927e-6
25.65 3.8801042748897585e-6
25.95 5.873465783125328e-6
26.25 6.390584291945601e-6
26.55 6.227250224569234e-6
26.849999999999998 4.2758311822905954e-6
27.15 5.707562822794035e-6
27.45 5.113335045931597e-6
27.75 4.576816477353042e-6
28.05 6.677328038863384e-6
28.349999999999998 6.754565327879213e-6
28.65 7.242289618961019e-6
28.95 6.375139477055135e-6
29.25 2.8012024898734625e-6
29.549999999999997 4.390071314365866e-6
29.849999999999998 4.736446521638992e-6
