block_size         error    difference      rel_diff
-------------------------------------------------------
       2  9.198370e-08  3.804910e-08  4.136504e-01
       4  1.300328e-07  5.373105e-08  4.132115e-01
       8  1.837638e-07  7.576839e-08  4.123139e-01
      16  2.595322e-07  1.065535e-07  4.105599e-01
      32  3.660858e-07  1.490676e-07  4.071930e-01
      64  5.151533e-07  2.064918e-07  4.008357e-01
     128  7.216452e-07  2.807437e-07  3.890329e-01
     256  1.002389e-06  3.692486e-07  3.683686e-01
     512  1.371637e-06  4.576006e-07  3.336163e-01
    1024  1.829238e-06  5.036012e-07  2.753065e-01
    2048  2.332839e-06  4.430453e-07  1.899168e-01
    4096  2.775885e-06  3.276981e-07  1.180518e-01
    8192  3.103583e-06  2.308586e-07  7.438457e-02
   16384  3.334441e-06  -1.294595e-07  3.882494e-02
   32768  3.204982e-06  1.230773e-07  3.840186e-02
   65536  3.328059e-06  1.038374e-07  3.120059e-02
  131072  3.431896e-06           ---           ---
