# k values and corresponding S(k) [pure estimator]
0.0 1.4420196119908417
0.10471975511965977 1.0715092269510988
0.20943951023931953 1.0043857491105341
0.3141592653589793 0.9825237877265927
0.41887902047863906 0.9764342630482137
0.5235987755982988 0.9768260791142654
0.6283185307179586 0.9581226732365595
0.7330382858376183 0.969524792781497
0.8377580409572781 0.978167722701926
0.9424777960769379 0.9652286562977069
1.0471975511965976 0.9657178148537214
1.1519173063162573 0.9816645294573286
1.2566370614359172 0.9742165203517394
1.361356816555577 0.96843895959494
1.4660765716752366 0.9582257496357381
1.5707963267948966 0.9631491342243949
1.6755160819145563 0.9670062961024507
1.780235837034216 0.9777266169490088
1.8849555921538759 0.958822949069259
1.9896753472735356 0.9647720071631523
2.0943951023931953 0.969867174104632
2.199114857512855 0.9691077806358608
2.3038346126325147 0.9651163404457495
2.4085543677521746 0.9734186939810401
2.5132741228718345 0.9539564583738843
2.617993877991494 0.963351092104288
2.722713633111154 0.9746876037120606
2.827433388230814 0.9704617535825465
2.9321531433504733 0.9730870443266555
3.036872898470133 0.9808419015250452
3.141592653589793 0.9694196752438077
3.2463124087094526 0.9714074843186575
3.3510321638291125 0.9784121079294502
3.4557519189487724 0.9653628216614896
3.560471674068432 0.9684975496394134
3.665191429188092 0.951512622985387
3.7699111843077517 0.9704418254080266
3.874630939427411 0.9714071223521455
3.979350694547071 0.9537866055375093
4.084070449666731 0.969621563956692
4.1887902047863905 0.9807407532629482
4.29350995990605 0.959723143098342
4.39822971502571 0.9750345442830076
4.50294947014537 0.9746040336584131
4.607669225265029 0.9741617824518414
4.71238898038469 0.9726898341661432
4.817108735504349 0.9687966467030346
4.921828490624009 0.9563709490334538
5.026548245743669 0.9602802432201618
5.1312680008633285 0.9672052525067952
5.235987755982988 0.9842982223452099
5.340707511102648 0.9661197615501862
5.445427266222308 0.9782687774235346
5.550147021341967 0.9711170327094363
5.654866776461628 0.9610114870152013
5.759586531581287 0.9695672181315835
5.864306286700947 0.9656288081037504
5.969026041820607 0.9690739193402103
6.073745796940266 0.9674939432376164
6.178465552059926 0.9658047848694271
6.283185307179586 0.9608290615568191
6.387905062299246 0.9557706984763771
6.492624817418905 0.96616715091408
6.5973445725385655 0.9587851976914391
6.702064327658225 0.9722719543931735
6.8067840827778845 0.9741657246250482
6.911503837897545 0.9766516608779215
7.016223593017204 0.9632785383305436
7.120943348136864 0.9685763517470449
7.225663103256524 0.9696602836464163
7.330382858376184 0.98051692398523
7.435102613495843 0.9704101783421641
7.5398223686155035 0.9626508471645967
7.644542123735163 0.9805812045427629
7.749261878854822 0.9661107833731998
