# r  Cs(r) [pure estimator]
0.2 0.00013765191725735883
0.6000000000000001 0.0001368110881706897
1.0 0.00013541271375026078
1.4000000000000001 0.00013662688780808843
1.8 0.00013621200786350437
2.2 0.0001364692082983325
2.6 0.00013634457668006288
3.0 0.00013596845337637397
3.4000000000000004 0.0001352518770649943
3.8000000000000003 0.0001371844770384609
4.2 0.00013379486872590698
4.6000000000000005 0.0001343869953686101
5.0 0.00013480938192381948
5.4 0.00013661178034555775
5.800000000000001 0.0001336585087790851
6.2 0.00013502946675258864
6.6000000000000005 0.00013342795810096457
7.0 0.00013455313363714991
7.4 0.00013476652588477223
7.800000000000001 0.00013596911551692168
8.200000000000001 0.0001341646879007862
8.6 0.00013317153624103702
9.0 0.00013407997935955269
9.4 0.0001340424465667321
9.8 0.0001314405395293666
10.200000000000001 0.00013366813992678853
10.600000000000001 0.00013308144600804173
11.0 0.00013335394205324505
11.4 0.00013276930359121508
11.8 0.00013410822743957745
12.200000000000001 0.00013234765213750253
12.600000000000001 0.0001336820240410735
13.0 0.00013296827342686732
13.4 0.00013075292230324036
13.8 0.00013406942552804868
14.200000000000001 0.00013021091173927565
14.600000000000001 0.000130506355956432
15.0 0.00013226532787364025
15.4 0.0001320029530614275
15.8 0.00013040572561456702
16.2 0.00013288939534615086
16.6 0.00013155800037968995
17.0 0.00013187119141547138
17.400000000000002 0.00012914811950896535
17.8 0.0001305458773081014
18.2 0.00013160375666390256
18.6 0.0001312646564086429
19.0 0.00013207603361263407
19.400000000000002 0.0001302290356232444
19.8 0.00013177575897433042
20.200000000000003 0.00013147026165105714
20.6 0.00013051995893814032
21.0 0.00013022380470436627
21.400000000000002 0.0001311711667636381
21.8 0.00013069462233353049
22.200000000000003 0.000129140402317418
22.6 0.00013079312754892447
23.0 0.00013182083044181316
23.400000000000002 0.00012892779424277705
23.8 0.00013090885306718848
24.200000000000003 0.00012846152998169282
24.6 0.0001285100054064739
25.0 0.00012829726925457638
25.400000000000002 0.00012780154995885423
25.8 0.00013110841396296173
26.200000000000003 0.0001267005387919138
26.6 0.00012959772562825007
27.0 0.0001304482497592471
27.400000000000002 0.00012926584859056537
27.8 0.0001276027845718048
28.200000000000003 0.00012968334784054222
28.6 0.00012898126325056177
29.0 0.00012994759081126883
29.400000000000002 0.00012957255489985875
29.8 0.00012832585261483286
30.200000000000003 0.00013093766260798464
30.6 0.00012999807664933782
31.0 0.00012843253387174186
31.400000000000002 0.00012895999815598717
31.8 0.00012638589962493752
32.2 0.00013021249425103877
32.6 0.00012795250523499544
33.0 0.00012774361656697303
33.4 0.00012881813812846177
33.800000000000004 0.0001276767024845919
34.2 0.00012722996837346792
34.6 0.00012860404473075511
35.0 0.00012861565634876587
35.4 0.0001292818691236596
35.800000000000004 0.00012845356958858696
36.2 0.0001268470631306785
36.6 0.00012834929458336965
37.0 0.00013005169453638704
37.4 0.0001280810346043475
37.800000000000004 0.00012892704381135272
38.2 0.00012737151589356654
38.6 0.00012846969555478297
39.0 0.00012780976013554123
39.400000000000006 0.00012694654015841142
39.800000000000004 0.00012953148032761249
