# P_value  count
-1.0 0.0
-0.975 0.0
-0.95 0.0
-0.925 0.0
-0.9 0.0
-0.875 0.0
-0.85 0.0
-0.825 0.0
-0.8 0.0
-0.775 0.0
-0.75 0.0
-0.725 0.0
-0.7 0.0
-0.675 0.0
-0.65 0.0
-0.625 0.0
-0.6 0.0
-0.575 0.0
-0.55 1.0
-0.525 25.0
-0.5 11.0
-0.475 25.0
-0.45 60.0
-0.425 99.0
-0.4 51.0
-0.375 182.0
-0.35 227.0
-0.325 197.0
-0.3 259.0
-0.275 312.0
-0.25 346.0
-0.225 514.0
-0.2 538.0
-0.175 728.0
-0.15 685.0
-0.125 908.0
-0.1 1008.0
-0.075 1137.0
-0.05 1466.0
-0.025 1565.0
0.0 2990.0
0.025 2381.0
0.05 2908.0
0.075 3379.0
0.1 3965.0
0.125 4729.0
0.15 5202.0
0.175 6530.0
0.2 7230.0
0.225 8226.0
0.25 9279.0
0.275 10513.0
0.3 10696.0
0.325 11757.0
0.35 12094.0
0.375 12998.0
0.4 11977.0
0.425 12111.0
0.45 11099.0
0.475 10402.0
0.5 9055.0
0.525 8564.0
0.55 5920.0
0.575 4965.0
0.6 4133.0
0.625 2495.0
0.65 1679.0
0.675 1179.0
0.7 1004.0
0.725 539.0
0.75 328.0
0.775 298.0
0.8 27.0
0.825 0.0
0.85 0.0
0.875 0.0
0.9 0.0
0.925 0.0
0.95 0.0
0.975 0.0
1.0 0.0
