block_size         error    difference      rel_diff
-------------------------------------------------------
       2  2.106918e-07  8.726839e-08  4.141992e-01
       4  2.979602e-07  1.234117e-07  4.141886e-01
       8  4.213719e-07  1.745180e-07  4.141662e-01
      16  5.958899e-07  2.467710e-07  4.141217e-01
      32  8.426609e-07  3.488921e-07  4.140362e-01
      64  1.191553e-06  4.931463e-07  4.138685e-01
     128  1.684699e-06  6.967382e-07  4.135683e-01
     256  2.381438e-06  9.837004e-07  4.130700e-01
     512  3.365138e-06  1.387158e-06  4.122142e-01
    1024  4.752295e-06  1.952843e-06  4.109263e-01
    2048  6.705139e-06  2.743647e-06  4.091858e-01
    4096  9.448786e-06  3.859526e-06  4.084679e-01
    8192  1.330831e-05  5.406738e-06  4.062678e-01
   16384  1.871505e-05  7.538206e-06  4.027884e-01
   32768  2.625326e-05  1.024624e-05  3.902845e-01
   65536  3.649949e-05  1.283036e-05  3.515215e-01
  131072  4.932985e-05           ---           ---
