0.15 0.8610922787193973
0.44999999999999996 0.8667721280602636
0.75 0.821939736346516
1.05 0.8621544256120527
1.3499999999999999 0.8805630885122411
1.65 0.9086365348399247
1.95 0.9376252354048964
2.25 0.9733540489642185
2.55 0.9174651600753295
2.85 0.9485536723163842
3.15 0.9293239171374764
3.4499999999999997 0.9443992467043314
3.75 0.9898531073446327
4.05 1.0015819209039547
4.35 1.0247928436911489
4.6499999999999995 1.08515065913371
4.95 1.0930433145009417
5.25 1.0930094161958568
5.55 1.0656836158192091
5.85 1.0669359698681733
6.1499999999999995 1.0591468926553673
6.45 1.01839736346516
6.75 0.9847288135593221
7.05 0.9792278719397364
7.35 0.9724952919020715
7.6499999999999995 0.9749510357815443
7.949999999999999 0.9761920903954803
8.25 1.0263879472693032
8.549999999999999 1.0471920903954803
8.85 1.0593596986817326
9.15 1.090461393596987
9.45 1.0959623352165726
9.75 1.0438474576271186
10.049999999999999 1.0081412429378531
10.35 1.0058248587570622
10.65 1.0042335216572504
10.95 1.0150282485875706
11.25 1.01084934086629
11.549999999999999 0.9963879472693032
11.85 0.9799736346516007
12.15 0.9587853107344633
12.45 0.9568587570621468
12.75 0.9990112994350282
13.049999999999999 1.0512467043314502
13.35 1.0710885122410547
13.65 1.0322937853107346
13.95 1.04894538606403
14.25 1.0361920903954802
14.549999999999999 0.9978060263653484
14.85 1.0222335216572505
15.149999999999999 1.0028681732580038
15.45 1.0049114877589453
15.75 0.9837532956685499
16.05 0.932668549905838
16.349999999999998 0.9392580037664784
16.65 1.0077928436911487
16.95 1.0291450094161958
17.25 1.0360037664783428
17.55 1.023261770244821
17.849999999999998 1.053135593220339
18.15 1.0011883239171375
18.45 1.048050847457627
18.75 1.039598870056497
19.05 1.0138418079096045
19.349999999999998 0.9933220338983051
19.65 0.9895988700564972
19.95 0.9922071563088513
20.25 1.0021977401129945
20.55 1.0223389830508474
20.849999999999998 1.0345216572504707
21.15 0.9871732580037664
21.45 0.9301299435028249
21.75 0.9438267419962335
22.05 0.9798832391713748
22.349999999999998 1.0363804143126176
22.65 1.000463276836158
22.95 0.9998173258003766
23.25 0.9854444444444445
23.55 1.0120621468926554
23.849999999999998 1.0335687382297551
24.15 1.004
24.45 1.0047702448210922
24.75 1.0448267419962336
25.05 1.0366704331450094
25.349999999999998 1.047105461393597
25.65 1.0490809792843692
25.95 1.0931544256120527
26.25 1.0101167608286252
26.55 1.0109322033898305
26.849999999999998 0.9995762711864407
27.15 0.975789077212806
27.45 0.9443502824858757
27.75 0.9299792843691149
28.05 0.9938135593220339
28.349999999999998 0.9940188323917137
28.65 0.9760885122410546
28.95 1.0072693032015065
29.25 1.024538606403013
29.549999999999997 1.0033954802259888
29.849999999999998 0.9969284369114878
