# block  <P^2>
1 0.0
2 0.03917222222222221
3 0.08293777777777761
4 0.08436666666666714
5 0.08097666666666678
6 0.07512444444444442
7 0.07104444444444442
8 0.0798788888888886
9 0.0694588888888888
10 0.06690333333333308
11 0.07303859414970551
12 0.08273222222222208
13 0.06714666666666703
14 0.12426444444444461
15 0.1084393384393389
16 0.08224111111111121
17 0.09547333333333305
18 0.09918222222222252
19 0.07814000000000003
20 0.0845833333333338
21 0.1090666666666667
22 0.08394555555555572
23 0.13148000000000043
24 0.10445444444444502
25 0.10047333333333369
26 0.08699222222222282
27 0.10901888888888872
28 0.06881666666666675
29 0.08313444444444505
30 0.13182555555555583
31 0.07793000000000042
32 0.07902333333333356
33 0.09781444444444434
34 0.08243444444444493
35 0.09590000000000048
36 0.06682888888888913
37 0.057548888888889024
38 0.0802355555555558
39 0.05867576867576843
40 0.1218055555555555
41 0.10501777777777786
42 0.13914999999999952
43 0.13450666666666633
44 0.11869888888888913
45 0.12397000000000087
46 0.07482111111111145
47 0.06221222222222231
48 0.05680777777777771
49 0.06812666666666636
50 0.0873755555555561
51 0.11961777777777732
52 0.1154344444444446
53 0.09130555555555663
54 0.12043333333333262
55 0.10973666666666708
56 0.13417666666666656
57 0.11534444444444424
58 0.16466200466200492
59 0.08775999999999964
60 0.08908483633934554
61 0.1014200000000002
62 0.12732444444444477
63 0.08329329329329342
64 0.0937911111111116
65 0.13363111111111103
66 0.12872777777777752
67 0.10230333333333379
68 0.12330222222222312
69 0.09666222222222245
70 0.07717555555555602
71 0.07199800199800217
72 0.09250971250971264
73 0.08069708069708101
74 0.10763444444444473
75 0.09070000000000013
76 0.0862444444444445
77 0.07322022621423849
78 0.06759666666666653
79 0.1018248418248416
80 0.07362888888888898
81 0.08057777777777791
82 0.11854555555555611
83 0.08669222222222242
84 0.07545222222222221
85 0.061551111111111244
86 0.10030666666666667
87 0.12186000000000008
88 0.12265555555555607
89 0.09295111111111146
90 0.07697777777777812
91 0.09839111111111092
92 0.1301877777777779
93 0.11526111111111151
94 0.10626444444444456
95 0.09811888888888934
96 0.15050505050504917
97 0.13934666666666665
98 0.0970611111111113
99 0.06826284826284783
100 0.09053111111111081
101 0.08486222222222259
102 0.09337777777777787
103 0.1560511111111105
104 0.10529333333333314
105 0.11840618396173934
106 0.08181444444444436
107 0.07531333333333304
108 0.0815344444444454
109 0.07985222222222262
110 0.09965965965965999
111 0.09287888888888926
112 0.1143111111111115
113 0.11251777777777716
114 0.1238855555555559
115 0.11998888888888937
116 0.10370777777777784
117 0.0681370259148035
118 0.12364333333333341
119 0.14695333333333302
120 0.0943266666666663
121 0.17056666666666606
122 0.12809666666666666
123 0.08322188788588006
124 0.06844555555555543
125 0.0743411111111115
126 0.09708999999999995
127 0.105202222222223
128 0.06655777777777774
129 0.07194861528194847
130 0.11401444444444461
131 0.18214881548215073
132 0.14820333333333363
133 0.09719888888888881
134 0.10294000000000046
135 0.092780000000001
136 0.06524444444444422
137 0.08313000000000019
138 0.10518333333333445
139 0.12997222222222174
140 0.10204888888888877
141 0.15042333333333263
142 0.10612000000000026
143 0.08908555555555582
144 0.08955777777777768
145 0.09837777777777786
146 0.09972000000000054
147 0.11601555555555605
148 0.0881422222222223
149 0.0722611500389274
150 0.06195333333333337
151 0.08950937950937946
152 0.1489955555555536
153 0.11822666666666772
154 0.07992111111111116
155 0.07882444444444477
156 0.08537573537573578
157 0.07610888888888846
158 0.09122000000000045
159 0.07935444444444475
160 0.08193029193029175
161 0.07937111111111127
162 0.0835511111111113
163 0.07097680097680027
164 0.08608666666666717
165 0.06851111111111109
166 0.05567111111111098
167 0.07492888888888903
168 0.12154111111111168
169 0.1320966666666666
170 0.12031333333333406
171 0.11711111111111086
172 0.14252888888888926
173 0.12513888888888938
174 0.15910444444444247
175 0.08294777777777813
176 0.1040500000000005
177 0.10234777777777859
178 0.12601222222222275
179 0.12898666666666714
180 0.08813702591480396
181 0.08578666666666686
182 0.07168888888888875
183 0.05974333333333324
184 0.060204444444444276
185 0.0986377777777781
186 0.10121444444444459
187 0.14185444444444367
188 0.13101555555555547
189 0.11797888888888886
190 0.08178000000000038
191 0.07857555555555532
192 0.059661449661449754
193 0.10806666666666717
194 0.11129333333333341
195 0.10092666666666707
196 0.12604506604506616
197 0.09111444444444466
198 0.08653111111111085
199 0.09815370926482116
200 0.0814466666666665
201 0.08358222222222254
202 0.08147963147963196
203 0.12571015459904333
204 0.15740073406739982
205 0.15453898342787054
206 0.1522977777777777
207 0.08356088356088388
208 0.09537333333333374
