# block  <P>
1 0.0
2 -0.012566666666666594
3 -0.03646666666666661
4 -0.011599999999999918
5 -0.07270000000000013
6 -0.11746666666666643
7 -0.06546666666666674
8 -0.020766666666666503
9 -0.03823333333333346
10 0.008100000000000147
11 -0.026259592926259616
12 -0.06516666666666657
13 -0.017266666666666732
14 -0.09039999999999983
15 -0.08921078921078929
16 -0.09063333333333354
17 -0.14160000000000036
18 -0.07726666666666629
19 0.004400000000000053
20 -0.044966666666666495
21 0.043399999999999765
22 0.09449999999999945
23 0.13073333333333342
24 0.07956666666666676
25 0.0006666666666666866
26 0.03303333333333315
27 0.038766666666666734
28 0.029500000000000116
29 0.011166666666666419
30 -0.09190000000000001
31 -0.11429999999999993
32 -0.11136666666666706
33 -0.11889999999999977
34 -0.09583333333333359
35 -0.19046666666666726
36 -0.124666666666666
37 -0.12193333333333317
38 -0.09546666666666648
39 -0.07189477189477181
40 -0.02516666666666663
41 -0.056000000000000015
42 -0.06103333333333341
43 -0.08986666666666662
44 -0.007366666666666351
45 0.03596666666666657
46 0.02716666666666598
47 -0.010033333333333363
48 0.029833333333333552
49 -0.028133333333333278
50 0.040866666666666364
51 0.055800000000000696
52 0.02150000000000042
53 -0.043566666666666615
54 0.01393333333333347
55 0.0196333333333334
56 0.03949999999999951
57 0.08693333333333352
58 0.23210123210123207
59 0.17573333333333419
60 0.167401469605879
61 0.19053333333333303
62 0.20846666666666624
63 0.15572238905572178
64 0.18153333333333246
65 0.178533333333333
66 0.14896666666666608
67 0.11616666666666661
68 0.18299999999999955
69 0.12980000000000003
70 0.1292000000000002
71 0.0970029970029973
72 0.04169164169164153
73 0.06733266733266732
74 0.06303333333333314
75 0.009066666666666449
76 0.11159999999999982
77 0.09767132401862934
78 0.035766666666667016
79 -0.06466866466866396
80 -0.04693333333333359
81 -0.02633333333333338
82 -0.026966666666666743
83 0.0068333333333333145
84 0.0015666666666665373
85 0.02006666666666688
86 -0.06520000000000013
87 -0.07706666666666666
88 -0.020333333333333325
89 -0.09826666666666671
90 -0.05079999999999991
91 -0.11193333333333313
92 -0.1894999999999997
93 -0.10370000000000001
94 -0.08886666666666669
95 -0.14316666666666647
96 -0.1565101565101569
97 -0.14273333333333302
98 -0.08583333333333293
99 -0.035964035964035954
100 -0.00906666666666667
101 0.04873333333333336
102 -0.11706666666666674
103 -0.1998666666666652
104 -0.128
105 -0.150517183850517
106 -0.1482333333333328
107 -0.15593333333333345
108 -0.07989999999999987
109 -0.06476666666666674
110 0.01695028361695023
111 -0.09663333333333352
112 -0.07079999999999975
113 -0.07393333333333332
114 0.036566666666666706
115 0.0016000000000000708
116 0.018833333333333247
117 -0.015682349015682363
118 0.1315
119 0.20760000000000045
120 0.168733333333334
121 0.24506666666666735
122 0.18970000000000053
123 0.07265128719491767
124 0.03829999999999977
125 0.01163333333333331
126 -0.005299999999999946
127 0.1267333333333337
128 0.06973333333333309
129 0.044944944944945386
130 -0.03883333333333358
131 -0.17871204537871124
132 -0.2367666666666674
133 -0.16396666666666704
134 -0.16133333333333397
135 -0.0951999999999998
136 -0.027599999999999975
137 -0.024899999999999874
138 -0.12996666666666687
139 -0.11256666666666554
140 -0.008066666666666578
141 -0.1214333333333332
142 -0.1461333333333336
143 -0.16063333333333366
144 -0.16539999999999974
145 -0.08873333333333304
146 -0.0942000000000006
147 -0.08380000000000012
148 -0.015333333333333414
149 0.004404404404404503
150 0.014599999999999952
151 0.13942723942723995
152 0.20326666666666668
153 0.1952666666666659
154 0.13783333333333364
155 0.05286666666666661
156 0.04991674991675004
157 0.03773333333333345
158 -0.03553333333333348
159 -0.04523333333333328
160 -0.042857142857142684
161 0.0006666666666667984
162 0.003733333333333558
163 0.002031302031302044
164 0.015333333333333261
165 0.06106666666666682
166 0.08000000000000006
167 0.1034666666666666
168 0.17250000000000032
169 0.11556666666666665
170 0.04053333333333361
171 -0.03439999999999983
172 -0.03519999999999933
173 -0.13376666666666587
174 -0.19159999999999966
175 -0.15176666666666772
176 -0.12790000000000037
177 -0.1344333333333334
178 -0.17056666666666737
179 -0.17040000000000025
180 -0.054721388054721425
181 -0.012266666666666754
182 0.014399999999999974
183 0.03303333333333336
184 0.01966666666666666
185 -0.04633333333333317
186 -0.16543333333333374
187 -0.027633333333333406
188 -0.061733333333333335
189 -0.06516666666666669
190 -0.037066666666666845
191 -0.09986666666666658
192 -0.08887778887778854
193 0.037666666666666626
194 -0.019866666666666682
195 -0.031400000000000074
196 -0.06966366966366973
197 0.00289999999999978
198 0.04606666666666717
199 0.0666666666666668
200 0.023266666666666668
201 -0.020600000000000184
202 0.0029637029637028635
203 0.0368368368368369
204 -0.01931931931931899
205 0.07233900567233932
206 -0.005999999999999984
207 -0.033300033300033706
208 -0.04266666666666666
