block_size         error    difference      rel_diff
-------------------------------------------------------
       2  1.285132e-07  5.317174e-08  4.137454e-01
       4  1.816849e-07  7.511302e-08  4.134246e-01
       8  2.567980e-07  1.059967e-07  4.127630e-01
      16  3.627947e-07  1.492789e-07  4.114695e-01
      32  5.120736e-07  2.094537e-07  4.090304e-01
      64  7.215273e-07  2.919522e-07  4.046309e-01
     128  1.013479e-06  4.016774e-07  3.963350e-01
     256  1.415157e-06  5.421571e-07  3.831074e-01
     512  1.957314e-06  7.049686e-07  3.601714e-01
    1024  2.662283e-06  8.672186e-07  3.257425e-01
    2048  3.529501e-06  1.024842e-06  2.903647e-01
    4096  4.554344e-06  1.250928e-06  2.746669e-01
    8192  5.805271e-06  1.476788e-06  2.543874e-01
   16384  7.282059e-06  1.948508e-06  2.675766e-01
   32768  9.230567e-06  2.312329e-06  2.505078e-01
   65536  1.154290e-05  2.116559e-06  1.833646e-01
  131072  1.365946e-05           ---           ---
