# r  Cs(r) [pure estimator]
0.2 8.14564451234873e-6
0.6000000000000001 8.50574527630301e-6
1.0 7.208644314505338e-6
1.4000000000000001 8.281388068558014e-6
1.8 5.6102132246552585e-6
2.2 4.790514163726793e-6
2.6 8.872476016849186e-6
3.0 7.086253885409215e-6
3.4000000000000004 3.920862970733001e-6
3.8000000000000003 5.553956804760625e-6
4.2 7.508721837152521e-6
4.6000000000000005 3.85000236605999e-6
5.0 3.675786171386201e-6
5.4 6.154159003460396e-6
5.800000000000001 5.317523436190731e-6
6.2 3.5218879944272375e-6
6.6000000000000005 4.5082747082656726e-6
7.0 6.941362820789943e-6
7.4 3.0280543883296487e-6
7.800000000000001 3.4606911644113568e-6
8.200000000000001 3.4967534595724303e-6
8.6 6.947172730768141e-6
9.0 1.2936154932425057e-6
9.4 4.776133297660057e-6
9.8 3.6386766328412582e-6
10.200000000000001 3.835020473615521e-6
10.600000000000001 3.4572639444501446e-6
11.0 3.771958713694597e-6
11.4 2.2129308859870154e-6
11.8 1.1773595952583616e-6
12.200000000000001 3.1933711308666078e-6
12.600000000000001 3.743781053945212e-6
13.0 3.4916238639862737e-6
13.4 5.858351930341741e-6
13.8 1.9497359619399724e-6
14.200000000000001 5.6487579817106835e-6
14.600000000000001 5.816433986670979e-6
15.0 6.638643684554957e-7
15.4 6.002465413040095e-7
15.8 2.8207455441833716e-6
16.2 4.157171533551056e-6
16.6 4.025250766939151e-6
17.0 3.447861968968238e-6
17.400000000000002 4.434417370282264e-6
17.8 2.580471257834434e-6
18.2 1.4804635940834193e-6
18.6 4.2840468356370125e-6
19.0 3.58388907249414e-6
19.400000000000002 2.2940760449393592e-6
19.8 1.545780899275397e-6
20.200000000000003 2.1101470245372834e-6
20.6 4.272576306977794e-6
21.0 9.833207613076354e-7
21.400000000000002 2.395806900234187e-6
21.8 1.9041416380042216e-6
22.200000000000003 2.654500660061291e-6
22.6 3.671922385414333e-6
23.0 5.128412929856754e-6
23.400000000000002 3.5169295305246243e-7
23.8 1.081767693676477e-6
24.200000000000003 1.921001788946474e-6
24.6 2.8179733857544813e-6
25.0 3.336467554596511e-6
25.400000000000002 -1.1372996240564247e-6
25.8 -4.427075328664666e-7
26.200000000000003 1.4513719359251372e-6
26.6 4.086227430247477e-6
27.0 3.087120508920623e-6
27.400000000000002 3.4647858771092666e-6
27.8 3.7034450949419158e-6
28.200000000000003 4.101538075785717e-6
28.6 5.067717761387062e-6
29.0 2.9690859097499724e-6
29.400000000000002 1.4968092074964056e-6
29.8 1.303856359623408e-6
30.200000000000003 -1.8008844903805402e-6
30.6 4.114362705002633e-6
31.0 -1.9161706206791706e-7
31.400000000000002 1.4668003842572515e-6
31.8 -3.7794788858763486e-7
32.2 2.5122434860048427e-6
32.6 3.3474522203435435e-6
33.0 1.5576118758664485e-6
33.4 5.341550448174374e-6
33.800000000000004 1.4764293805043373e-7
34.2 1.2738130879294972e-6
34.6 3.0041961413782555e-6
35.0 1.7154770350535259e-6
35.4 8.079995056329426e-7
35.800000000000004 2.2942384006160008e-7
36.2 2.882186759051117e-6
36.6 -7.795994764862717e-7
37.0 2.810288904502463e-7
37.4 2.443323183754746e-6
37.800000000000004 5.228078434837091e-7
38.2 8.472320762196479e-7
38.6 2.903945674585398e-6
39.0 1.795128797544523e-6
39.400000000000006 -1.9890102813315167e-6
39.800000000000004 4.688373836477704e-7
