# k  S_s(k)
0.0 0.0
0.20943951023931953 0.4881237979798205
0.41887902047863906 1.6526545903829402
0.6283185307179586 0.4761563889953134
0.8377580409572781 1.2079435760588029
1.0471975511965976 1.3730480170962376
1.2566370614359172 1.0172149183992456
1.4660765716752366 0.7427201411830978
1.6755160819145563 0.933017229869569
1.8849555921538759 0.9544178842971898
2.0943951023931953 0.9900078670082808
2.3038346126325147 0.9432460587289985
2.5132741228718345 1.2964362503574416
2.722713633111154 1.1189448828673065
2.9321531433504733 0.9167828996891186
3.141592653589793 0.9631173088282293
3.3510321638291125 0.9484525536339852
3.560471674068432 1.0170087780164936
3.7699111843077517 0.935441602242103
3.979350694547071 1.1185729440746526
4.1887902047863905 0.950751803877943
4.39822971502571 0.9973804731809611
4.607669225265029 0.9964177728105132
4.817108735504349 0.9840177020403706
5.026548245743669 1.0201323134193423
5.235987755982988 0.9063503109897119
5.445427266222308 1.0923039890601995
5.654866776461628 1.019177014240858
5.864306286700947 0.9456774749860762
6.073745796940266 0.9608755614961072
6.283185307179586 1.140001195403016
6.492624817418905 0.9761074915544141
6.702064327658225 1.0646762429300738
6.911503837897545 1.2028818769124014
7.120943348136864 0.9359706094180422
7.330382858376184 1.0042664135837371
7.5398223686155035 0.9003326949457001
7.749261878854822 0.9977473013523759
7.958701389094142 1.092773268132326
8.168140899333462 0.966049661433645
8.377580409572781 0.9933924039931894
8.5870199198121 0.9896640842343962
8.79645943005142 1.0392779956773786
9.00589894029074 1.0360804867680062
9.215338450530059 0.9883200754244064
9.42477796076938 1.0723002211124546
9.634217471008698 0.932569952170592
9.843656981248017 0.992720609058933
10.053096491487338 0.9981112032521632
10.262536001726657 0.9911844981404488
10.471975511965976 1.019778211691144
10.681415022205297 1.0428109063778168
10.890854532444616 0.92825998793299
11.100294042683934 0.9604580275574304
11.309733552923255 1.0006133116981288
11.519173063162574 0.9657289848308974
11.728612573401893 0.9821438906449983
11.938052083641214 0.9848708749768075
12.147491593880533 0.9556350589986236
12.356931104119852 0.9997687447345814
12.566370614359172 0.9921236738505013
12.775810124598491 0.9939673074057032
12.98524963483781 1.0759507508799646
13.194689145077131 0.9890345805044299
13.40412865531645 0.980447541266376
13.613568165555769 1.0267009808797067
13.82300767579509 0.9871173929554923
14.032447186034409 1.0507315087679319
14.241886696273728 1.015360590177905
14.451326206513048 1.0134945958448052
14.660765716752367 1.0007990063511698
14.870205226991686 1.007536989449354
15.079644737231007 1.0017963872337527
15.289084247470326 1.0464624672742877
15.498523757709645 1.009817875301673
15.707963267948966 0.9855451658195074
15.917402778188285 1.0440743065742903
16.126842288427603 0.9997465253586151
16.336281798666924 0.970675314458346
16.54572130890624 1.0141184743336884
16.755160819145562 0.994645940953526
16.964600329384883 0.9823797558327112
17.1740398396242 1.0652532094073361
17.38347934986352 0.9613999617042603
17.59291886010284 0.9759068777160899
17.80235837034216 1.0145520560037675
18.01179788058148 1.0475645856032016
18.2212373908208 1.0168519853289535
18.430676901060117 0.9851115484907286
18.640116411299438 1.004673814575368
18.84955592153876 0.9653917646934546
19.058995431778076 1.0428600524746585
19.268434942017397 0.9495992478569893
19.477874452256717 1.0326123352083802
19.687313962496034 1.0065259263943385
19.896753472735355 1.0199420416804612
20.106192982974676 0.9813877057651292
20.315632493213993 1.0153078944612988
20.525072003453314 1.0126693241628661
20.734511513692635 0.9578747602887518
