# P_value  count
-1.0 0.0
-0.9333333333333333 40.0
-0.8666666666666667 150.0
-0.8 388.0
-0.7333333333333333 846.0
-0.6666666666666666 1468.0
-0.6 1886.0
-0.5333333333333333 2447.0
-0.4666666666666667 3042.0
-0.4 3459.0
-0.3333333333333333 3833.0
-0.26666666666666666 4252.0
-0.2 4447.0
-0.13333333333333333 4904.0
-0.06666666666666667 5615.0
0.0 7918.0
0.06666666666666667 8464.0
0.13333333333333333 10368.0
0.2 12406.0
0.26666666666666666 14804.0
0.3333333333333333 17582.0
0.4 18928.0
0.4666666666666667 19346.0
0.5333333333333333 18345.0
0.6 15405.0
0.6666666666666666 12060.0
0.7333333333333333 7721.0
0.8 4322.0
0.8666666666666667 1964.0
0.9333333333333333 367.0
1.0 160.0
