# k  S_n(k)
0.0 80.0
0.07853981633974483 0.6524059037590946
0.15707963267948966 0.6071927252909155
0.23561944901923448 0.3388488212742224
0.3141592653589793 0.34993128742362606
0.39269908169872414 0.19788506571430892
0.47123889803846897 0.41681746443565904
0.5497787143782138 0.433341679048821
0.6283185307179586 0.21572482249286165
0.7068583470577035 0.6149426928390381
0.7853981633974483 0.3072905826708482
0.8639379797371931 1.8626032129471295
0.9424777960769379 1.887286785948897
1.0210176124166828 0.8585057732687297
1.0995574287564276 1.4475232469001296
1.1780972450961724 1.873561069517418
1.2566370614359172 2.1013392969797713
1.335176877775662 0.752101877783318
1.413716694115407 0.858792641407889
1.4922565104551517 1.9420629935282914
1.5707963267948966 0.5079575321839731
1.6493361431346414 0.8428282248727238
1.7278759594743862 1.100526363020856
1.806415775814131 0.8051403865888813
1.8849555921538759 0.64722131014864
1.9634954084936207 1.2829801006188388
2.0420352248333655 0.6266365022458366
2.1205750411731104 0.8049509858687642
2.199114857512855 1.0985222953075895
2.2776546738526 0.6168959336460501
2.356194490192345 0.8241362195264864
2.4347343065320897 0.7847308417438351
2.5132741228718345 0.841252446720309
2.5918139392115793 0.5968952892910592
2.670353755551324 1.1180878968165877
2.748893571891069 0.8454240529363547
2.827433388230814 0.8903573430224156
2.9059732045705586 1.0432276584767595
2.9845130209103035 1.1044765865700317
3.0630528372500483 1.0575314606167623
3.141592653589793 1.0098246705091383
3.220132469929538 0.6370631429253726
3.2986722862692828 1.4834347973296278
3.3772121026090276 0.8204653507985716
3.4557519189487724 0.9891032313508934
3.5342917352885173 0.8974620505072274
3.612831551628262 0.881249365813179
3.691371367968007 0.8233466925825235
3.7699111843077517 1.0953725773947196
3.8484510006474966 0.9372179441503293
3.9269908169872414 1.2699203361768892
4.005530633326986 0.8984010239564166
4.084070449666731 0.8836943704306934
4.162610266006476 1.1944510389112641
4.241150082346221 1.123362555017408
4.319689898685965 1.094364091962051
4.39822971502571 0.8519189900677809
4.476769531365456 1.0949411778583487
4.5553093477052 0.9225880228269765
4.633849164044944 0.879395289911199
4.71238898038469 1.0242358697007237
4.790928796724435 0.8954198459214887
4.869468613064179 0.9837362918474617
4.948008429403924 1.1515507373042162
5.026548245743669 1.0105554548933984
5.105088062083414 0.9785521464331881
5.183627878423159 0.9255981442456307
5.262167694762903 0.9974022973005796
5.340707511102648 1.1274818749632987
5.419247327442394 0.8335273205894493
5.497787143782138 0.8494007581547687
5.576326960121882 1.0232785021117403
5.654866776461628 0.883432766265936
5.733406592801373 0.9589505671879863
5.811946409141117 1.0681394361443655
5.890486225480862 0.918410608759234
5.969026041820607 1.074343993187744
6.047565858160352 1.0440637903243482
6.126105674500097 1.1480405430219776
6.204645490839841 1.2762192653588116
6.283185307179586 1.1241731047477928
6.3617251235193315 0.9035777990888453
6.440264939859076 1.0869157008667045
6.51880475619882 1.1322175807751782
6.5973445725385655 1.067573222656628
6.675884388878311 1.0152331446342673
6.754424205218055 0.9262171148415873
6.8329640215578 0.9557592497229561
6.911503837897545 0.9453538850172576
6.99004365423729 0.9288032876379747
7.0685834705770345 1.24637983757657
7.147123286916779 1.1079698395587914
7.225663103256524 0.953446898395524
7.304202919596269 1.03787761137646
7.382742735936014 0.9470247940825033
7.461282552275758 1.0306008859904188
7.5398223686155035 1.1028241983391094
7.618362184955249 1.0534404349044486
7.696902001294993 0.9926632443937912
7.7754418176347375 1.0485747848023321
