# k  S_s(k)
0.0 0.0
0.10471975511965977 1.0704663999519022
0.20943951023931953 1.0051747596963128
0.3141592653589793 3.3044077301871213
0.41887902047863906 3.4419667147687525
0.5235987755982988 0.4143681528555248
0.6283185307179586 1.5554539131325795
0.7330382858376183 0.18831901797145084
0.8377580409572781 0.3124398276850929
0.9424777960769379 0.6855847868296207
1.0471975511965976 0.6937000216364737
1.1519173063162573 0.5132430322863893
1.2566370614359172 0.7348422475503368
1.361356816555577 0.9522912231008116
1.4660765716752366 0.9816489332974027
1.5707963267948966 0.848679722513837
1.6755160819145563 1.5521587377678328
1.780235837034216 1.1209852403434524
1.8849555921538759 1.1466923240473312
1.9896753472735356 1.0499108105092907
2.0943951023931953 1.4347834598671751
2.199114857512855 0.8575380676338555
2.3038346126325147 1.3524376928685442
2.4085543677521746 1.2398826276438861
2.5132741228718345 1.3488902589447949
2.617993877991494 1.177241189449828
2.722713633111154 1.0414431340036616
2.827433388230814 1.0049707615474266
2.9321531433504733 1.393197474646895
3.036872898470133 0.8470673968054502
3.141592653589793 0.9465470667136356
3.2463124087094526 0.9197716518837249
3.3510321638291125 0.9786456587963478
3.4557519189487724 1.105263001419176
3.560471674068432 0.8911636433922133
3.665191429188092 0.893122057876155
3.7699111843077517 1.0142070884690964
3.874630939427411 1.2030819955827632
3.979350694547071 1.0053058370493506
4.084070449666731 0.9476268082171175
4.1887902047863905 0.8296710144686038
4.29350995990605 1.0635583986054906
4.39822971502571 1.0825782457178412
4.50294947014537 0.8375936076098328
4.607669225265029 0.7738449391227832
4.71238898038469 1.0164822181095297
4.817108735504349 0.936676435350898
4.921828490624009 0.8940590693353584
5.026548245743669 1.0626977504676132
5.1312680008633285 1.0157830721740024
5.235987755982988 1.0409081519399486
5.340707511102648 0.9128896623982872
5.445427266222308 0.8236899045674022
5.550147021341967 1.1531008734337642
5.654866776461628 0.9346174383580679
5.759586531581287 0.9883817098545074
5.864306286700947 0.9116164090864787
5.969026041820607 0.8942104413051163
6.073745796940266 0.9134110387310688
6.178465552059926 0.9269763850181281
6.283185307179586 1.0897093036285375
6.387905062299246 1.0496882671394694
6.492624817418905 1.0004954655725076
6.5973445725385655 0.898327457320075
6.702064327658225 0.9532510442077053
6.8067840827778845 0.9715893151015439
6.911503837897545 0.9955672193068953
7.016223593017204 0.9211588107307069
7.120943348136864 0.8943231929705483
7.225663103256524 1.1283396230341716
7.330382858376184 1.0245896873561695
7.435102613495843 0.9581606360106915
7.5398223686155035 1.030042721357117
7.644542123735163 0.9816751360957339
7.749261878854822 1.0242317678933892
7.853981633974483 1.0760740458253226
7.958701389094142 0.9333804584890906
8.063421144213802 0.8840735264767319
8.168140899333462 1.0810344657020645
8.27286065445312 1.1661799154914294
8.377580409572781 1.0589501941320603
8.482300164692441 1.008956859234291
8.5870199198121 1.167123746077497
8.69173967493176 1.0766253192813717
8.79645943005142 0.9509984219197588
8.90117918517108 1.0848869198199924
9.00589894029074 0.9825598931261301
9.1106186954104 0.9958561508947213
9.215338450530059 0.9753477374243978
9.320058205649719 0.9712372307301378
9.42477796076938 1.0503873124797551
9.529497715889038 1.039624070946755
9.634217471008698 1.0816201874883487
9.738937226128359 1.0158605776821277
9.843656981248017 0.9973622219986088
9.948376736367678 1.0580004013148228
10.053096491487338 0.9610813121845646
10.157816246606997 0.887561582578701
10.262536001726657 0.9989049687495893
10.367255756846317 0.9708905120840937
