# k  S_n(k)
0.0 80.0
0.07853981633974483 0.6509949708392401
0.15707963267948966 0.6115300840679855
0.23561944901923448 0.33999641903477906
0.3141592653589793 0.35244598124424964
0.39269908169872414 0.18339715484740046
0.47123889803846897 0.44036747498820655
0.5497787143782138 0.432465208166379
0.6283185307179586 0.20881274938641525
0.7068583470577035 0.6433770057869896
0.7853981633974483 0.3065619623904489
0.8639379797371931 1.7727658693561459
0.9424777960769379 1.8329781727726613
1.0210176124166828 0.8181528931575768
1.0995574287564276 1.4712052217607317
1.1780972450961724 1.8379858805166873
1.2566370614359172 2.102642806955429
1.335176877775662 0.6720598307586795
1.413716694115407 0.8681792784046769
1.4922565104551517 1.8603868296807307
1.5707963267948966 0.5278507378502975
1.6493361431346414 0.8032821579849126
1.7278759594743862 1.090921524365687
1.806415775814131 0.8074476798063901
1.8849555921538759 0.6313497489836861
1.9634954084936207 1.3417558859301986
2.0420352248333655 0.6777687052497711
2.1205750411731104 0.7901485339051776
2.199114857512855 1.0909286201707713
2.2776546738526 0.583722768870084
2.356194490192345 0.7811724549032588
2.4347343065320897 0.8130218644086671
2.5132741228718345 0.882698784234197
2.5918139392115793 0.6223629725838076
2.670353755551324 1.1555184228830235
2.748893571891069 0.7985305823638945
2.827433388230814 0.8829241141938649
2.9059732045705586 1.0644434966417964
2.9845130209103035 1.0734947158391759
3.0630528372500483 1.0159999262130308
3.141592653589793 0.9690752983732536
3.220132469929538 0.6137406878922339
3.2986722862692828 1.5433312429477268
3.3772121026090276 0.871458858240924
3.4557519189487724 0.9687224526328893
3.5342917352885173 0.8564856374385326
3.612831551628262 0.8268202551277376
3.691371367968007 0.8405521575918351
3.7699111843077517 1.0464448245098623
3.8484510006474966 1.010786173107648
3.9269908169872414 1.2137931644011477
4.005530633326986 0.9692637884570314
4.084070449666731 0.880712428186454
4.162610266006476 1.1444426979661717
4.241150082346221 1.1042541597744429
4.319689898685965 1.0487308136698055
4.39822971502571 0.8613582220971787
4.476769531365456 1.0542076523531405
4.5553093477052 1.0044645514576758
4.633849164044944 0.8608776414643183
4.71238898038469 1.1120149903465362
4.790928796724435 0.951451852365758
4.869468613064179 1.0002258410031635
4.948008429403924 1.1689908115177845
5.026548245743669 0.9929973694289662
5.105088062083414 0.9180685591323212
5.183627878423159 0.835604609116497
5.262167694762903 1.0052450751928903
5.340707511102648 1.1015460809054207
5.419247327442394 0.8541950612634183
5.497787143782138 0.858272753991232
5.576326960121882 0.9450521892793297
5.654866776461628 0.8037971451921462
5.733406592801373 0.9773934319613947
5.811946409141117 1.124048389585033
5.890486225480862 0.9383277090491192
5.969026041820607 1.08702711428195
6.047565858160352 1.032539435379203
6.126105674500097 1.098134438571885
6.204645490839841 1.1979800518753267
6.283185307179586 1.0872810474361556
6.3617251235193315 0.8473333864904704
6.440264939859076 1.0245816078119572
6.51880475619882 1.1873665023609965
6.5973445725385655 1.1049361329605987
6.675884388878311 1.0429299912732373
6.754424205218055 0.9299848331110053
6.8329640215578 0.9521773697833736
6.911503837897545 0.9877021270677091
6.99004365423729 0.9582875926395058
7.0685834705770345 1.250450058385694
7.147123286916779 1.12370173446336
7.225663103256524 0.8617304570830933
7.304202919596269 1.0341639587946954
7.382742735936014 0.9252447372040855
7.461282552275758 0.9348818336556242
7.5398223686155035 1.1511739063286175
7.618362184955249 0.9851693529875266
7.696902001294993 1.0263169765383013
7.7754418176347375 1.1785615145847026
