0.075 0.0298960728851994
0.22499999999999998 0.02073429007271812
0.375 0.045810871759627156
0.525 0.06413595425511792
0.6749999999999999 -0.012640768863944829
0.825 -0.02634590058938248
0.975 -0.04545996719844938
1.125 -0.0533264283473986
1.275 -0.08658269799623522
1.425 -0.05462035035625132
1.575 -0.06484651844320509
1.7249999999999999 -0.05407846985343364
1.875 -0.05742188119282781
2.025 -0.07036983738667434
2.175 -0.07388499298737727
2.3249999999999997 -0.07436441526204107
2.475 -0.07966416404294825
2.625 -0.09329574625572862
2.775 -0.0979926128151598
2.925 -0.08811730094551862
3.0749999999999997 -0.0995831860371433
3.225 -0.09387099976834232
3.375 -0.09637397652563223
3.525 -0.08539305497255076
3.675 -0.06682374172849409
3.8249999999999997 -0.10778728252920869
3.9749999999999996 -0.1303605157263694
4.125 -0.15860109472276773
4.2749999999999995 -0.16235010060362173
4.425 -0.10979735224278697
4.575 -0.13059733197382956
4.725 -0.12586850121504603
4.875 -0.05368039822057583
5.0249999999999995 -0.04011572000361625
5.175 -0.0056713257442076144
5.325 0.01748843146641136
5.475 -0.009233283827215793
5.625 0.03860113753300521
5.7749999999999995 0.016409143149023114
5.925 0.02509935849865598
6.075 0.021666361350275616
6.225 0.034913271978089765
6.375 0.050366226332724306
6.5249999999999995 0.034975935463654115
6.675 -0.008982474411338747
6.825 -0.022279328368271192
6.975 -0.008578401364708572
7.125 -0.024457047109621707
7.2749999999999995 -0.06759738373234295
7.425 -0.05177211426306119
7.574999999999999 -0.05221700841123548
7.725 -0.04585155990587148
7.875 -0.03959395199179931
8.025 -0.03844443208984266
8.174999999999999 -0.08200558836861584
8.325 -0.1135148373402996
8.475 -0.1344767277076118
8.625 -0.10390058681394546
8.775 -0.09451823802621069
8.924999999999999 -0.13599147328133326
9.075 -0.1160610252182149
9.225 -0.13843588096181975
9.375 -0.1497094647446642
9.525 -0.15410743848832562
9.674999999999999 -0.18093971390570288
9.825 -0.10698663670291746
9.975 -0.10403264195851751
10.125 -0.09062644255573357
10.275 -0.11471954517090757
10.424999999999999 -0.09732206609221299
10.575 -0.07186652065037702
10.725 -0.06673554157615041
10.875 -0.038475001050081906
11.025 -0.011283923743987642
11.174999999999999 0.011819476774484939
11.325 0.013637585411744734
11.475 0.047570902110761884
11.625 -0.006866453302298516
11.775 0.005948543632421028
11.924999999999999 0.012788603119791317
12.075 -0.010221671152508544
12.225 -0.03583003643353674
12.375 -0.035246438821553136
12.525 0.037497885168494394
12.674999999999999 0.017130771942192455
12.825 0.06477076371497514
12.975 0.07546634289408537
13.125 0.09826695882686444
13.275 0.09122777346422614
13.424999999999999 0.08095061867447585
13.575 0.09548386031263677
13.725 0.10267514202986637
13.875 0.13033009103271462
14.025 0.1116975563175485
14.174999999999999 0.11932833154698107
14.325 0.0962305536030352
14.475 0.10061701894828994
14.625 0.05593873751016234
14.774999999999999 0.0320264253913543
14.924999999999999 0.027615020125337546
