# k  S_n(k)
0.0 80.0
0.07853981633974483 0.6382213691628618
0.15707963267948966 0.6048952698581376
0.23561944901923448 0.3157510649194698
0.3141592653589793 0.35635513035786825
0.39269908169872414 0.1960380798701511
0.47123889803846897 0.4250725931138631
0.5497787143782138 0.44871746254656014
0.6283185307179586 0.22333163443168363
0.7068583470577035 0.604990213190595
0.7853981633974483 0.30042109204545103
0.8639379797371931 1.9504597602506581
0.9424777960769379 1.9778686126622214
1.0210176124166828 0.9019064129080632
1.0995574287564276 1.4804294714228377
1.1780972450961724 1.8520959251021782
1.2566370614359172 2.060036259585739
1.335176877775662 0.6528359749706859
1.413716694115407 0.8491050815790325
1.4922565104551517 2.0182506300369814
1.5707963267948966 0.5277632574256625
1.6493361431346414 0.7799669243948416
1.7278759594743862 1.119459049704953
1.806415775814131 0.8885556051109649
1.8849555921538759 0.639144554273355
1.9634954084936207 1.2905445432852791
2.0420352248333655 0.6900005837701174
2.1205750411731104 0.8115424393214626
2.199114857512855 1.0915641440915265
2.2776546738526 0.6572300266423637
2.356194490192345 0.7901108846260262
2.4347343065320897 0.7419218240479781
2.5132741228718345 0.9313760567527443
2.5918139392115793 0.708521611593991
2.670353755551324 1.1611821749072389
2.748893571891069 0.8918944837696237
2.827433388230814 0.7969875810967963
2.9059732045705586 1.0512367941825638
2.9845130209103035 1.1194273296978456
3.0630528372500483 1.069459541897611
3.141592653589793 0.9951302177578666
3.220132469929538 0.5947763037050326
3.2986722862692828 1.4909188049571875
3.3772121026090276 0.8017346628134439
3.4557519189487724 1.0389147584638725
3.5342917352885173 0.8240766551664004
3.612831551628262 0.8261490822899936
3.691371367968007 0.8267679120840089
3.7699111843077517 1.0352091189585912
3.8484510006474966 1.0072168762565064
3.9269908169872414 1.2491798210223182
4.005530633326986 0.8875706953198155
4.084070449666731 0.9060475632650935
4.162610266006476 1.1651170707862688
4.241150082346221 1.052097173305264
4.319689898685965 1.0961210238930452
4.39822971502571 0.8767810774495937
4.476769531365456 1.119823635295046
4.5553093477052 0.8543864231355704
4.633849164044944 0.9324168425782342
4.71238898038469 1.0825154366127385
4.790928796724435 0.87654489824932
4.869468613064179 1.0509648365663018
4.948008429403924 1.2285597422463046
5.026548245743669 0.9655353578262768
5.105088062083414 0.9822779933224497
5.183627878423159 0.9484121223300063
5.262167694762903 0.9957355337640639
5.340707511102648 1.162601629253969
5.419247327442394 0.8154132207388785
5.497787143782138 0.9161537006684204
5.576326960121882 1.0311096783363145
5.654866776461628 0.8807481073001094
5.733406592801373 0.88599855975073
5.811946409141117 0.9768257565063487
5.890486225480862 0.8471420425472046
5.969026041820607 1.085175937505809
6.047565858160352 1.0123736348336065
6.126105674500097 0.9799336411569486
6.204645490839841 1.178801966482544
6.283185307179586 1.0554957201452262
6.3617251235193315 0.9528503965928803
6.440264939859076 1.0325393883774372
6.51880475619882 1.1537120482757255
6.5973445725385655 1.0072920588217815
6.675884388878311 0.9384869467894429
6.754424205218055 0.9007631592282914
6.8329640215578 0.9642425483149067
6.911503837897545 0.939963311756843
6.99004365423729 0.9360591270564991
7.0685834705770345 1.0862371537651603
7.147123286916779 1.1167644598951472
7.225663103256524 0.946338564676941
7.304202919596269 1.0232062939027409
7.382742735936014 0.9243606596476152
7.461282552275758 1.0484350887020906
7.5398223686155035 1.1077871945231035
7.618362184955249 1.0731516911159715
7.696902001294993 1.0185318560933594
7.7754418176347375 1.0622662290104383
