# k values and corresponding S(k) [pure estimator]
0.0 0.8972575388793661
0.6283185307179586 1.0015948194652144
1.2566370614359172 0.9967865187380119
1.8849555921538759 1.000583074039734
2.5132741228718345 1.0017463858393625
3.141592653589793 1.0009139928022048
3.7699111843077517 1.0041459803831023
4.39822971502571 1.0015239764463595
5.026548245743669 0.9998029511964758
5.654866776461628 0.9969986639796689
6.283185307179586 0.997552095456697
6.911503837897545 1.0028020629930172
7.5398223686155035 1.001066291744957
8.168140899333462 1.0019780515655645
8.79645943005142 0.9984296026734529
9.42477796076938 1.002843154061626
10.053096491487338 0.9980240935556053
10.681415022205297 0.9951673663390922
11.309733552923255 1.0032119809455666
11.938052083641214 0.9994298621880562
12.566370614359172 1.0004300760805052
13.194689145077131 0.9983081803765483
13.82300767579509 1.0016925308943785
14.451326206513048 0.9952347255888848
15.079644737231007 0.9989995447534817
15.707963267948966 1.0010921975029854
16.336281798666924 1.0006518798097699
16.964600329384883 0.9950416095827872
17.59291886010284 0.9962023622199105
18.2212373908208 0.9999712767587653
18.84955592153876 0.9957790395515513
19.477874452256717 0.9998600840527458
20.106192982974676 1.00057137065823
20.734511513692635 0.9989488571179895
21.362830044410593 0.9999763165381679
21.991148575128552 1.001880492552953
22.61946710584651 1.002294532487488
23.24778563656447 1.000128316300578
23.876104167282428 0.9998538843971612
24.504422698000386 1.0040048939795225
25.132741228718345 0.9984439485123231
25.761059759436304 1.001946255444291
26.389378290154262 1.0017825696717049
27.01769682087222 0.9976974245685469
27.64601535159018 1.0023024071196147
28.274333882308138 1.002597101896548
28.902652413026097 0.998936967434702
29.530970943744055 1.0001387844846903
30.159289474462014 0.9995758763513689
30.787608005179973 0.9993760365587282
31.41592653589793 0.9999178320727662
32.044245066615886 1.0028875037281713
32.67256359733385 0.999010182866533
33.30088212805181 1.0078112100295127
33.929200658769766 0.9980703240962272
34.55751918948772 1.0022045194264773
35.18583772020568 1.0047091188446267
35.814156250923645 0.9990729974201517
36.4424747816416 0.992036614472322
37.070793312359555 0.9971232465321632
37.69911184307752 1.000138682901241
38.32743037379548 0.9964896354722904
38.955748904513435 1.0035681184794552
39.58406743523139 1.0004285446825283
40.21238596594935 0.9985644753813242
40.840704496667314 1.0025079381352011
41.46902302738527 1.0013424450662676
42.097341558103224 1.0012014132206175
42.725660088821186 1.003151218092307
43.35397861953915 0.9994228209156457
43.982297150257104 0.9995422190939987
44.61061568097506 1.0043994036683197
45.23893421169302 1.0035157812803321
45.86725274241098 1.0031000467480589
46.49557127312894 0.9999663306351286
