# r  Cs(r) [pure estimator]
0.15 0.00020147314118347087
0.44999999999999996 0.00019866418726596633
0.75 0.00019752476115307948
1.05 0.0002011836218161687
1.3499999999999999 0.00019902167990978008
1.65 0.00019992800641058546
1.95 0.00019965398366670573
2.25 0.00019602998358741444
2.55 0.00019754186577573883
2.85 0.00019782838038840813
3.15 0.00019550760801496792
3.4499999999999997 0.00019570459540292184
3.75 0.00019489454884432126
4.05 0.000197434566125775
4.35 0.00019815867417150528
4.6499999999999995 0.00019764039786975622
4.95 0.00019693145936385616
5.25 0.0001933624578827636
5.55 0.00019087803959978627
5.85 0.00019273578026592856
6.1499999999999995 0.0001905364966002473
6.45 0.00019740786782170336
6.75 0.00019364189476063756
7.05 0.00019260340912158748
7.35 0.00019292971649961785
7.6499999999999995 0.00019332005710061457
7.949999999999999 0.00018982521062351526
8.25 0.00019197531579698718
8.549999999999999 0.0001938342686312835
8.85 0.00018781115855659772
9.15 0.00019098210108717086
9.45 0.00019389302622887448
9.75 0.00018890312841486907
10.049999999999999 0.00019229017546279546
10.35 0.00018940733705876618
10.65 0.00018336540748971062
10.95 0.00018900295847113483
11.25 0.0001886099788036118
11.549999999999999 0.0001863412341584723
11.85 0.00019029091791504773
12.15 0.00019112932465242298
12.45 0.00019389883186551787
12.75 0.00019163089135879134
13.049999999999999 0.00018451614816076807
13.35 0.00018921549460137031
13.65 0.00018992979636027864
13.95 0.00019353319396832642
14.25 0.00018844208687081386
14.549999999999999 0.0001821218725340643
14.85 0.00018784669930278606
15.149999999999999 0.00018652067899594844
15.45 0.00018822552383381002
15.75 0.000182971299765407
16.05 0.0001822676727754839
16.349999999999998 0.0001880070988775204
16.65 0.00018502475798279637
16.95 0.00018350628627901658
17.25 0.00018608791605416285
17.55 0.00018687308147468764
17.849999999999998 0.00018683199818708807
18.15 0.00018828477068903092
18.45 0.00018562903189858136
18.75 0.0001821359261490454
19.05 0.00018880295928388148
19.349999999999998 0.0001838704188569329
19.65 0.00018723013164467594
19.95 0.0001892438406353224
20.25 0.0001851488194721114
20.55 0.0001867532359372291
20.849999999999998 0.00018739956735404868
21.15 0.00018249521649139124
21.45 0.00018549385287164183
21.75 0.00018511624497056175
22.05 0.00018260028900580984
22.349999999999998 0.00018695716131446468
22.65 0.00018541384553430235
22.95 0.0001826886684594306
23.25 0.00018451547532691713
23.55 0.00018479094825344216
23.849999999999998 0.00018568740071690185
24.15 0.00018446458177813713
24.45 0.0001793395954541487
24.75 0.00018636486483207624
25.05 0.00018488431909558002
25.349999999999998 0.00018376001577883493
25.65 0.00018540034161181398
25.95 0.0001860578950307293
26.25 0.00018174992610884037
26.55 0.0001852830811979176
26.849999999999998 0.00018343680340107975
27.15 0.00018729203853789118
27.45 0.00018332478880703912
27.75 0.00018306750096183357
28.05 0.00018228208296728306
28.349999999999998 0.00018504860013223974
28.65 0.0001837426819410881
28.95 0.00018128749925032508
29.25 0.00018920388981537656
29.549999999999997 0.0001818503966859003
29.849999999999998 0.00018390941756302835
