block_size         error    difference      rel_diff
-------------------------------------------------------
       2  5.359560e-08  2.218816e-08  4.139922e-01
       4  7.578376e-08  3.136113e-08  4.138238e-01
       8  1.071449e-07  4.430128e-08  4.134707e-01
      16  1.514462e-07  6.251390e-08  4.127797e-01
      32  2.139601e-07  8.803691e-08  4.114642e-01
      64  3.019970e-07  1.234986e-07  4.089398e-01
     128  4.254956e-07  1.720120e-07  4.042628e-01
     256  5.975076e-07  2.364254e-07  3.956860e-01
     512  8.339330e-07  3.172509e-07  3.804273e-01
    1024  1.151184e-06  4.086089e-07  3.549467e-01
    2048  1.559793e-06  4.922320e-07  3.155753e-01
    4096  2.052025e-06  5.735081e-07  2.794840e-01
    8192  2.625533e-06  7.023958e-07  2.675250e-01
   16384  3.327929e-06  6.711596e-07  2.016749e-01
   32768  3.999088e-06  1.054221e-06  2.636154e-01
   65536  5.053310e-06  1.385916e-06  2.742590e-01
  131072  6.439226e-06           ---           ---
