# k values and corresponding S(k) [pure estimator]
0.0 1.3515667479327926
0.6283185307179586 0.9820648897741768
1.2566370614359172 0.973805945586772
1.8849555921538759 0.966430930957026
2.5132741228718345 0.9681503752022921
3.141592653589793 0.9696586440794889
3.7699111843077517 0.97459173852359
4.39822971502571 0.9667327159031373
5.026548245743669 0.9866911815957274
5.654866776461628 0.9727715238191642
6.283185307179586 0.9708263926769696
6.911503837897545 0.9673842554607652
7.5398223686155035 0.9741889122357911
8.168140899333462 0.9790912002673827
8.79645943005142 0.9629019142148157
9.42477796076938 0.9739241936903164
10.053096491487338 0.9696264748318874
10.681415022205297 0.9701248056665044
11.309733552923255 0.9714437160826205
11.938052083641214 0.9665497870982479
12.566370614359172 0.9709172146429578
13.194689145077131 0.9693937071746088
13.82300767579509 0.9713505619628507
14.451326206513048 0.9696010554505564
15.079644737231007 0.9755425708605518
15.707963267948966 0.9693751641839718
16.336281798666924 0.9646536925091836
16.964600329384883 0.9686120755374041
17.59291886010284 0.9683415993048751
18.2212373908208 0.9708193429868281
18.84955592153876 0.968221938518878
19.477874452256717 0.9707181710688814
20.106192982974676 0.9667170410180542
20.734511513692635 0.9715198594359619
21.362830044410593 0.9698499093238941
21.991148575128552 0.9698307140490947
22.61946710584651 0.9695768572538602
23.24778563656447 0.9773570285453106
23.876104167282428 0.9712589854858732
24.504422698000386 0.9679221492680464
25.132741228718345 0.9737125665382517
25.761059759436304 0.9698305104009655
26.389378290154262 0.9673655201488768
27.01769682087222 0.9727960754590081
27.64601535159018 0.9713845383338005
28.274333882308138 0.9623375200620006
28.902652413026097 0.9743175422002728
29.530970943744055 0.9705320588175854
30.159289474462014 0.9691876141469198
30.787608005179973 0.973948987486607
31.41592653589793 0.9669375969974349
32.044245066615886 0.977708710384408
32.67256359733385 0.9637187460159438
33.30088212805181 0.9722208683212997
33.929200658769766 0.9738101634589083
34.55751918948772 0.9714491005473769
35.18583772020568 0.9717666759509298
35.814156250923645 0.9735457286685228
36.4424747816416 0.970449054612975
37.070793312359555 0.9681079537839988
37.69911184307752 0.970567400151763
38.32743037379548 0.9669588191954996
38.955748904513435 0.9679091459192785
39.58406743523139 0.9719908859062596
40.21238596594935 0.9747858877092305
40.840704496667314 0.9680087999315414
41.46902302738527 0.9720974987546014
42.097341558103224 0.9701269467200504
42.725660088821186 0.9708580463182912
43.35397861953915 0.9697625372346897
43.982297150257104 0.9716257566966294
44.61061568097506 0.9679508274500631
45.23893421169302 0.9706175714474262
45.86725274241098 0.9702517988849109
46.49557127312894 0.9708755953351828
