# r  Cs(r) [pure estimator]
0.025 -9.763959909740524e-6
0.07500000000000001 4.039724656135636e-6
0.125 -6.072690433319782e-6
0.17500000000000002 -2.3603182220086756e-6
0.225 -9.068715562434628e-6
0.275 -1.1657004959996756e-5
0.325 -5.630716853263336e-6
0.375 -9.309023937874537e-6
0.42500000000000004 -6.038639267222416e-6
0.47500000000000003 3.659762664896852e-7
0.525 -1.3453187009827083e-6
0.5750000000000001 -7.328193409680971e-6
0.625 1.2625309419040847e-6
0.675 -6.804861845302674e-6
0.7250000000000001 -9.04548867875118e-6
0.775 -5.045945464339536e-6
0.8250000000000001 -8.810176464164562e-6
0.875 -5.394942829869478e-6
0.925 1.7725319234228063e-6
0.9750000000000001 -4.271506366657209e-6
1.0250000000000001 5.404349057181284e-7
1.075 -4.564025013922766e-6
1.125 -8.032748814419973e-6
1.175 -7.349285065290928e-6
1.225 -1.498217916535697e-5
1.2750000000000001 -1.2559913278185094e-5
1.3250000000000002 -2.1706238755472163e-7
1.375 -2.9604809774835052e-6
1.425 -6.922266671145844e-6
1.475 -3.4180736508768856e-6
1.5250000000000001 -3.108640596644278e-7
1.5750000000000002 -7.839692099849454e-6
1.625 -1.2891478512579452e-5
1.675 -1.1705286767035062e-5
1.725 -1.0523800152072481e-5
1.7750000000000001 -8.097583048965961e-7
1.8250000000000002 -1.4515903719640325e-6
1.875 -1.4082000444533174e-5
1.925 -1.2121896475273079e-5
1.975 -3.2590555163262405e-6
2.025 1.8363855114537263e-6
2.075 -4.972596719434905e-6
2.125 1.98388492513285e-6
2.1750000000000003 -5.528951222515453e-6
2.225 -4.240192182363827e-6
2.275 -5.4709825496946686e-6
2.325 -8.069185404685003e-6
2.375 -7.642994484575094e-6
2.4250000000000003 -9.263971511380057e-6
2.475 -4.735537920061735e-6
2.5250000000000004 -5.219947079319775e-6
2.575 -5.4183223010252405e-6
2.625 -8.007536020455752e-6
2.6750000000000003 -2.6842112725918565e-6
2.725 -3.5677411864566476e-6
2.7750000000000004 -1.1135483148378584e-5
2.825 -6.68859760259205e-6
2.875 -5.899662136192312e-6
2.9250000000000003 -5.033901504142238e-6
2.975 -2.1598545636297206e-6
3.0250000000000004 -3.488356435870884e-6
3.075 -7.764712717858639e-6
3.125 -1.3212891674656664e-5
3.1750000000000003 -4.690343670909372e-6
3.225 -1.0382187839354055e-5
3.2750000000000004 -8.286592698011496e-6
3.325 -1.263105833321327e-5
3.375 -1.6516247451605403e-6
3.4250000000000003 -5.280135899054606e-6
3.475 -5.586294992596821e-6
3.5250000000000004 -1.3429054645179762e-5
3.575 -6.884270326352101e-6
3.625 -8.865123198069919e-6
3.6750000000000003 -5.7829446503663715e-6
3.725 -3.4150755426092803e-6
3.7750000000000004 -1.0580308004981734e-5
3.825 -4.970610957829234e-7
3.875 -3.443272807527969e-6
3.9250000000000003 9.077798527596961e-7
3.975 -4.85926342941081e-6
4.025 -6.35032738458237e-6
4.075 -6.509498816779836e-6
4.125 -4.10884691603242e-6
4.175 -4.496694126026392e-6
4.2250000000000005 -2.5528582344776215e-7
4.275 -1.3740286630288127e-5
4.325 -5.505539463511008e-6
4.375 -8.859306930345918e-6
4.425 -7.602023152917603e-6
4.4750000000000005 -2.1018106594347627e-6
4.525 5.426002032095037e-6
4.575 -4.352518441243468e-6
4.625 -1.7111028039699102e-5
4.675 -1.006978272631332e-5
4.7250000000000005 -1.342668613024839e-5
4.775 -7.172211921968162e-6
4.825 -4.210863484783862e-6
4.875 -7.767020712568923e-6
4.925000000000001 -6.362618294520199e-6
4.9750000000000005 3.0557963903809402e-6
