# k values and corresponding S(k) [pure estimator]
0.0 0.9469265077919717
0.6283185307179586 1.0018271770992009
1.2566370614359172 1.0017462060848699
1.8849555921538759 0.9999910040245075
2.5132741228718345 1.0004845886641291
3.141592653589793 1.0021438046835
3.7699111843077517 0.9956289069358288
4.39822971502571 0.998121716737561
5.026548245743669 1.0009511746210569
5.654866776461628 0.9981603362843952
6.283185307179586 1.0041746379792766
6.911503837897545 0.9986393772786104
7.5398223686155035 0.9989010117234427
8.168140899333462 1.0008259762760698
8.79645943005142 1.003873403931805
9.42477796076938 1.0009657590131142
10.053096491487338 0.9998953592506744
10.681415022205297 0.9950279187955033
11.309733552923255 1.004879169499918
11.938052083641214 0.9994066504181129
12.566370614359172 1.0083899024774363
13.194689145077131 1.0019219043498204
13.82300767579509 1.0031903689092807
14.451326206513048 1.0000470056118589
15.079644737231007 1.0007263340033392
15.707963267948966 0.9913968857375555
16.336281798666924 0.9961735521113871
16.964600329384883 1.0010566506025402
17.59291886010284 1.0001395379884337
18.2212373908208 1.0052093927575603
18.84955592153876 0.9964778509696288
19.477874452256717 0.9994130457807382
20.106192982974676 0.9947911503489355
20.734511513692635 1.0036046564829917
21.362830044410593 0.9993558323765909
21.991148575128552 0.9979758281252361
22.61946710584651 0.9975211262530255
23.24778563656447 0.996989531451542
23.876104167282428 1.0032434401400243
24.504422698000386 0.99712850563973
25.132741228718345 1.0021730379237421
25.761059759436304 0.9995193127125335
26.389378290154262 0.9961550905713552
27.01769682087222 0.9983894251288211
27.64601535159018 1.0068283345658118
28.274333882308138 1.0001525648328293
28.902652413026097 1.0008972382526395
29.530970943744055 0.9982693480911543
30.159289474462014 0.9958402584074793
30.787608005179973 0.9974492798854497
31.41592653589793 0.9979998000649388
32.044245066615886 1.0003907418556772
32.67256359733385 0.9982950645383383
33.30088212805181 1.0004478756719797
33.929200658769766 0.9964873155311462
34.55751918948772 1.0016663880466377
35.18583772020568 0.9995948313494676
35.814156250923645 0.9961039883947521
36.4424747816416 0.9955225448935667
37.070793312359555 1.0003207934102762
37.69911184307752 1.0044125878738515
38.32743037379548 0.9978712755976085
38.955748904513435 1.001921164287926
39.58406743523139 0.9970286704157801
40.21238596594935 1.0005751494846855
40.840704496667314 0.9995606386707221
41.46902302738527 1.0018144270023803
42.097341558103224 1.0007663313028383
42.725660088821186 0.9981759554359794
43.35397861953915 0.996425140667462
43.982297150257104 0.9967520907526374
44.61061568097506 0.998000459886888
45.23893421169302 0.9985477835865502
45.86725274241098 0.9998985431956414
46.49557127312894 0.9994479145362084
