# k  S_s(k)
0.0 0.0
0.20943951023931953 0.4623038025393832
0.41887902047863906 1.7692751749648574
0.6283185307179586 0.3991768517734661
0.8377580409572781 1.3539681201082705
1.0471975511965976 1.659118996884566
1.2566370614359172 0.7694410765439326
1.4660765716752366 0.7828413688149286
1.6755160819145563 1.0607954153926153
1.8849555921538759 1.0395816149175698
2.0943951023931953 0.9427812960939671
2.3038346126325147 1.1554323283665118
2.5132741228718345 0.8472217343157606
2.722713633111154 1.0552153833159317
2.9321531433504733 0.9000739803919349
3.141592653589793 0.9014413331544517
3.3510321638291125 1.117239009561282
3.560471674068432 0.9609817172512868
3.7699111843077517 1.1176011341147412
3.979350694547071 1.0187593382848046
4.1887902047863905 0.8450101100616453
4.39822971502571 1.095587462432429
4.607669225265029 0.8556897821263587
4.817108735504349 0.9561989619096465
5.026548245743669 1.0632344737981834
5.235987755982988 0.9984208745009583
5.445427266222308 0.8870649874296502
5.654866776461628 0.9990482368167835
5.864306286700947 0.9045987757047045
6.073745796940266 0.9526263721441751
6.283185307179586 0.9887738085550714
6.492624817418905 0.9679834698914611
6.702064327658225 0.9493782349489772
6.911503837897545 1.01500104211552
7.120943348136864 1.1388883624857353
7.330382858376184 0.9938537411450489
7.5398223686155035 0.9863996019488288
7.749261878854822 0.884810236217342
7.958701389094142 0.9984869719951791
8.168140899333462 0.9861190420028461
8.377580409572781 0.9544979877712776
8.5870199198121 1.1262145544102888
8.79645943005142 1.0120123216709374
9.00589894029074 0.9366050038488205
9.215338450530059 0.9965214979214945
9.42477796076938 1.0193382126812915
9.634217471008698 0.9859021520830471
9.843656981248017 0.9213544820310933
10.053096491487338 0.976323340348863
10.262536001726657 0.9615745400506494
10.471975511965976 0.9748382541347725
10.681415022205297 1.0144159607438097
10.890854532444616 0.9391280710886354
11.100294042683934 1.0943850832183577
11.309733552923255 0.9554740577793247
11.519173063162574 1.0736473224265184
11.728612573401893 1.070191230190086
11.938052083641214 0.9358133374995375
12.147491593880533 1.0378048684816172
12.356931104119852 0.9438722102484834
12.566370614359172 0.9876096632200863
12.775810124598491 1.0061065539105787
12.98524963483781 1.0325769751638434
13.194689145077131 1.0201469782203223
13.40412865531645 0.9922318007061737
13.613568165555769 1.0382573160831405
13.82300767579509 1.0262775164697429
14.032447186034409 0.9895917607350024
14.241886696273728 0.9811916521344264
14.451326206513048 1.0467233639321882
14.660765716752367 0.9759204327074913
14.870205226991686 0.9762411292556237
15.079644737231007 1.039891731378903
15.289084247470326 1.0047803840351326
15.498523757709645 0.9646566132006803
15.707963267948966 0.966731102365597
15.917402778188285 1.0361906759659052
16.126842288427603 0.9666560751439599
16.336281798666924 1.0166107422388586
16.54572130890624 1.0001400292076594
16.755160819145562 0.964115079448633
16.964600329384883 1.0054464968500962
17.1740398396242 1.0168470259754796
17.38347934986352 0.9702206465327934
17.59291886010284 1.0084936754105767
17.80235837034216 1.0038372924316048
18.01179788058148 0.9417944457389784
18.2212373908208 1.0558323503195364
18.430676901060117 0.980652264989054
18.640116411299438 0.9719180116447721
18.84955592153876 1.0323675569386217
19.058995431778076 1.0303440710934053
19.268434942017397 0.9722611775124009
19.477874452256717 0.995953757054335
19.687313962496034 1.0224850367925227
19.896753472735355 0.998455218474109
20.106192982974676 0.9605377354308393
20.315632493213993 1.0018975388461784
20.525072003453314 1.0002190215747666
20.734511513692635 1.0111482327632595
