# k  S_s(k)
0.0 0.0
0.10471975511965977 1.0790062733383807
0.20943951023931953 1.0204204155037953
0.3141592653589793 3.3538344427240427
0.41887902047863906 3.4476143434775786
0.5235987755982988 0.42759715225730116
0.6283185307179586 1.5369008595090412
0.7330382858376183 0.19155284241820814
0.8377580409572781 0.3066319580145123
0.9424777960769379 0.6796836236344611
1.0471975511965976 0.7251717151796276
1.1519173063162573 0.4932634627276432
1.2566370614359172 0.7364691661023481
1.361356816555577 0.9642855194123748
1.4660765716752366 0.9970866768941361
1.5707963267948966 0.8972181219524729
1.6755160819145563 1.5808317380962096
1.780235837034216 1.1489531487033904
1.8849555921538759 1.1561012935530661
1.9896753472735356 1.010521784652182
2.0943951023931953 1.4160091247688276
2.199114857512855 0.8346473344508542
2.3038346126325147 1.3636351317225177
2.4085543677521746 1.2293800852809185
2.5132741228718345 1.3601585435745382
2.617993877991494 1.2243742496482648
2.722713633111154 1.064703304661931
2.827433388230814 0.986815261304129
2.9321531433504733 1.3802071147654889
3.036872898470133 0.8491696946249423
3.141592653589793 0.984116048646964
3.2463124087094526 0.8947066945304415
3.3510321638291125 0.9394062427104878
3.4557519189487724 1.1271606921485386
3.560471674068432 0.9591319259713518
3.665191429188092 0.8988709004913917
3.7699111843077517 1.010523254959083
3.874630939427411 1.1621748782902532
3.979350694547071 1.0045536948312972
4.084070449666731 0.9248827301503532
4.1887902047863905 0.8517511530747734
4.29350995990605 1.0329800565671503
4.39822971502571 1.0764414053948663
4.50294947014537 0.8377445305320469
4.607669225265029 0.783562724118196
4.71238898038469 1.0124808984719844
4.817108735504349 0.9033068060216465
4.921828490624009 0.9714540344592911
5.026548245743669 1.0424520808017275
5.1312680008633285 1.008298853583579
5.235987755982988 1.052642987845664
5.340707511102648 0.9590879808971581
5.445427266222308 0.8244330759192747
5.550147021341967 1.1312320919962309
5.654866776461628 0.9809364785981632
5.759586531581287 0.9371591677104302
5.864306286700947 0.9214495466642084
5.969026041820607 0.8976852792038073
6.073745796940266 0.8780240344456993
6.178465552059926 0.9519932011175865
6.283185307179586 1.1265485901127792
6.387905062299246 1.0657022292590588
6.492624817418905 0.9605070052703389
6.5973445725385655 0.9118823947117201
6.702064327658225 0.9430978328571435
6.8067840827778845 0.9699234024963465
6.911503837897545 1.0052196642666062
7.016223593017204 0.925199343396807
7.120943348136864 0.8723530406521476
7.225663103256524 1.0768934986328582
7.330382858376184 1.0354497251376993
7.435102613495843 0.9997572494703625
7.5398223686155035 1.0047286603181287
7.644542123735163 0.9712459648876369
7.749261878854822 1.0538659168050906
7.853981633974483 1.1209836875818526
7.958701389094142 0.943408964089703
8.063421144213802 0.8600384170542393
8.168140899333462 1.0547976455823178
8.27286065445312 1.0885232038192707
8.377580409572781 1.0174808636392911
8.482300164692441 1.0065786371828889
8.5870199198121 1.1761016691775845
8.69173967493176 1.0323267233574875
8.79645943005142 0.9930153994323369
8.90117918517108 1.0819993143746498
9.00589894029074 0.9841973349361779
9.1106186954104 1.0053861439797773
9.215338450530059 0.9421766347612968
9.320058205649719 1.0012663683752787
9.42477796076938 1.0383667770610125
9.529497715889038 1.0280833428201808
9.634217471008698 1.0602310868332459
9.738937226128359 1.0181129304092706
9.843656981248017 0.9688005339789659
9.948376736367678 1.0077453966313878
10.053096491487338 0.9679523060108952
10.157816246606997 0.8683273118807265
10.262536001726657 1.02365997614834
10.367255756846317 0.9895842290782286
