0.2 -0.09657217423027094
0.6000000000000001 -0.08197269285365696
1.0 -0.06986690097593996
1.4000000000000001 -0.02969286359530262
1.8 -0.02449539856320077
2.2 -0.019280861195214365
2.6 -0.012865585886581368
3.0 -0.009941530403462061
3.4000000000000004 -0.02100713734204629
3.8000000000000003 0.009426930233812464
4.2 -0.009120622256480587
4.6000000000000005 -0.020297271827171982
5.0 -0.033732577648178365
5.4 -0.055352697342265486
5.800000000000001 -0.06884705806789213
6.2 -0.04406811263850238
6.6000000000000005 -0.03687014604924855
7.0 -0.05133274070929137
7.4 0.013446859275536864
7.800000000000001 0.05883370642856088
8.200000000000001 0.014099036775454422
8.6 0.03745653447094698
9.0 0.09057105194894573
9.4 0.0628597365678814
9.8 0.005727208183228589
10.200000000000001 -0.03395913563249991
10.600000000000001 0.0052041997752950995
11.0 0.0015304825616925082
11.4 0.010326170651827973
11.8 -0.034899790866986594
12.200000000000001 -0.04050658336372622
12.600000000000001 -0.035924863806178355
13.0 -0.04829202521548225
13.4 -0.07376152846266532
13.8 -0.014324732590585039
14.200000000000001 0.02941539183121428
14.600000000000001 0.03535230541457316
15.0 0.019718175626976833
15.4 -0.0004565305760832178
15.8 -0.01671200280926849
16.2 0.05209651927394222
16.6 0.0626539990127779
17.0 0.054037686001620004
17.400000000000002 0.048099605358234675
17.8 0.027166888154382618
18.2 -0.03858212152237622
18.6 -0.09800874233146491
19.0 -0.1337362876578361
19.400000000000002 -0.14333237255407635
19.8 -0.08996720034048969
20.200000000000003 -0.005100528143357505
20.6 0.04334367413652366
21.0 0.03153251936428011
21.400000000000002 0.05142981698036726
21.8 0.011742637017186735
22.200000000000003 0.011926969451835863
22.6 0.03663089518005726
23.0 0.10598767595480296
23.400000000000002 0.12492796969011219
23.8 0.10690331524648686
24.200000000000003 0.08267245838628898
24.6 0.05682103167128596
25.0 0.059422729587818864
25.400000000000002 0.003095036991850844
25.8 -0.004947555907381753
26.200000000000003 -0.04280251509836531
26.6 -0.0489471076232949
27.0 -0.05223578584933739
27.400000000000002 -0.03412650967947825
27.8 -0.02166023508198766
28.200000000000003 -0.0940493806367271
28.6 -0.11472004895673124
29.0 -0.11916308895171705
29.400000000000002 -0.08556105902768994
29.8 -0.0795074881428004
30.200000000000003 -0.07079306776126673
30.6 -0.045089598725041244
31.0 -0.002155179790369119
31.400000000000002 0.07373697555240918
31.8 0.11837373815896143
32.2 0.055649547023505545
32.6 -0.002587497137135218
33.0 0.006877398759118426
33.4 -0.038361742727088595
33.800000000000004 -0.04850385326454117
34.2 -0.06935202992261914
34.6 -0.03689505453775283
35.0 -0.05160434038560979
35.4 -0.0034312434748486474
35.800000000000004 -0.025652292737298445
36.2 -0.07100438558954973
36.6 -0.07376307019600956
37.0 -0.061495556867225874
37.4 -0.07966081758786984
37.800000000000004 -0.07085254598150036
38.2 0.009665272762022553
38.6 0.04649928720185138
39.0 0.05853637092963195
39.400000000000006 0.017536869423819344
39.800000000000004 -0.02327050625690348
