# P_value  count
-1.0 0.0
-0.9333333333333333 0.0
-0.8666666666666667 29.0
-0.8 144.0
-0.7333333333333333 299.0
-0.6666666666666666 434.0
-0.6 482.0
-0.5333333333333333 429.0
-0.4666666666666667 419.0
-0.4 287.0
-0.3333333333333333 335.0
-0.26666666666666666 411.0
-0.2 480.0
-0.13333333333333333 599.0
-0.06666666666666667 778.0
0.0 1876.0
0.06666666666666667 1079.0
0.13333333333333333 1321.0
0.2 2136.0
0.26666666666666666 3363.0
0.3333333333333333 5639.0
0.4 9172.0
0.4666666666666667 13940.0
0.5333333333333333 20150.0
0.6 27115.0
0.6666666666666666 32258.0
0.7333333333333333 33982.0
0.8 27604.0
0.8666666666666667 15880.0
0.9333333333333333 7916.0
1.0 1883.0
