# block  <P>
1 0.0
2 -0.14246666666666608
3 -0.22782222222222176
4 -0.39262959262959574
5 -0.4406817175741473
6 -0.3937555555555584
7 -0.43583583583583424
8 -0.48335555555555737
9 -0.5503555555555572
10 -0.5775777777777759
11 -0.5711555555555576
12 -0.585822222222226
13 -0.5492666666666679
14 -0.5775555555555559
15 -0.5792444444444399
16 -0.61706666666667
17 -0.6044666666666708
18 -0.5844666666666627
19 -0.6019111111111136
20 -0.6101333333333331
21 -0.5810666666666656
22 -0.5954045954045921
23 -0.5432888888888929
24 -0.5632222222222206
25 -0.5450561672783898
26 -0.5642135642135633
27 -0.5901777777777772
28 -0.5689111111111115
29 -0.5739111111111118
30 -0.5791569347124933
31 -0.5657111111111089
32 -0.5282444444444427
33 -0.5728444444444469
34 -0.568533333333334
35 -0.5498222222222219
36 -0.5691555555555529
37 -0.5505777777777814
38 -0.5839111111111079
39 -0.6065999999999987
40 -0.5762666666666649
41 -0.5882444444444418
42 -0.5700965700965717
43 -0.5640666666666675
44 -0.568177777777775
45 -0.5799555555555532
46 -0.5570444444444462
47 -0.5522222222222231
48 -0.5796444444444432
49 -0.5573333333333323
50 -0.5911777777777799
51 -0.5635555555555537
52 -0.5715493271048865
53 -0.595599999999998
54 -0.6078000000000017
55 -0.5823333333333353
56 -0.5590000000000013
57 -0.5668444444444463
58 -0.5676989676989634
59 -0.5981999999999983
60 -0.5997108219330425
61 -0.5979555555555534
62 -0.5729555555555552
63 -0.5175555555555545
64 -0.5299076854632437
65 -0.5409111111111102
66 -0.5541569541569568
67 -0.5612222222222237
68 -0.5451555555555584
69 -0.5518888888888922
70 -0.5323333333333337
71 -0.5827333333333321
72 -0.6059999999999982
73 -0.6020222222222198
74 -0.6251777777777787
75 -0.5708888888888913
76 -0.5672222222222216
77 -0.5818485151818469
78 -0.5900888888888844
79 -0.5996666666666651
80 -0.594088888888891
81 -0.5410955866045657
82 -0.5743111111111086
83 -0.5458000000000033
84 -0.588466666666666
85 -0.5494222222222221
86 -0.5896000000000011
87 -0.5742186631075468
88 -0.5783333333333318
89 -0.5878444444444463
90 -0.6198444444444431
91 -0.5787333333333348
92 -0.5590222222222233
93 -0.549822222222219
94 -0.493822222222223
95 -0.559000000000001
96 -0.577733333333332
97 -0.6045333333333291
98 -0.6090798090798061
99 -0.5892888888888869
100 -0.5924444444444467
101 -0.5873111111111093
102 -0.5809555555555528
103 -0.6101333333333354
104 -0.5456000000000013
105 -0.5774434414354146
106 -0.581155555555555
107 -0.5876666666666658
108 -0.5723999999999988
109 -0.5117777777777793
110 -0.551670551670553
111 -0.5683777777777825
112 -0.5838222222222211
113 -0.5777111111111094
114 -0.5310888888888899
115 -0.5617333333333349
116 -0.5622888888888896
117 -0.557888888888893
118 -0.5653111111111094
119 -0.5774444444444429
120 -0.5885111111111119
121 -0.5302858413969527
122 -0.5307333333333314
123 -0.5538632821197953
124 -0.5547333333333331
125 -0.5852741630519415
126 -0.581555555555555
127 -0.561777777777778
128 -0.5772000000000002
129 -0.5384940496051637
130 -0.5562000000000005
131 -0.5867021867021891
132 -0.5857777777777767
133 -0.570199999999999
134 -0.5615111111111107
135 -0.5643333333333355
136 -0.5711843711843669
137 -0.5838605838605861
138 -0.5431555555555587
139 -0.5736847959070168
140 -0.5947777777777791
141 -0.5818000000000034
142 -0.5857412968524063
143 -0.5757999999999989
144 -0.6031968031967991
145 -0.5505777777777787
146 -0.5547547547547536
147 -0.5641999999999997
148 -0.5611333333333303
149 -0.6046620046620071
150 -0.5872888888888887
151 -0.5893777777777799
152 -0.5939171939172002
153 -0.5987555555555548
154 -0.5847111111111087
155 -0.6091555555555542
156 -0.5483777777777757
157 -0.58395555555556
158 -0.5875083500334
159 -0.5011111111111094
160 -0.4387999999999987
161 -0.4845555555555574
162 -0.4500888888888885
163 -0.4665777777777783
164 -0.5027027027027038
165 -0.529333333333335
166 -0.5235999999999981
167 -0.5584666666666691
168 -0.5796444444444435
169 -0.569844444444445
170 -0.5360222222222246
171 -0.5753357753357744
172 -0.5557111111111102
173 -0.5787777777777793
174 -0.5499167499167474
175 -0.5490000000000005
176 -0.5299555555555575
177 -0.5311555555555566
178 -0.5768879991102204
179 -0.5775555555555528
180 -0.5809333333333303
181 -0.5509999999999985
182 -0.5463777777777774
183 -0.5647555555555521
184 -0.5902222222222239
185 -0.5772444444444431
186 -0.5749777777777795
187 -0.5872666666666632
188 -0.5461367178802046
189 -0.5679111111111099
190 -0.5530469530469496
191 -0.5754222222222235
192 -0.5951159951159977
193 -0.6173333333333311
194 -0.563911111111114
195 -0.5686222222222199
196 -0.5590222222222205
197 -0.5572222222222213
198 -0.6123555555555574
199 -0.5793555555555572
200 -0.5681333333333299
201 -0.5881333333333307
202 -0.586990786990782
203 -0.5976689976689972
204 -0.5828888888888913
205 -0.5840000000000011
206 -0.5755333333333339
207 -0.5599777777777766
208 -0.5911333333333317
